18 0.7849675760286224 0.6380530973451327 0.10619469026548671 0.0584070796460177
0 0.37978812611806795 0.2079646017699115 0.07787610619469026 0.09026548672566372
0 0.1763137298747764 0.37168141592920356 0.07787610619469026 0.0920353982300885
0 0.6230727303220036 0.3734513274336283 0.07610619469026549 0.08849557522123894
0 0.1763137298747764 0.2061946902654867 0.07787610619469026 0.09380530973451327
9 0.4116362924865832 0.684070796460177 0.03185840707964602 0.023008849557522124
8 0.1453502347942755 0.6053097345132743 0.10442477876106196 0.11327433628318584
2 0.5239895460644008 0.8389380530973451 0.07964601769911504 0.0920353982300885
0 0.37978812611806795 0.3734513274336283 0.07787610619469026 0.0920353982300885
2 0.17542905858676208 0.8380530973451329 0.07964601769911504 0.09380530973451327
10 0.2789355992844365 0.6070796460176991 0.035398230088495575 0.03893805309734513
10 0.8451252236135958 0.4504424778761062 0.035398230088495575 0.03716814159292035
2 0.6230727303220036 0.6876106194690266 0.07964601769911504 0.09380530973451327
2 0.4434844588550984 0.5247787610619469 0.07787610619469026 0.09026548672566372
0 0.6239574016100179 0.2061946902654867 0.07787610619469026 0.09026548672566372
2 0.6876537343470484 0.5238938053097345 0.07787610619469026 0.0920353982300885
2 0.37890345483005367 0.6044247787610619 0.07964601769911504 0.09026548672566372
10 0.27805092799642217 0.6893805309734513 0.03716814159292036 0.03716814159292035
5 0.4116362924865832 0.09380530973451327 0.04247787610619468 0.02831858407079646
