10 0.9269911504424779 0.5544700214132763 0.013274336283185839 0.016224188790560472
6 0.5051622418879056 0.3505754817987152 0.03392330383480826 0.07964601769911504
7 0.08628318584070796 0.5956905781584583 0.06342182890855458 0.06637168141592921
10 0.5058997050147492 0.7907521413276231 0.02064896755162242 0.02064896755162242
6 0.8775811209439528 0.6442719486081371 0.032448377581120944 0.08112094395280237
6 0.1887905604719764 0.5073608137044967 0.0855457227138643 0.03392330383480826
14 0.29572271386430676 0.5080968950749465 0.022123893805309734 0.04129793510324484
6 0.3694690265486726 0.6236616702355461 0.03687315634218289 0.08112094395280237
4 0.08480825958702065 0.6906450749464668 0.045722713864306784 0.02359882005899705
12 0.7123893805309734 0.44258565310492504 0.058997050147492625 0.09292035398230088
10 0.5058997050147492 0.215872591006424 0.017699115044247787 0.019174041297935103
6 0.7323008849557522 0.3314373661670236 0.028023598820058997 0.07669616519174041
14 0.6283185840707964 0.6376472162740898 0.04129793510324484 0.02064896755162242
6 0.5051622418879056 0.6648822269807281 0.03392330383480826 0.08112094395280237
4 0.6283185840707964 0.6950615631691649 0.04424778761061947 0.02359882005899705
14 0.8038348082595871 0.5544700214132763 0.02064896755162242 0.04277286135693215
4 0.8421828908554574 0.47938972162740895 0.04424778761061947 0.022123893805309734
12 0.4837758112094395 0.5103051391862955 0.058997050147492625 0.09587020648967551
14 0.8421828908554574 0.4366970021413277 0.04129793510324484 0.019174041297935103
4 0.876843657817109 0.740698608137045 0.045722713864306784 0.02359882005899705
6 0.7315634218289085 0.6479523554603854 0.032448377581120944 0.07964601769911504
6 0.3702064896755162 0.38517130620985013 0.035398230088495575 0.08112094395280237
