7 0.17903225806451614 0.6418459821428572 0.058064516129032254 0.05967741935483871
6 0.1774193548387097 0.5572366071428572 0.03225806451612903 0.05483870967741935
12 0.4266129032258065 0.49518973214285716 0.0532258064516129 0.07580645161290323
6 0.2911290322580645 0.3831830357142857 0.030645161290322583 0.05483870967741935
6 0.6362903225806451 0.6313705357142857 0.030645161290322583 0.05483870967741935
14 0.557258064516129 0.6434575892857143 0.04677419354838709 0.02096774193548387
10 0.8362903225806452 0.3275825892857143 0.014516129032258063 0.014516129032258063
4 0.1782258064516129 0.7103392857142857 0.043548387096774194 0.02258064516129032
6 0.2911290322580645 0.6321763392857143 0.030645161290322583 0.0564516129032258
4 0.5564516129032258 0.7095334821428572 0.04516129032258064 0.024193548387096774
4 0.9233870967741936 0.7095334821428572 0.043548387096774194 0.024193548387096774
14 0.8612903225806452 0.5515959821428572 0.02258064516129032 0.04677419354838709
6 0.9225806451612903 0.6305647321428571 0.03225806451612903 0.0532258064516129
6 0.4459677419354839 0.6321763392857143 0.030645161290322583 0.0564516129032258
6 0.4459677419354839 0.3831830357142857 0.030645161290322583 0.05483870967741935
14 0.5129032258064516 0.4412008928571428 0.02258064516129032 0.04838709677419355
14 0.22983870967741934 0.49438392857142854 0.020967741935483876 0.04516129032258064
6 0.6370967741935484 0.3831830357142857 0.03225806451612903 0.05483870967741935
4 0.2911290322580645 0.7095334821428572 0.043548387096774194 0.024193548387096774
4 0.7911290322580645 0.7095334821428572 0.043548387096774194 0.024193548387096774
12 0.7741935483870968 0.49518973214285716 0.05483870967741935 0.07903225806451614
4 0.6362903225806451 0.7095334821428572 0.043548387096774194 0.024193548387096774
6 0.7919354838709678 0.6305647321428571 0.03225806451612903 0.0564516129032258
4 0.4459677419354839 0.7095334821428572 0.043548387096774194 0.024193548387096774
