6 0.39794921875 0.2547960660762943 0.0419921875 0.0302734375
6 0.2998046875 0.688655909400545 0.029296875 0.0419921875
6 0.5927734375 0.254308583106267 0.04296875 0.029296875
10 0.732421875 0.5073122445504087 0.01953125 0.0205078125
6 0.59326171875 0.7525161784741144 0.0419921875 0.029296875
6 0.70849609375 0.753491144414169 0.0419921875 0.03125
15 0.560546875 0.5068247615803815 0.091796875 0.099609375
10 0.0703125 0.23334681539509536 0.017578125 0.0185546875
4 0.80615234375 0.8012644754768392 0.0263671875 0.01953125
6 0.39794921875 0.753491144414169 0.0439453125 0.029296875
6 0.30029296875 0.4658761920980926 0.0302734375 0.041015625
6 0.30078125 0.5467983651226158 0.029296875 0.04296875
15 0.1767578125 0.25528354904632156 0.09375 0.10156250000000003
6 0.30029296875 0.324993613760218 0.0302734375 0.0439453125
10 0.0703125 0.7734779461852861 0.017578125 0.0185546875
15 0.177734375 0.753491144414169 0.091796875 0.099609375
