6 0.3388888888888889 0.587962962962963 0.037037037037037035 0.07777777777777777
10 0.9166666666666666 0.3305555555555556 0.06296296296296296 0.05555555555555556
7 0.07962962962962963 0.3 0.07037037037037037 0.0685185185185185
14 0.8277777777777777 0.35833333333333334 0.02222222222222222 0.06666666666666667
4 0.0824074074074074 0.41944444444444445 0.05740740740740741 0.03333333333333333
4 0.08055555555555556 0.6787037037037037 0.05740740740740741 0.03333333333333333
6 0.3398148148148148 0.3564814814814815 0.03518518518518519 0.07407407407407407
6 0.6564814814814814 0.30092592592592593 0.03518518518518519 0.07037037037037037
7 0.08055555555555556 0.5592592592592592 0.0685185185185185 0.0685185185185185
14 0.25277777777777777 0.500925925925926 0.024074074074074074 0.07037037037037037
4 0.4842592592592593 0.7074074074074075 0.0537037037037037 0.03518518518518519
4 0.3398148148148148 0.7074074074074075 0.05740740740740741 0.03148148148148148
2 0.6342592592592593 0.41574074074074074 0.05 0.07037037037037037
6 0.48240740740740745 0.3277777777777778 0.03518518518518519 0.07222222222222222
2 0.462037037037037 0.500925925925926 0.05 0.07037037037037037
