4 0.6217592592592592 0.7579887885551948 0.03055555555555555 0.017592592592592594
4 0.3638888888888889 0.7584517045454546 0.03148148148148148 0.018518518518518514
14 0.30462962962962964 0.47051795860389606 0.018518518518518517 0.03333333333333333
6 0.6231481481481481 0.37099102069805195 0.024074074074074074 0.06574074074074074
4 0.2458333333333333 0.5089399857954546 0.03055555555555555 0.01944444444444444
6 0.36527777777777776 0.6755897422889611 0.025 0.06574074074074074
14 0.30462962962962964 0.6047635957792208 0.018518518518518517 0.03333333333333333
14 0.6944444444444444 0.6973467938311688 0.03518518518518519 0.02037037037037037
14 0.700925925925926 0.4158938717532467 0.018518518518518517 0.03333333333333333
6 0.6240740740740741 0.6908659699675325 0.024074074074074074 0.06666666666666667
10 0.24351851851851852 0.6052265117694805 0.01111111111111111 0.012037037037037037
6 0.3648148148148148 0.40154347605519475 0.024074074074074074 0.06574074074074074
4 0.6949074074074074 0.7584517045454546 0.032407407407407406 0.018518518518518514
6 0.36527777777777776 0.5390295251623376 0.025 0.06666666666666667
10 0.49398148148148147 0.295998630275974 0.008333333333333333 0.006481481481481481
12 0.6069444444444444 0.47051795860389606 0.04351851851851852 0.06666666666666667
12 0.6046296296296296 0.6043006797889611 0.04444444444444444 0.06574074074074074
10 0.775 0.4158938717532467 0.01111111111111111 0.012962962962962963
