4 0.24105263157894735 0.7922803925304878 0.04421052631578947 0.031578947368421054
8 0.24105263157894735 0.6956435785060975 0.06947368421052631 0.06947368421052631
2 0.44631578947368417 0.5223275533536585 0.07578947368421053 0.07157894736842105
10 0.7431578947368421 0.3836747332317073 0.008421052631578947 0.01263157894736842
6 0.43578947368421056 0.6137123666158536 0.06315789473684211 0.031578947368421054
4 0.4789473684210527 0.5769483612804878 0.04421052631578947 0.02947368421052632
6 0.6778947368421052 0.6924923780487805 0.03368421052631579 0.06736842105263158
8 0.4810526315789473 0.3500619283536585 0.06947368421052631 0.06736842105263158
2 0.6442105263157895 0.44459794207317066 0.07578947368421053 0.07157894736842105
4 0.6768421052631579 0.7922803925304878 0.04421052631578947 0.031578947368421054
10 0.48 0.2523747141768292 0.021052631578947368 0.02736842105263158
10 0.6778947368421052 0.27443311737804876 0.02526315789473684 0.02526315789473684
