6 0.6753623188405797 0.35596840341959335 0.028985507246376812 0.056521739130434775
10 0.8152173913043479 0.209100623844732 0.02753623188405797 0.02028985507246377
10 0.8398550724637681 0.7784845771719039 0.02463768115942029 0.01884057971014493
6 0.6746376811594202 0.702518484288355 0.030434782608695653 0.057971014492753624
11 0.6543478260869565 0.4695557994454713 0.056521739130434775 0.0782608695652174
6 0.372463768115942 0.7075828904805915 0.0318840579710145 0.05942028985507246
4 0.8246376811594203 0.738692814232902 0.063768115942029 0.03768115942028986
6 0.4615942028985508 0.32558196626617375 0.030434782608695653 0.056521739130434775
10 0.8195652173913043 0.5542037315157116 0.01594202898550725 0.01594202898550725
4 0.11666666666666667 0.737969327634011 0.06231884057971014 0.036231884057971016
12 0.26594202898550723 0.5556507047134935 0.056521739130434775 0.07971014492753623
6 0.6760869565217391 0.2568507393715342 0.030434782608695653 0.05507246376811594
4 0.7702898550724637 0.4312110097042514 0.06231884057971014 0.036231884057971016
6 0.2876811594202899 0.3270289394639556 0.030434782608695653 0.05942028985507246
14 0.7717391304347826 0.3537979436229205 0.05942028985507246 0.02608695652173913
4 0.5471014492753623 0.6706850739371534 0.06231884057971014 0.04057971014492754
12 0.4833333333333333 0.5563741913123845 0.056521739130434775 0.0782608695652174
10 0.8268115942028984 0.6554918553604436 0.01594202898550725 0.013043478260869565
10 0.11521739130434783 0.5534802449168207 0.01594202898550725 0.017391304347826087
10 0.11594202898550725 0.6402986367837338 0.014492753623188406 0.011594202898550725
