9 0.4803525309917355 0.6338582677165354 0.03464566929133858 0.023622047244094488
2 0.3844492510330578 0.6385826771653543 0.08188976377952756 0.10551181102362203
4 0.6737312758264462 0.9755905511811024 0.07244094488188976 0.03937007874015748
10 0.8482438016528926 0.5307086614173229 0.031496062992125984 0.031496062992125984
10 0.5322346332644627 0.8551181102362204 0.031496062992125984 0.031496062992125984
2 0.6375710227272726 0.6385826771653543 0.08503937007874016 0.10551181102362203
10 0.17299037964876032 0.747244094488189 0.029921259842519688 0.029921259842519688
10 0.6729451833677687 0.059842519685039376 0.029921259842519688 0.031496062992125984
10 0.5251598011363636 0.4228346456692914 0.03622047244094488 0.029921259842519688
2 0.3828770661157025 0.8551181102362204 0.08188976377952756 0.10393700787401575
4 0.3482889979338843 0.9755905511811024 0.07559055118110236 0.03937007874015748
0 0.6367849302685951 0.20551181102362204 0.08346456692913386 0.10236220472440945
0 0.6383571151859504 0.42047244094488184 0.08346456692913386 0.10393700787401575
2 0.6391432076446282 0.8551181102362204 0.08188976377952756 0.10393700787401575
10 0.5322346332644627 0.20551181102362204 0.031496062992125984 0.03307086614173228
10 0.2759684917355372 0.6385826771653543 0.031496062992125984 0.03307086614173228
