10 0.4458333333333334 0.6825 0.011666666666666667 0.011666666666666667
12 0.5241666666666667 0.45666666666666667 0.045 0.056666666666666664
6 0.3875 0.34750000000000003 0.03166666666666666 0.07166666666666667
18 0.78 0.4575 0.04666666666666667 0.018333333333333333
6 0.3883333333333333 0.5650000000000001 0.03 0.07333333333333333
6 0.6858333333333333 0.5650000000000001 0.03166666666666666 0.07333333333333333
14 0.5975 0.5 0.025 0.03666666666666667
14 0.3325 0.45666666666666667 0.021666666666666667 0.03666666666666667
6 0.2441666666666667 0.4575 0.075 0.034999999999999996
7 0.17166666666666666 0.5433333333333333 0.05 0.05
6 0.5408333333333334 0.5641666666666667 0.03166666666666666 0.075
4 0.5391666666666667 0.6691666666666667 0.025 0.015
10 0.4841666666666667 0.5433333333333333 0.011666666666666667 0.01
10 0.31833333333333336 0.5433333333333333 0.016666666666666666 0.01
10 0.28 0.6808333333333334 0.013333333333333332 0.011666666666666667
