10 0.08534743202416918 0.6079947916666667 0.013595166163141995 0.013595166163141995
11 0.2515105740181269 0.60875 0.04984894259818731 0.08459214501510574
10 0.925226586102719 0.60875 0.013595166163141995 0.015105740181268885
11 0.5989425981873112 0.6888020833333333 0.04984894259818731 0.07250755287009064
6 0.26963746223564955 0.4108854166666667 0.03172205438066465 0.06344410876132932
6 0.8648036253776435 0.6079947916666667 0.06193353474320242 0.03172205438066466
6 0.1472809667673716 0.6079947916666667 0.06193353474320242 0.03172205438066466
10 0.26963746223564955 0.6804947916666666 0.013595166163141995 0.013595166163141995
10 0.5173716012084593 0.5830729166666666 0.013595166163141995 0.015105740181268885
8 0.5045317220543807 0.398046875 0.05740181268882175 0.058912386706948636
6 0.7401812688821753 0.4108854166666667 0.03021148036253777 0.06344410876132932
11 0.37462235649546827 0.5347395833333334 0.0513595166163142 0.08761329305135952
6 0.5173716012084593 0.6457552083333333 0.028700906344410877 0.06193353474320242
11 0.7590634441087614 0.6095052083333334 0.04984894259818731 0.08610271903323263
11 0.41314199395770396 0.6872916666666666 0.04682779456193354 0.07250755287009064
11 0.6367069486404834 0.53625 0.04984894259818731 0.08761329305135952
10 0.9735649546827794 0.311953125 0.01661631419939577 0.013595166163141995
10 0.5151057401812689 0.7175 0.018126888217522664 0.00906344410876133
