6 0.3537037037037037 0.3907407407407407 0.03333333333333333 0.0611111111111111
7 0.888888888888889 0.27685185185185185 0.05555555555555556 0.05555555555555556
7 0.07314814814814814 0.6259259259259259 0.0537037037037037 0.0537037037037037
14 0.6564814814814814 0.46296296296296297 0.02037037037037037 0.0537037037037037
17 0.1675925925925926 0.525 0.07592592592592592 0.037037037037037035
14 0.6574074074074074 0.674074074074074 0.05555555555555556 0.02037037037037037
6 0.7490740740740741 0.5796296296296297 0.03148148148148148 0.06481481481481481
6 0.3527777777777778 0.6722222222222223 0.03148148148148148 0.0611111111111111
6 0.4925925925925926 0.6722222222222223 0.03333333333333333 0.0611111111111111
4 0.49444444444444446 0.7703703703703704 0.04444444444444444 0.024074074074074074
6 0.3537037037037037 0.2537037037037037 0.029629629629629627 0.0611111111111111
17 0.5648148148148148 0.5953703703703704 0.07777777777777777 0.037037037037037035
6 0.4935185185185185 0.3907407407407407 0.03148148148148148 0.0611111111111111
12 0.475 0.5333333333333333 0.0537037037037037 0.08333333333333333
14 0.28425925925925927 0.5324074074074073 0.02037037037037037 0.05555555555555556
