12 0.5601851851851852 0.4731481481481481 0.06481481481481481 0.11111111111111112
4 0.5851851851851851 0.7277777777777777 0.06296296296296296 0.03518518518518519
6 0.8018518518518519 0.5324074074074073 0.04074074074074074 0.08148148148148147
4 0.42777777777777776 0.663888888888889 0.06296296296296296 0.037037037037037035
6 0.4268518518518519 0.5657407407407408 0.03888888888888888 0.08518518518518518
14 0.3351851851851852 0.43981481481481477 0.025925925925925925 0.07407407407407407
4 0.8675925925925926 0.7268518518518519 0.0611111111111111 0.03333333333333333
6 0.17777777777777778 0.4416666666666666 0.08148148148148147 0.04074074074074074
4 0.8027777777777778 0.7268518518518519 0.0611111111111111 0.03333333333333333
4 0.08518518518518518 0.6333333333333334 0.059259259259259255 0.03518518518518519
7 0.08425925925925926 0.5342592592592592 0.07222222222222222 0.07407407407407407
6 0.4268518518518519 0.3453703703703704 0.03888888888888888 0.08148148148148147
7 0.8657407407407407 0.44074074074074077 0.07222222222222222 0.07222222222222222
6 0.5851851851851851 0.312962962962963 0.037037037037037035 0.08333333333333333
14 0.7092592592592593 0.4083333333333333 0.025925925925925925 0.07407407407407407
