4 0.4318403115871471 0.7847614447086801 0.045764362220058426 0.033106134371957155
4 0.12512171372930866 0.7828143579072533 0.045764362220058426 0.033106134371957155
4 0.8276533592989288 0.32038124256837097 0.0311587147030185 0.044790652385589096
0 0.5759493670886076 0.38414833531510106 0.07302823758519962 0.11587147030185008
6 0.42843232716650437 0.6582008026159334 0.05258033106134372 0.10710808179162609
7 0.8894839337877313 0.6153648929845422 0.09444985394352484 0.09931840311587148
14 0.38802336903602724 0.4284445600475625 0.02629016553067186 0.0584225900681597
6 0.6027263875365141 0.6552801724137931 0.05258033106134372 0.10710808179162609
6 0.7779941577409932 0.653819857312723 0.05258033106134372 0.10808179162609541
6 0.6080817916260954 0.2682966706302022 0.06134371957156768 0.10808179162609541
14 0.7789678675754625 0.31892092746730083 0.02921129503407985 0.055501460564751706
14 0.7351509250243428 0.4294181034482758 0.023369036027263878 0.06815968841285297
7 0.12755598831548198 0.636296076099881 0.09347614410905551 0.0963972736124635
4 0.7779941577409932 0.7857349881093937 0.046738072054527756 0.033106134371957155
