2 0.3589887640449438 0.7366976351351351 0.07704654895666131 0.09470304975922952
2 0.5224568619582665 0.458277027027027 0.07704654895666131 0.09309791332263243
9 0.5553107443820224 0.28095439189189186 0.0304975922953451 0.020866773675762437
4 0.12821027287319423 0.7166385135135135 0.07062600321027288 0.041733547351524874
0 0.5232581761637239 0.5641891891891891 0.07865168539325842 0.09309791332263243
4 0.6418526785714287 0.5561655405405406 0.06902086677367576 0.038523274478330656
4 0.554509430176565 0.9437077702702703 0.032102728731942205 0.0304975922953451
0 0.35979007825040127 0.5633868243243244 0.07865168539325842 0.09149277688603531
10 0.8165391753611557 0.5112331081081082 0.0304975922953451 0.03210272873194221
8 0.5537081159711076 0.19750844594594594 0.11717495987158907 0.11717495987158907
2 0.7227854133226325 0.7383023648648649 0.07704654895666131 0.09791332263242375
8 0.5537081159711076 0.8217483108108109 0.11396468699839486 0.11396468699839486
9 0.554509430176565 0.731883445945946 0.02889245585874799 0.020866773675762437
2 0.3605913924558587 0.458277027027027 0.07704654895666131 0.09630818619582664
4 0.955166532905297 0.5585726351351351 0.06741573033707865 0.04012841091492776
0 0.7227854133226325 0.2849662162162162 0.08025682182985552 0.09309791332263243
10 0.554509430176565 0.07795608108108108 0.02889245585874799 0.03210272873194221
0 0.35979007825040127 0.2849662162162162 0.07865168539325842 0.09630818619582664
8 0.12821027287319423 0.5978885135135135 0.11878009630818617 0.11556982343499196
