21 0.22641509433962265 0.6094033232628399 0.06415094339622641 0.03018867924528302
4 0.37264150943396224 0.7873937877643505 0.04716981132075472 0.02830188679245283
14 0.8358490566037735 0.3334710158610272 0.04528301886792453 0.020754716981132074
14 0.7679245283018868 0.3315875188821752 0.04528301886792453 0.020754716981132074
10 0.6650943396226415 0.2647233761329305 0.02830188679245283 0.026415094339622643
10 0.8018867924528303 0.2647233761329305 0.026415094339622643 0.026415094339622643
21 0.37358490566037733 0.34100500377643506 0.022641509433962266 0.05849056603773585
12 0.35471698113207545 0.6075198262839879 0.04528301886792453 0.07169811320754717
0 0.5415094339622641 0.3089855551359516 0.06037735849056604 0.062264150943396226
21 0.9235849056603772 0.341946752265861 0.024528301886792454 0.06037735849056604
10 0.2688679245283019 0.25624763972809667 0.02830188679245283 0.024528301886792454
21 0.3745283018867924 0.4954517560422961 0.024528301886792454 0.05849056603773585
10 0.09716981132075472 0.5717333836858006 0.024528301886792454 0.022641509433962266
21 0.28679245283018867 0.6819179569486404 0.022641509433962266 0.05849056603773585
