14 0.6530296875 0.3382352941176471 0.03333333333333333 0.06862745098039216
4 0.16220625 0.746078431372549 0.06666666666666667 0.03333333333333333
13 0.799003125 0.7352941176470589 0.058823529411764705 0.05490196078431373
13 0.481584375 0.3637254901960784 0.058823529411764705 0.056862745098039215
13 0.799003125 0.36764705882352944 0.07058823529411765 0.052941176470588235
7 0.16220625 0.55 0.11764705882352941 0.11568627450980391
13 0.48060468749999996 0.7392156862745098 0.06470588235294118 0.05490196078431373
6 0.6549890625000001 0.5480392156862746 0.08431372549019608 0.03725490196078431
4 0.7461 0.6137254901960785 0.06274509803921569 0.03137254901960784
4 0.6393140625 0.9333333333333333 0.06470588235294118 0.027450980392156866
10 0.587390625 0.5215686274509804 0.050980392156862744 0.05490196078431373
10 0.1886578125 0.20294117647058824 0.056862745098039215 0.052941176470588235
