10 0.05888888888888889 0.6833750000000001 0.015555555555555555 0.017777777777777778
6 0.5911111111111111 0.396046875 0.044444444444444446 0.024444444444444446
6 0.30444444444444446 0.47259375000000003 0.044444444444444446 0.022222222222222223
6 0.5077777777777778 0.58796875 0.024444444444444446 0.044444444444444446
6 0.3844444444444444 0.568 0.022222222222222223 0.044444444444444446
6 0.6911111111111111 0.589078125 0.022222222222222223 0.04666666666666667
6 0.5077777777777778 0.3195 0.024444444444444446 0.044444444444444446
11 0.6811111111111111 0.396046875 0.03333333333333334 0.05111111111111112
10 0.8311111111111111 0.49145312499999994 0.008888888888888889 0.011111111111111112
10 0.8344444444444445 0.24295312500000002 0.015555555555555555 0.011111111111111112
13 0.19 0.47481249999999997 0.03333333333333334 0.04
10 0.06 0.47592187500000005 0.022222222222222223 0.024444444444444446
4 0.5066666666666667 0.7510468749999999 0.04888888888888889 0.03333333333333334
