4 0.08055555555555556 0.6981481481481481 0.0537037037037037 0.03148148148148148
4 0.437962962962963 0.5583333333333333 0.0537037037037037 0.029629629629629627
6 0.8787037037037037 0.5018518518518518 0.03148148148148148 0.0685185185185185
4 0.5481481481481482 0.7518518518518518 0.05555555555555556 0.03148148148148148
6 0.5481481481481482 0.6666666666666667 0.03333333333333333 0.07222222222222222
14 0.7129629629629629 0.44629629629629636 0.02222222222222222 0.0611111111111111
14 0.3277777777777778 0.41759259259259257 0.02222222222222222 0.06296296296296296
14 0.6027777777777777 0.6101851851851852 0.02037037037037037 0.06296296296296296
7 0.08055555555555556 0.611111111111111 0.0611111111111111 0.0611111111111111
7 0.4925925925925926 0.2537037037037037 0.06296296296296296 0.0611111111111111
4 0.8777777777777779 0.586111111111111 0.05185185185185185 0.029629629629629627
12 0.5287037037037037 0.475 0.0537037037037037 0.09259259259259259
4 0.6583333333333333 0.7518518518518518 0.0537037037037037 0.03148148148148148
6 0.6583333333333333 0.6666666666666667 0.03148148148148148 0.07222222222222222
6 0.13518518518518519 0.41759259259259257 0.07037037037037037 0.037037037037037035
4 0.4101851851851852 0.23055555555555554 0.05 0.029629629629629627
6 0.437037037037037 0.4731481481481481 0.03333333333333333 0.07407407407407407
6 0.437037037037037 0.3638888888888889 0.03333333333333333 0.07037037037037037
6 0.549074074074074 0.3638888888888889 0.03148148148148148 0.07037037037037037
