6 0.3880208333333333 0.2727857142857143 0.03125 0.08854166666666667
12 0.37109375 0.5668883928571429 0.04947916666666667 0.078125
10 0.03515625 0.5655870535714286 0.0234375 0.0234375
6 0.76953125 0.271484375 0.03385416666666667 0.09114583333333334
10 0.9557291666666666 0.3716875 0.020833333333333336 0.020833333333333336
14 0.50390625 0.4679866071428571 0.03385416666666667 0.0625
12 0.7526041666666666 0.4679866071428571 0.046875 0.078125
4 0.38671875 0.7022276785714285 0.08072916666666667 0.046875
10 0.5859375 0.08799553571428571 0.020833333333333336 0.020833333333333336
14 0.13020833333333334 0.5681897321428572 0.026041666666666668 0.059895833333333336
6 0.5924479166666666 0.7555825892857143 0.09635416666666667 0.0390625
4 0.76953125 0.5929151785714286 0.08072916666666667 0.04166666666666667
6 0.5859375 0.2727857142857143 0.036458333333333336 0.08854166666666667
6 0.19140625 0.7282544642857143 0.03385416666666667 0.09375
13 0.24479166666666666 0.5668883928571429 0.03125 0.052083333333333336
4 0.18880208333333334 0.8661964285714285 0.08072916666666667 0.046875
