4 0.8683812405446293 0.7492690058479533 0.02723146747352496 0.016641452344931924
12 0.5627836611195158 0.4984892787524366 0.04236006051437217 0.05597579425113465
10 0.4962178517397883 0.15631091617933723 0.021180030257186084 0.018154311649016642
14 0.6906202723146747 0.40557992202729043 0.016641452344931924 0.036308623298033284
14 0.6822995461422088 0.6140594541910331 0.036308623298033284 0.018154311649016642
7 0.07866868381240545 0.6367202729044834 0.0665658093797277 0.0665658093797277
4 0.07791225416036308 0.7492690058479533 0.028744326777609686 0.016641452344931924
10 0.9841149773071104 0.40557992202729043 0.016641452344931924 0.018154311649016642
6 0.8683812405446293 0.5778021442495127 0.03328290468986385 0.0665658093797277
4 0.40393343419062033 0.7492690058479533 0.030257186081694403 0.016641452344931924
6 0.16944024205748864 0.4977339181286549 0.06959152798789713 0.03328290468986385
6 0.40317700453857797 0.3104044834307992 0.037821482602118005 0.07564296520423601
6 0.5779122541603631 0.6201023391812865 0.03328290468986385 0.07261724659606657
14 0.2957639939485628 0.4977339181286549 0.016641452344931924 0.036308623298033284
4 0.6822995461422088 0.7492690058479533 0.030257186081694403 0.016641452344931924
6 0.40317700453857797 0.6163255360623782 0.037821482602118005 0.07413010590015129
10 0.5771558245083207 0.7470029239766082 0.019667170953101363 0.018154311649016642
6 0.5794251134644478 0.31191520467836253 0.036308623298033284 0.07261724659606657
