6 0.21749999999999997 0.3900325829383886 0.03166666666666666 0.06333333333333332
14 0.6641666666666667 0.7374296504739336 0.058333333333333334 0.021666666666666667
6 0.8633333333333333 0.6124666765402844 0.03 0.065
6 0.3425 0.26590269549763035 0.028333333333333332 0.06166666666666667
6 0.21749999999999997 0.5874740817535545 0.03166666666666666 0.065
12 0.32166666666666666 0.49166913507109006 0.05333333333333333 0.09
11 0.8441666666666666 0.3392143068720379 0.05500000000000001 0.08833333333333333
4 0.8633333333333333 0.7415950829383886 0.04666666666666667 0.026666666666666665
10 0.31416666666666665 0.41752443720379145 0.05166666666666666 0.05166666666666666
4 0.21833333333333332 0.7166024881516587 0.04666666666666667 0.026666666666666665
12 0.5616666666666666 0.49083604857819907 0.05333333333333333 0.08833333333333333
6 0.6641666666666667 0.5883071682464455 0.03166666666666666 0.06333333333333332
14 0.11916666666666667 0.46501036729857825 0.021666666666666667 0.056666666666666664
4 0.4416666666666666 0.7166024881516587 0.04666666666666667 0.026666666666666665
6 0.7641666666666667 0.48833678909952605 0.065 0.03333333333333333
6 0.4408333333333333 0.6116335900473934 0.03166666666666666 0.06666666666666667
4 0.665 0.8390662026066351 0.04666666666666667 0.025
10 0.6591666666666667 0.44168394549763035 0.04166666666666667 0.046666666666666676
10 0.5641666666666667 0.3941980154028436 0.04833333333333333 0.04833333333333333
10 0.43583333333333335 0.49250222156398105 0.045 0.04833333333333333
10 0.195 0.2700681279620853 0.05333333333333333 0.056666666666666664
10 0.5325 0.2942276362559242 0.045 0.04833333333333333
10 0.885 0.22008293838862558 0.05 0.05
10 0.9675 0.41419209123222755 0.065 0.05500000000000001
10 0.31833333333333336 0.17093083530805686 0.05 0.045
10 0.0225 0.4425170319905213 0.045 0.05166666666666666
