10 0.3983516483516483 0.269879220545977 0.031135531135531136 0.0347985347985348
7 0.15567765567765568 0.649066091954023 0.1391941391941392 0.1391941391941392
0 0.358974358974359 0.40510730962643676 0.09157509157509158 0.11538461538461539
2 0.7243589743589743 0.6481523886494254 0.08974358974358974 0.11904761904761904
4 0.7637362637362637 0.7852078843390804 0.08791208791208793 0.04212454212454213
10 0.9404761904761905 0.5266298491379311 0.038461538461538464 0.03663003663003663
4 0.3983516483516483 0.7852078843390804 0.08608058608058608 0.04212454212454213
10 0.7646520146520146 0.2689655172413793 0.0347985347985348 0.03663003663003663
4 0.15384615384615385 0.7852078843390804 0.08424908424908426 0.04578754578754579
2 0.3598901098901099 0.6481523886494254 0.08974358974358974 0.11904761904761904
0 0.7234432234432234 0.40419360632183904 0.09157509157509158 0.11355311355311355
