6 0.4368794326241135 0.48719383445945946 0.02553191489361702 0.07801418439716312
10 0.9141843971631205 0.5069995777027027 0.01276595744680851 0.01276595744680851
6 0.5801418439716312 0.6654455236486486 0.07943262411347518 0.02978723404255319
6 0.4368794326241135 0.5947107263513514 0.02553191489361702 0.07801418439716312
6 0.7914893617021277 0.6647381756756757 0.07943262411347518 0.02836879432624113
6 0.774468085106383 0.31177153716216216 0.08226950354609927 0.02978723404255319
6 0.5794326241134752 0.31177153716216216 0.07801418439716312 0.02978723404255319
15 0.7801418439716312 0.5055848817567568 0.13900709219858157 0.15177304964539007
10 0.06595744680851064 0.2756967905405405 0.015602836879432624 0.014184397163120565
6 0.4375886524822695 0.3803842905405405 0.02978723404255319 0.07943262411347518
15 0.26382978723404255 0.6640308277027027 0.13900709219858157 0.15460992907801419
4 0.8815602836879431 0.7411317567567568 0.02695035460992908 0.019858156028368795
10 0.06453900709219858 0.7001055743243243 0.015602836879432624 0.01702127659574468
15 0.2631205673758865 0.3131862331081081 0.1375886524822695 0.15177304964539007
