4 0.12944936497326204 0.43293718166383693 0.05602716468590833 0.04074702886247878
4 0.6018382352941176 0.9168081494057725 0.05772495755517827 0.04074702886247878
4 0.7756976938502673 0.9227504244482173 0.05942275042444822 0.042444821731748725
12 0.5831801470588236 0.5814940577249575 0.050933786078098474 0.07640067911714771
10 0.1370822192513369 0.5840407470288624 0.02037351443123939 0.02037351443123939
6 0.3626754679144385 0.23938879456706283 0.037351443123938885 0.07130730050933788
12 0.5831801470588236 0.3828522920203735 0.050933786078098474 0.0730050933786078
4 0.3609792780748663 0.9142614601018677 0.05772495755517827 0.042444821731748725
14 0.25581550802139036 0.3837011884550085 0.030560271646859087 0.07130730050933788
6 0.3609792780748663 0.734295415959253 0.04074702886247878 0.06960950764006792
14 0.25581550802139036 0.5814940577249575 0.030560271646859087 0.0730050933786078
6 0.3601311831550802 0.4864176570458404 0.03904923599320883 0.06960950764006792
14 0.7655205548128342 0.3157894736842105 0.03225806451612903 0.07470288624787777
6 0.6026863302139038 0.23259762308998302 0.035653650254668934 0.07470288624787777
10 0.9003676470588236 0.3140916808149406 0.02037351443123939 0.02376910016977929
10 0.4814087566844919 0.11884550084889642 0.02037351443123939 0.02037351443123939
14 0.7773938836898396 0.7860780984719864 0.07640067911714771 0.03395585738539898
6 0.6009901403743315 0.7775891341256367 0.042444821731748725 0.07130730050933788
