4 0.2671875 0.8359375 0.059375 0.04375
4 0.6140625 0.8328125 0.059375 0.04375
6 0.2671875 0.265625 0.040625 0.134375
6 0.4890625 0.26875 0.040625 0.134375
6 0.2671875 0.6953125 0.046875 0.14375
6 0.4921875 0.6734375 0.046875 0.14375
14 0.6171875 0.671875 0.078125 0.034375
4 0.8046875 0.825 0.059375 0.046875
14 0.128125 0.4671875 0.03125 0.075
12 0.4609375 0.4640625 0.084375 0.125
14 0.5859375 0.3609375 0.028125 0.06875
10 0.903125 0.3609375 0.025 0.025
4 0.490625 0.8234375 0.0625 0.04375
6 0.80625 0.58125 0.04375 0.146875
10 0.034375 0.4671875 0.0125 0.01875
10 0.7046875 0.171875 0.028125 0.028125
10 0.1671875 0.16875 0.028125 0.028125
