2 0.4715686274509804 0.3463272270114942 0.1 0.12745098039215685
10 0.8872549019607842 0.5127244971264368 0.03725490196078431 0.03725490196078431
0 0.4696078431372549 0.6801005747126437 0.10392156862745099 0.12941176470588237
18 0.24607843137254898 0.6076688218390804 0.10392156862745099 0.08627450980392158
10 0.08725490196078431 0.5137033045977011 0.041176470588235294 0.04313725490196079
6 0.7823529411764706 0.6468211206896551 0.0784313725490196 0.15294117647058822
18 0.24705882352941178 0.4109285201149426 0.10588235294117647 0.08431372549019608
4 0.7833333333333333 0.7965786637931034 0.09607843137254903 0.052941176470588235
10 0.515686274509804 0.2181034482758621 0.0392156862745098 0.0392156862745098
10 0.5117647058823529 0.8093031609195401 0.0392156862745098 0.0392156862745098
