14 0.474671669793621 0.7342021570796461 0.045028142589118206 0.01876172607879925
6 0.6688555347091932 0.3641627488938053 0.08818011257035649 0.03564727954971858
6 0.41651031894934326 0.7267076880530974 0.03752345215759851 0.0975609756097561
13 0.41651031894934326 0.31732231747787615 0.026266416510318958 0.02814258911819888
12 0.3883677298311445 0.5711974557522124 0.0675422138836773 0.07879924953095685
4 0.9596622889305817 0.43442339601769914 0.054409005628517824 0.022514071294559103
4 0.5337711069418386 0.9000172842920355 0.06191369606003753 0.024390243902439025
12 0.5056285178236398 0.2695450774336283 0.06941838649155722 0.08255159474671671
6 0.2598499061913696 0.6957930033185841 0.039399624765478425 0.09568480300187618
6 0.2598499061913696 0.3838357300884956 0.03564727954971858 0.09005628517823641
14 0.13602251407129456 0.5777551161504425 0.02814258911819888 0.04690431519699813
6 0.41651031894934326 0.1889795353982301 0.03377110694183865 0.09005628517823641
13 0.4174484052532833 0.4091295630530974 0.024390243902439025 0.02814258911819888
14 0.8452157598499062 0.5599557522123895 0.03564727954971858 0.015009380863039401
10 0.0675422138836773 0.5749446902654867 0.015009380863039401 0.015009380863039401
14 0.8452157598499062 0.24799847898230087 0.03564727954971858 0.016885553470919325
11 0.5037523452157598 0.45878042035398237 0.06941838649155722 0.08255159474671671
