14 0.5981184464679912 0.27009345794392525 0.03177570093457944 0.08037383177570093
10 0.1521367963576159 0.36822429906542054 0.020560747663551402 0.02242990654205607
14 0.21838093267108166 0.36542056074766355 0.029906542056074764 0.07289719626168224
4 0.7371378311258278 0.46448598130841123 0.05981308411214953 0.04299065420560748
4 0.2902231650110375 0.5607476635514018 0.0616822429906542 0.037383177570093455
6 0.29115618101545254 0.45887850467289726 0.037383177570093455 0.08037383177570093
6 0.7371378311258278 0.5429906542056074 0.037383177570093455 0.08037383177570093
6 0.46936223785871967 0.18785046728971963 0.03551401869158878 0.07663551401869159
10 0.7390038631346578 0.26822429906542056 0.022429906542056073 0.024299065420560744
12 0.4404387417218542 0.3691588785046729 0.07850467289719626 0.12149532710280372
12 0.7100803669977925 0.697196261682243 0.07663551401869159 0.11588785046728971
12 0.4954866859823399 0.697196261682243 0.08037383177570093 0.11214953271028036
