2 0.27194773376888526 0.652988219637224 0.033483054307880775 0.047366271947733775
9 0.4571253572886892 0.5940500542192428 0.011024908125765618 0.00857492854226215
0 0.47100857492854226 0.39357871648264986 0.03552470396080033 0.04654961208656595
9 0.546345447121274 0.5938461159305993 0.010616578195181707 0.00898325847284606
2 0.5316455696202531 0.6527842813485805 0.032666394446712946 0.04695794201714986
0 0.2588811759902001 0.3395350699921136 0.033483054307880775 0.04777460187831768
2 0.15496120865659452 0.5139023067823344 0.034708044099632504 0.047366271947733775
9 0.3674969375255206 0.5942539925078865 0.010616578195181707 0.00898325847284606
2 0.4430379746835443 0.5134944302050474 0.0342997141690486 0.047366271947733775
0 0.5547162106982442 0.338923255126183 0.03552470396080033 0.047366271947733775
10 0.03042057982850143 0.5952736839511041 0.006941608819926501 0.006124948958758677
0 0.18313597386688443 0.2985434739747634 0.034708044099632504 0.047366271947733775
9 0.4569211923233973 0.2971159059542587 0.013066557778685178 0.011841567986933444
2 0.902817476521029 0.5783468059936909 0.033483054307880775 0.04899959167006942
9 0.4573295222539812 0.6519685281940063 0.010616578195181707 0.00857492854226215
2 0.2290730910575745 0.5132904919164039 0.0342997141690486 0.04695794201714986
9 0.3679052674561045 0.29731984424290225 0.011433238056349531 0.00898325847284606
9 0.4569211923233973 0.6964270751182965 0.010616578195181707 0.007758268681094324
9 0.3674969375255206 0.6964270751182965 0.009799918334013884 0.007758268681094324
0 0.08840342997141691 0.5962933753943218 0.030624744793793384 0.047366271947733775
0 0.35361371988566764 0.394394469637224 0.03593303389138424 0.04654961208656595
9 0.2447937933850551 0.44415541206624604 0.010208248264597795 0.008166598611678236
2 0.8476929358922008 0.5793664974369086 0.033483054307880775 0.04777460187831768
2 0.05696202531645569 0.5958854988170346 0.03144140465496121 0.04654961208656595
9 0.4571253572886892 0.3381075019716088 0.011841567986933444 0.009799918334013884
9 0.5467537770518579 0.6964270751182965 0.00898325847284606 0.007758268681094324
9 0.24418129848917927 0.29752378253154577 0.013066557778685178 0.009391588403429973
2 0.6910984075132707 0.5141062450709779 0.03552470396080033 0.04614128215598204
9 0.16986525112290732 0.4443593503548896 0.009799918334013884 0.007758268681094324
2 0.3824009799918334 0.5134944302050474 0.034708044099632504 0.047366271947733775
9 0.36770110249081256 0.6521724664826498 0.011024908125765618 0.008166598611678236
2 0.5828909759085341 0.5130865536277602 0.034708044099632504 0.04654961208656595
9 0.5685994283380972 0.29731984424290225 0.012658227848101267 0.010616578195181707
0 0.6631278072682728 0.29833953568611987 0.03674969375255206 0.04859126173948551
9 0.6768068599428338 0.4741343404968454 0.011841567986933444 0.009391588403429973
10 0.9624336463862802 0.579570435725552 0.007349938750510413 0.006533278889342589
10 0.8750510412413229 0.5473481861198739 0.007349938750510413 0.006533278889342589
10 0.6104532462229482 0.5143101833596215 0.007349938750510413 0.006533278889342589
10 0.2445896284197632 0.6538039727917981 0.007349938750510413 0.006533278889342589
10 0.7484687627603104 0.5147180599369086 0.007349938750510413 0.006533278889342589
10 0.7876684360963658 0.579162559148265 0.007349938750510413 0.006533278889342589
10 0.8301347488770927 0.6281077484227129 0.007349938750510413 0.006533278889342589
10 0.9195590036749695 0.6276998718454259 0.007349938750510413 0.006533278889342589
4 0.24377296855859534 0.27182755816246057 0.039199673336055535 0.010208248264597795
4 0.3679052674561045 0.2710118050078864 0.039199673336055535 0.010208248264597795
4 0.4573295222539812 0.271623619873817 0.039199673336055535 0.009799918334013884
4 0.5688035933033891 0.2710118050078864 0.039199673336055535 0.010208248264597795
4 0.28705594120049 0.7278335715694007 0.039199673336055535 0.010208248264597795
4 0.3674969375255206 0.7278335715694007 0.039199673336055535 0.010208248264597795
4 0.4569211923233973 0.7282414481466877 0.039199673336055535 0.010208248264597795
4 0.546345447121274 0.7290572013012618 0.039199673336055535 0.010208248264597795
0 0.8150265414454878 0.5801822505914827 0.031849734585545124 0.04940792160065333
10 0.11514904042466315 0.5962933753943218 0.007349938750510413 0.006533278889342589
0 0.9358922008983258 0.5783468059936909 0.031849734585545124 0.04899959167006942
9 0.36770110249081256 0.3379035636829653 0.011841567986933444 0.009391588403429973
10 0.038383013474887706 0.5143101833596215 0.007349938750510413 0.006533278889342589
9 0.32441812984891794 0.3379035636829653 0.011841567986933444 0.009391588403429973
9 0.36688444262964476 0.5720247190457414 0.011841567986933444 0.009391588403429973
10 0.03879134340547162 0.4457869183753943 0.007349938750510413 0.006533278889342589
9 0.4571253572886892 0.5724325956230285 0.011841567986933444 0.009391588403429973
9 0.28685177623519803 0.6968349516955835 0.011841567986933444 0.009391588403429973
10 0.9314005716619029 0.41927494085173506 0.007349938750510413 0.006533278889342589
