10 0.06801470588235294 0.5202205882352942 0.03676470588235294 0.034926470588235295
4 0.8290441176470589 0.9154411764705882 0.08823529411764705 0.049632352941176475
4 0.06801470588235294 0.916360294117647 0.08823529411764705 0.05514705882352942
10 0.4485294117647059 0.10202205882352941 0.03308823529411765 0.03676470588235294
8 0.31985294117647056 0.7748161764705883 0.14705882352941177 0.14705882352941177
10 0.7012867647058824 0.8152573529411764 0.034926470588235295 0.03676470588235294
10 0.06709558823529412 0.8143382352941178 0.034926470588235295 0.034926470588235295
4 0.7012867647058824 0.9154411764705882 0.08639705882352941 0.049632352941176475
6 0.8290441176470589 0.7647058823529412 0.07352941176470588 0.14154411764705882
0 0.36121323529411764 0.2647058823529412 0.0974264705882353 0.12316176470588236
2 0.27941176470588236 0.521139705882353 0.09926470588235295 0.12132352941176472
4 0.32077205882352944 0.9136029411764705 0.08639705882352941 0.05330882352941176
0 0.5358455882352942 0.265625 0.0974264705882353 0.12132352941176472
