6 0.13739376770538245 0.36435406698564593 0.036827195467422094 0.09915014164305949
4 0.13739376770538245 0.6243421052631579 0.042492917847025496 0.025495750708215296
6 0.47733711048158634 0.30077003588516743 0.1274787535410765 0.039660056657223795
10 0.970254957507082 0.49576106459330144 0.019830028328611898 0.0169971671388102
6 0.6926345609065155 0.7048818779904307 0.12181303116147309 0.039660056657223795
4 0.34419263456090654 0.5480412679425838 0.0481586402266289 0.025495750708215296
13 0.1359773371104816 0.49434808612440195 0.039660056657223795 0.042492917847025496
15 0.4943342776203966 0.4590236244019139 0.18413597733711048 0.13031161473087818
15 0.8045325779036826 0.49434808612440195 0.1813031161473088 0.1274787535410765
4 0.8229461756373938 0.757162081339713 0.0481586402266289 0.025495750708215296
13 0.2308781869688385 0.49434808612440195 0.042492917847025496 0.042492917847025496
10 0.6926345609065155 0.6808612440191387 0.025495750708215296 0.025495750708215296
10 0.5764872521246459 0.35870215311004783 0.025495750708215296 0.025495750708215296
10 0.5155807365439093 0.7020559210526316 0.028328611898016998 0.0226628895184136
10 0.886685552407932 0.3954395933014354 0.028328611898016998 0.019830028328611898
10 0.19830028328611898 0.23436004784688996 0.028328611898016998 0.025495750708215296
10 0.5637393767705382 0.6271680622009569 0.0226628895184136 0.025495750708215296
