10 0.8606927710843374 0.43375912408759126 0.0707831325301205 0.0391566265060241
0 0.2213855421686747 0.3396669708029197 0.04216867469879518 0.07379518072289157
4 0.07605421686746988 0.829698905109489 0.055722891566265066 0.018072289156626505
2 0.2522590361445783 0.7491560218978102 0.03463855421686747 0.07379518072289157
2 0.3674698795180723 0.7484032846715329 0.03313253012048193 0.07228915662650602
2 0.5466867469879518 0.7506614963503649 0.03313253012048193 0.07078313253012049
0 0.5399096385542169 0.3389142335766423 0.043674698795180725 0.07228915662650602
10 0.865210843373494 0.5918339416058394 0.0707831325301205 0.0391566265060241
2 0.3667168674698795 0.6460310218978103 0.03162650602409638 0.07228915662650602
0 0.09563253012048192 0.22449817518248177 0.043674698795180725 0.07228915662650602
0 0.36069277108433734 0.3833257299270073 0.043674698795180725 0.07078313253012049
0 0.22213855421686746 0.22374543795620436 0.043674698795180725 0.07078313253012049
2 0.25301204819277107 0.6445255474452555 0.03313253012048193 0.07228915662650602
2 0.5451807228915663 0.5376368613138687 0.03313253012048193 0.07228915662650602
2 0.545933734939759 0.6452782846715329 0.03162650602409638 0.07078313253012049
10 0.8621987951807227 0.6911952554744525 0.0707831325301205 0.0391566265060241
0 0.36069277108433734 0.26740419708029195 0.043674698795180725 0.07078313253012049
5 0.07906626506024096 0.14019160583941606 0.05873493975903614 0.018072289156626505
10 0.8621987951807227 0.48494525547445255 0.0707831325301205 0.0391566265060241
8 0.07605421686746988 0.5700045620437957 0.0858433734939759 0.08283132530120482
0 0.7356927710843374 0.33740875912408763 0.043674698795180725 0.07228915662650602
0 0.5399096385542169 0.2252509124087591 0.043674698795180725 0.07078313253012049
0 0.7356927710843374 0.22374543795620436 0.043674698795180725 0.07078313253012049
2 0.7417168674698795 0.6445255474452555 0.03162650602409638 0.07228915662650602
2 0.7424698795180723 0.7476505474452555 0.03313253012048193 0.07078313253012049
10 0.8614457831325302 0.27493156934306573 0.07228915662650602 0.04066265060240964
0 0.09487951807228916 0.3389142335766423 0.045180722891566265 0.07228915662650602
