2 0.2971542025148908 0.4790213388214905 0.03970880211780279 0.05095962938451357
4 0.3625082726671079 0.7626462305025996 0.05261416280608868 0.02746525479814692
2 0.7554599602911979 0.6364438908145581 0.04037061548643282 0.05261416280608868
2 0.6532097948378557 0.3704939341421144 0.04037061548643282 0.05327597617471873
14 0.6394771674387822 0.5388187824956672 0.01886168100595632 0.05095962938451357
9 0.5471542025148908 0.3658687175043328 0.021508934480476506 0.014228987425545996
2 0.8668100595632031 0.31796468804159445 0.03342157511581734 0.051952349437458634
10 0.4811383189940437 0.48001245667244363 0.015883520847121115 0.014559894109861018
2 0.8668100595632031 0.6361135181975737 0.03474520185307743 0.05261416280608868
2 0.42885506287227004 0.31680838388214905 0.033752481800132364 0.04963600264725347
10 0.9116479152878888 0.4806732019064125 0.017207147584381206 0.01654533421575116
2 0.5322634017207147 0.6380957538994801 0.03739245532759762 0.051952349437458634
10 0.24884182660489743 0.4801776429809359 0.015221707478491067 0.014890800794176044
2 0.42885506287227004 0.4781954072790294 0.03309066843150232 0.04930509596293846
2 0.19556585043017868 0.6371046360485269 0.03639973527465255 0.050628722700198546
12 0.34745201853077434 0.6374350086655113 0.03838517538054269 0.051952349437458634
2 0.5304434149569821 0.4322736135181976 0.03639973527465255 0.0499669093315685
2 0.29533421575115815 0.31796468804159445 0.03739245532759762 0.05129053606882859
9 0.414295168762409 0.4284743284228769 0.019192587690271344 0.011912640635340834
10 0.05923229649238915 0.23834488734835357 0.010589013898080741 0.010919920582395765
2 0.19457313037723362 0.4783605935875217 0.03970880211780279 0.05228325612177366
2 0.7885506287227002 0.37065912045060656 0.03772336201191264 0.0542686962276638
2 0.19324950363997354 0.31746912911611785 0.037061548643282594 0.05228325612177366
2 0.6538716082064858 0.6369394497400347 0.03970880211780279 0.05228325612177366
10 0.05972865651886168 0.7190370450606586 0.01753805426869623 0.016876240900066182
