21 0.7647058823529411 0.7728092783505155 0.03294117647058824 0.07058823529411765
21 0.8247058823529411 0.5940721649484535 0.06823529411764706 0.02823529411764706
12 0.7058823529411765 0.4564916237113402 0.03294117647058824 0.06352941176470588
12 0.1188235294117647 0.5940721649484535 0.03529411764705882 0.06588235294117646
12 0.2576470588235294 0.6951997422680413 0.03529411764705882 0.06588235294117646
12 0.64 0.7739851804123712 0.042352941176470586 0.06823529411764706
12 0.4682352941176471 0.7751610824742269 0.03764705882352941 0.06588235294117646
21 0.5588235294117647 0.8751127577319588 0.03058823529411765 0.06823529411764706
12 0.6811764705882353 0.13311855670103095 0.03529411764705882 0.0611764705882353
12 0.3835294117647059 0.6951997422680413 0.03764705882352941 0.06588235294117646
12 0.6623529411764706 0.5940721649484535 0.03529411764705882 0.06588235294117646
10 0.8847058823529412 0.9233247422680412 0.03294117647058824 0.03294117647058823
14 0.3176470588235294 0.5 0.03294117647058824 0.023529411764705882
12 0.11647058823529413 0.7798646907216495 0.03529411764705882 0.07058823529411765
21 0.6505882352941177 0.25776417525773193 0.025882352941176467 0.06588235294117646
11 0.5705882352941176 0.2518846649484536 0.03529411764705882 0.06352941176470588
21 0.7647058823529411 0.5329252577319588 0.03294117647058824 0.07058823529411765
21 0.7658823529411765 0.25776417525773193 0.03058823529411765 0.06588235294117646
21 0.6494117647058824 0.8751127577319588 0.02823529411764706 0.06823529411764706
11 0.3847058823529412 0.33184600515463913 0.03529411764705882 0.06352941176470588
21 0.4576470588235294 0.22719072164948456 0.03058823529411765 0.06588235294117646
14 0.14 0.5376288659793814 0.025882352941176467 0.02823529411764706
10 0.8858823529411766 0.08490657216494846 0.03058823529411765 0.03058823529411765
12 0.4682352941176471 0.5928962628865979 0.03294117647058824 0.06352941176470588
21 0.691764705882353 0.25776417525773193 0.02823529411764706 0.06588235294117646
11 0.25882352941176473 0.4094555412371134 0.03764705882352941 0.06823529411764706
12 0.07058823529411765 0.69284793814433 0.03294117647058824 0.06588235294117646
12 0.7529411764705882 0.8692332474226804 0.03764705882352941 0.06588235294117646
10 0.8858823529411766 0.5917203608247423 0.03058823529411765 0.03294117647058823
12 0.5494117647058824 0.5917203608247423 0.04 0.07058823529411765
12 0.5494117647058824 0.7739851804123712 0.04 0.06823529411764706
12 0.25882352941176473 0.8751127577319588 0.03764705882352941 0.06823529411764706
21 0.2 0.5388047680412371 0.07058823529411765 0.03058823529411765
