0 0.4803963808703145 0.42662430395545314 0.06031882809133994 0.06936665230504094
6 0.26109435588108576 0.48155481950844853 0.034467901766479965 0.05687203791469194
2 0.6184834123222749 0.6943836405529954 0.05644118914261095 0.06548901335631194
0 0.2837139164153382 0.39517389112903223 0.05988797931925895 0.06764325721671693
10 0.6921585523481258 0.506327404953917 0.024558380008616976 0.01852649719948298
8 0.07324429125376992 0.3318422379032258 0.05773373545885394 0.048685911245152945
4 0.7160706591986212 0.7596540178571429 0.03705299439896596 0.01766479965532098
2 0.23545885394226626 0.591200436827957 0.05816458423093494 0.06591986212839293
0 0.6186988367083154 0.42662430395545314 0.05773373545885394 0.06591986212839293
10 0.92244722102542 0.6228662634408602 0.00947867298578199 0.008616975441619991
2 0.23567427832830673 0.6971840197772659 0.055148642826367944 0.06591986212839293
2 0.0978026712623869 0.6973994335637481 0.056010340370529946 0.06635071090047392
2 0.9233089185695821 0.39495847734254996 0.056010340370529946 0.06462731581214994
2 0.0973718224903059 0.591200436827957 0.05945713054717794 0.06591986212839293
10 0.971133132270573 0.39517389112903223 0.01034037052994399 0.00904782421370099
0 0.480180956484274 0.30426927323348696 0.05988797931925895 0.06850495476087894
0 0.28285221887117623 0.3034076180875576 0.05988797931925895 0.06850495476087894
2 0.4803963808703145 0.5894771265360983 0.05773373545885394 0.06678155967255493
2 0.48082722964239555 0.6941682267665131 0.056010340370529946 0.06591986212839293
6 0.07345971563981042 0.504388680875576 0.034037052994398964 0.05687203791469194
2 0.6189142610943559 0.5888308851766514 0.05644118914261095 0.06721240844463593
2 0.873761309780267 0.6232970910138249 0.055148642826367944 0.06635071090047392
2 0.7725118483412322 0.39582013248847925 0.056010340370529946 0.06462731581214994
0 0.6186988367083154 0.30211513536866363 0.05687203791469194 0.06764325721671693
5 0.2602326583369237 0.26463313652073733 0.016372253339077984 0.006462731581214994
5 0.45605342524773806 0.264417722734255 0.015941404566996983 0.006893580353295993
10 0.7236105127100387 0.3953893049155146 0.003877638948728996 0.004308487720809996
