6 0.7882775119617225 0.7021267361111112 0.0215311004784689 0.04784688995215311
11 0.492822966507177 0.5075737847222221 0.03349282296650717 0.05502392344497607
4 0.5681818181818182 0.6197699652777777 0.02631578947368421 0.016746411483253586
6 0.7009569377990431 0.3082465277777778 0.023923444976076555 0.04784688995215311
4 0.3492822966507177 0.7725477430555556 0.023923444976076555 0.016746411483253586
12 0.8851674641148325 0.6579644097222223 0.028708133971291867 0.05502392344497607
4 0.4784688995215311 0.7725477430555556 0.023923444976076555 0.016746411483253586
12 0.6889952153110048 0.6603515625 0.028708133971291867 0.05502392344497607
11 0.4019138755980861 0.39776475694444446 0.03349282296650717 0.05502392344497607
6 0.4150717703349282 0.3094401041666667 0.02631578947368421 0.050239234449760764
11 0.5777511961722488 0.5517361111111111 0.031100478468899524 0.05741626794258373
4 0.6973684210526315 0.7725477430555556 0.02631578947368421 0.016746411483253586
6 0.8971291866028708 0.3082465277777778 0.023923444976076555 0.04784688995215311
12 0.3588516746411483 0.7033203125 0.03349282296650717 0.050239234449760764
11 0.2284688995215311 0.3309244791666667 0.031100478468899524 0.05502392344497607
11 0.8851674641148325 0.3965711805555555 0.028708133971291867 0.05263157894736842
12 0.46770334928229673 0.7033203125 0.031100478468899524 0.050239234449760764
11 0.33851674641148327 0.5063802083333333 0.031100478468899524 0.05741626794258373
11 0.20813397129186603 0.5517361111111111 0.03349282296650717 0.05263157894736842
4 0.21650717703349281 0.6197699652777777 0.0215311004784689 0.016746411483253586
12 0.7751196172248804 0.5493489583333334 0.028708133971291867 0.05263157894736842
4 0.10645933014354067 0.4443142361111111 0.0215311004784689 0.014354066985645933
4 0.7870813397129187 0.7713541666666666 0.023923444976076555 0.014354066985645933
6 0.10765550239234449 0.3738932291666667 0.019138755980861243 0.045454545454545456
4 0.8947368421052632 0.7725477430555556 0.023923444976076555 0.016746411483253586
10 0.638755980861244 0.5505425347222223 0.009569377990430622 0.011961722488038277
10 0.1507177033492823 0.5505425347222223 0.009569377990430622 0.011961722488038277
10 0.9425837320574162 0.5624782986111111 0.009569377990430622 0.011961722488038277
11 0.687799043062201 0.3989583333333333 0.03588516746411483 0.05741626794258373
