6 0.7392290249433107 0.2728273266423358 0.06349206349206349 0.031746031746031744
15 0.7505668934240363 0.432433280109489 0.08616780045351474 0.0839002267573696
6 0.5793650793650794 0.2728273266423358 0.06575963718820861 0.031746031746031744
15 0.41156462585034015 0.5897753193430657 0.08843537414965986 0.08616780045351474
6 0.39909297052154197 0.49921875 0.06349206349206349 0.031746031746031744
6 0.3968253968253968 0.3860230383211679 0.06349206349206349 0.031746031746031744
6 0.7426303854875284 0.5920392335766423 0.06575963718820861 0.031746031746031744
4 0.8412698412698413 0.7403256158759125 0.045351473922902494 0.02494331065759637
4 0.2074829931972789 0.7414575729927008 0.04308390022675737 0.022675736961451247
4 0.048752834467120185 0.37809933850364963 0.04308390022675737 0.02494331065759637
6 0.5804988662131519 0.590907276459854 0.06802721088435375 0.03401360544217687
10 0.20861678004535147 0.6124144616788321 0.022675736961451247 0.022675736961451247
10 0.9115646258503401 0.4313013229927007 0.022675736961451247 0.022675736961451247
15 0.4104308390022676 0.2750912408759124 0.09070294784580499 0.08616780045351474
6 0.29705215419501135 0.44488480839416056 0.031746031746031744 0.06802721088435373
4 0.9104308390022677 0.5603444343065693 0.04308390022675737 0.022675736961451247
10 0.05102040816326531 0.252452098540146 0.029478458049886618 0.022675736961451247
