12 0.48536036036036034 0.5971492346938776 0.042792792792792786 0.06756756756756757
0 0.33783783783783783 0.3450063775510204 0.06756756756756757 0.07657657657657657
2 0.3322072072072072 0.4823341836734694 0.05630630630630631 0.08108108108108107
6 0.8186936936936938 0.6568080357142857 0.033783783783783786 0.060810810810810814
12 0.13963963963963963 0.5948979591836735 0.04504504504504504 0.06756756756756757
9 0.46621621621621623 0.43055484693877555 0.018018018018018018 0.013513513513513514
6 0.30518018018018017 0.6872002551020409 0.033783783783783786 0.05855855855855856
2 0.2150900900900901 0.40579081632653063 0.07882882882882883 0.05855855855855856
10 0.8490990990990991 0.7614923469387755 0.013513513513513514 0.013513513513513514
9 0.3063063063063063 0.5926466836734694 0.018018018018018018 0.013513513513513514
0 0.6621621621621622 0.3416294642857143 0.07207207207207207 0.07882882882882883
9 0.40878378378378377 0.26283482142857145 0.020270270270270268 0.015765765765765764
10 0.09346846846846847 0.26396045918367345 0.02927927927927928 0.02252252252252252
9 0.8873873873873874 0.2617091836734694 0.02252252252252252 0.018018018018018018
9 0.46621621621621623 0.5341135204081633 0.018018018018018018 0.013513513513513514
10 0.8941441441441441 0.5701339285714285 0.018018018018018018 0.018018018018018018
0 0.9268018018018018 0.34275510204081633 0.0698198198198198 0.08108108108108107
9 0.46621621621621623 0.4823341836734694 0.018018018018018018 0.013513513513513514
6 0.4673423423423423 0.6883258928571429 0.033783783783783786 0.060810810810810814
6 0.12274774774774774 0.34050382653061223 0.033783783783783786 0.05855855855855856
10 0.9887387387387389 0.26396045918367345 0.018018018018018018 0.018018018018018018
12 0.6734234234234234 0.5971492346938776 0.04504504504504504 0.06756756756756757
10 0.09346846846846847 0.7581154336734695 0.02927927927927928 0.024774774774774775
0 0.49774774774774777 0.34275510204081633 0.06756756756756757 0.07657657657657657
0 0.7871621621621622 0.34275510204081633 0.0698198198198198 0.08108108108108107
