14 0.5685714285714286 0.47854492187500003 0.02857142857142857 0.012857142857142855
10 0.9392857142857143 0.2568359375 0.06428571428571427 0.02857142857142857
10 0.9392857142857143 0.656767578125 0.06428571428571427 0.027142857142857142
10 0.05928571428571429 0.656767578125 0.06428571428571427 0.027142857142857142
14 0.1792857142857143 0.514189453125 0.015714285714285715 0.027142857142857142
14 0.32857142857142857 0.288916015625 0.02571428571428571 0.015714285714285715
21 0.8492857142857144 0.41438476562500004 0.018571428571428572 0.04142857142857142
14 0.5685714285714286 0.6959765625000001 0.02571428571428571 0.017142857142857144
14 0.24928571428571428 0.287490234375 0.027142857142857142 0.012857142857142855
14 0.6207142857142857 0.377314453125 0.012857142857142855 0.027142857142857142
21 0.7671428571428571 0.438623046875 0.039999999999999994 0.018571428571428572
21 0.6871428571428572 0.4393359375 0.039999999999999994 0.02
10 0.9392857142857143 0.514189453125 0.06714285714285714 0.027142857142857142
15 0.7307142857142858 0.5975976562499999 0.06142857142857142 0.07428571428571429
10 0.05928571428571429 0.51490234375 0.06428571428571427 0.02857142857142857
14 0.7285714285714285 0.47854492187500003 0.02857142857142857 0.012857142857142855
21 0.6871428571428572 0.377314453125 0.039999999999999994 0.018571428571428572
21 0.8492857142857144 0.613994140625 0.018571428571428572 0.04142857142857142
21 0.5271428571428571 0.438623046875 0.039999999999999994 0.018571428571428572
14 0.2092857142857143 0.6075781250000001 0.027142857142857142 0.014285714285714285
10 0.9399999999999998 0.736611328125 0.06571428571428571 0.027142857142857142
21 0.24928571428571428 0.61470703125 0.018571428571428572 0.04
4 0.33 0.34095703125 0.037142857142857144 0.014285714285714285
21 0.5271428571428571 0.37802734375 0.039999999999999994 0.017142857142857144
4 0.6485714285714286 0.6824316406250001 0.037142857142857144 0.015714285714285715
15 0.39071428571428574 0.49708007812500005 0.06428571428571427 0.07285714285714286
21 0.28714285714285714 0.377314453125 0.04285714285714286 0.018571428571428572
21 0.6071428571428571 0.438623046875 0.039999999999999994 0.02142857142857143
14 0.78 0.377314453125 0.014285714285714285 0.027142857142857142
17 0.08428571428571428 0.397275390625 0.037142857142857144 0.03571428571428571
21 0.12714285714285714 0.514189453125 0.039999999999999994 0.018571428571428572
14 0.8485714285714285 0.47854492187500003 0.02857142857142857 0.018571428571428572
4 0.24785714285714286 0.337392578125 0.027142857142857142 0.01
21 0.44642857142857145 0.377314453125 0.044285714285714275 0.018571428571428572
21 0.2864285714285714 0.514189453125 0.044285714285714275 0.018571428571428572
