21 0.1675 0.69740625 0.021666666666666667 0.058333333333333334
4 0.4074999999999999 0.33767095588235296 0.04166666666666667 0.025
14 0.3 0.6965735294117648 0.04 0.02
10 0.8241666666666667 0.6516066176470589 0.03833333333333333 0.03666666666666667
21 0.5958333333333333 0.4184448529411764 0.021666666666666667 0.056666666666666664
15 0.29583333333333334 0.3967941176470588 0.075 0.08666666666666667
14 0.4066666666666666 0.23940992647058823 0.04 0.021666666666666667
10 0.9058333333333334 0.6524393382352941 0.03833333333333333 0.03833333333333333
14 0.6858333333333333 0.4967205882352941 0.018333333333333333 0.04
14 0.4408333333333333 0.7073988970588234 0.03833333333333333 0.018333333333333333
21 0.7391666666666666 0.3301764705882353 0.058333333333333334 0.02
14 0.5316666666666666 0.23774448529411765 0.04 0.018333333333333333
4 0.7375 0.5466838235294118 0.03833333333333333 0.023333333333333338
14 0.555 0.7007371323529411 0.04 0.018333333333333333
21 0.3775 0.646610294117647 0.058333333333333334 0.02
10 0.6808333333333333 0.646610294117647 0.03833333333333333 0.03666666666666667
4 0.37166666666666665 0.7856746323529411 0.04 0.025
4 0.825 0.7590275735294117 0.043333333333333335 0.025
10 0.04833333333333333 0.38013970588235296 0.03666666666666667 0.03666666666666667
14 0.1675 0.6307886029411764 0.03833333333333333 0.018333333333333333
4 0.265 0.5375238970588235 0.03666666666666667 0.025
21 0.4774999999999999 0.4892261029411765 0.021666666666666667 0.058333333333333334
21 0.12833333333333333 0.3809724264705882 0.06 0.021666666666666667
19 0.735 0.28437683823529414 0.06 0.021666666666666667
10 0.8933333333333333 0.1894466911764706 0.04 0.03833333333333333
10 0.8949999999999999 0.32934375 0.04 0.03833333333333333
