14 0.8972691807542261 0.6169181034482759 0.03120936280884265 0.018205461638491547
13 0.7230169050715215 0.5578095067049809 0.03381014304291287 0.019505851755526656
14 0.7223667100130039 0.4415409482758621 0.02990897269180754 0.018205461638491547
13 0.2171651495448635 0.30513649425287354 0.03381014304291287 0.02080624187256177
21 0.7997399219765929 0.25642061781609193 0.018205461638491547 0.035110533159947985
14 0.6248374512353706 0.24667744252873564 0.032509752925877766 0.015604681404421325
10 0.9525357607282186 0.5 0.035110533159947985 0.018205461638491547
21 0.840702210663199 0.684470785440613 0.01950585175552666 0.03381014304291287
13 0.7028608582574772 0.19861111111111113 0.014304291287386214 0.015604681404421325
14 0.13654096228868662 0.2460278975095785 0.03381014304291287 0.019505851755526656
12 0.7321196358907672 0.34345965038314175 0.023407022106631988 0.04291287386215865
13 0.35240572171651496 0.713700311302682 0.03381014304291287 0.019505851755526656
21 0.35240572171651496 0.4311482279693486 0.02080624187256177 0.03381014304291287
21 0.8010403120936281 0.7429298371647509 0.018205461638491547 0.03381014304291287
21 0.4024707412223667 0.6747276101532567 0.035110533159947985 0.019505851755526656
14 0.2555266579973992 0.6357549090038315 0.032509752925877766 0.016905071521456434
14 0.6248374512353706 0.7539721024904215 0.032509752925877766 0.014304291287386214
21 0.5383615084525357 0.7143498563218391 0.036410923276983094 0.018205461638491547
21 0.40052015604681407 0.3246228448275862 0.03381014304291287 0.018205461638491547
10 0.9525357607282186 0.7916457136015326 0.0377113133940182 0.016905071521456434
21 0.6749024707412223 0.30513649425287354 0.03381014304291287 0.018205461638491547
14 0.44928478543563066 0.6156190134099617 0.032509752925877766 0.018205461638491547
21 0.3517555266579974 0.5675526819923371 0.01950585175552666 0.03381014304291287
13 0.0988296488946684 0.30513649425287354 0.03381014304291287 0.018205461638491547
13 0.2152145643693108 0.713700311302682 0.032509752925877766 0.019505851755526656
14 0.488296488946684 0.38243235153256705 0.02990897269180754 0.016905071521456434
21 0.8016905071521456 0.4415409482758621 0.0247074122236671 0.044213263979193757
11 0.7314694408322496 0.6558908045977012 0.0247074122236671 0.044213263979193757
14 0.488296488946684 0.6162685584291188 0.032509752925877766 0.019505851755526656
14 0.8972691807542261 0.3830818965517241 0.03120936280884265 0.018205461638491547
14 0.6644993498049415 0.5584590517241379 0.03381014304291287 0.02080624187256177
21 0.8023407022106632 0.5591085967432949 0.023407022106631988 0.045513654096228866
12 0.43107932379713915 0.7838511733716474 0.045513654096228866 0.022106631989596878
14 0.13654096228868662 0.7533225574712643 0.03120936280884265 0.018205461638491547
21 0.6742522756827048 0.7130507662835248 0.035110533159947985 0.018205461638491547
14 0.44993498049414826 0.38178280651340996 0.03120936280884265 0.015604681404421325
14 0.020156046814044214 0.2460278975095785 0.032509752925877766 0.019505851755526656
21 0.8400520156046815 0.3148796695402299 0.018205461638491547 0.03250975292587776
14 0.25487646293888166 0.38178280651340996 0.03120936280884265 0.015604681404421325
14 0.020156046814044214 0.7526730124521073 0.02990897269180754 0.019505851755526656
13 0.09817945383615084 0.713700311302682 0.032509752925877766 0.019505851755526656
14 0.665149544863459 0.4415409482758621 0.032509752925877766 0.02080624187256177
10 0.953185955786736 0.2070551963601533 0.036410923276983094 0.019505851755526656
19 0.056566970091027305 0.45063457854406136 0.01950585175552666 0.06501950585175552
2 0.7035110533159948 0.2219947318007663 0.05461638491547464 0.036410923276983094
13 0.7431729518855656 0.802687978927203 0.014304291287386214 0.015604681404421325
13 0.35240572171651496 0.24667744252873564 0.03381014304291287 0.018205461638491547
12 0.4505851755526658 0.7461775622605364 0.04811443433029909 0.0247074122236671
13 0.35240572171651496 0.28565014367816094 0.03381014304291287 0.018205461638491547
13 0.35240572171651496 0.7526730124521073 0.03381014304291287 0.019505851755526656
19 0.09622886866059818 0.5675526819923371 0.02080624187256177 0.07022106631989597
19 0.09557867360208062 0.4499850335249042 0.01950585175552666 0.07152145643693107
21 0.5377113133940182 0.3044869492337165 0.035110533159947985 0.019505851755526656
11 0.43172951885565675 0.2148497365900383 0.0494148244473342 0.0247074122236671
12 0.44863459037711306 0.2538224377394636 0.0494148244473342 0.0247074122236671
0 0.7431729518855656 0.7780052681992338 0.05331599479843953 0.036410923276983094
