14 0.5895249695493301 0.2735692771084337 0.02679658952496955 0.014616321559074299
11 0.7758830694275274 0.6113893072289156 0.029232643118148598 0.047503045066991476
14 0.0876979293544458 0.47747866465863453 0.012180267965895249 0.02801461632155907
12 0.5322777101096224 0.6576493473895583 0.031668696711327646 0.047503045066991476
14 0.49634591961023145 0.6113893072289156 0.013398294762484775 0.025578562728380022
12 0.6540803897685749 0.3192206325301205 0.031668696711327646 0.049939098660170524
12 0.8361753958587089 0.3192206325301205 0.03045066991473812 0.049939098660170524
14 0.9171741778319124 0.5876506024096386 0.02679658952496955 0.014616321559074299
11 0.41473812423873324 0.3313943273092369 0.03045066991473812 0.049939098660170524
21 0.7880633373934226 0.5359123995983935 0.01705237515225335 0.040194884287454324
14 0.13398294762484775 0.5359123995983935 0.02679658952496955 0.013398294762484775
11 0.8361753958587089 0.6649535642570281 0.03045066991473812 0.052375152253349565
21 0.9171741778319124 0.5353037148594377 0.01705237515225335 0.041412911084043845
21 0.6656516443361754 0.5353037148594377 0.018270401948842874 0.041412911084043845
4 0.9159561510353228 0.6345193273092369 0.02679658952496955 0.018270401948842874
4 0.33191230207064554 0.4306099397590362 0.02801461632155907 0.01705237515225335
21 0.8471376370280146 0.5359123995983935 0.018270401948842874 0.040194884287454324
11 0.27344701583434833 0.3307856425702811 0.03288672350791717 0.051157125456760044
14 0.39037758830694275 0.37765436746987946 0.013398294762484775 0.025578562728380022
11 0.6546894031668696 0.6588667168674699 0.03045066991473812 0.049939098660170524
14 0.3215590742996346 0.2613955823293173 0.02679658952496955 0.012180267965895249
14 0.3447015834348356 0.6107806224899599 0.012180267965895249 0.02679658952496955
11 0.2978075517661389 0.49573920682730926 0.03045066991473812 0.04506699147381242
21 0.7880633373934226 0.45373995983935744 0.01705237515225335 0.03897685749086479
21 0.5438489646772229 0.45373995983935744 0.018270401948842874 0.041412911084043845
21 0.8471376370280146 0.45313127510040163 0.018270401948842874 0.040194884287454324
14 0.5901339829476249 0.717300451807229 0.02801461632155907 0.013398294762484775
11 0.22838002436053592 0.49573920682730926 0.03045066991473812 0.047503045066991476
21 0.146163215590743 0.47747866465863453 0.041412911084043845 0.015834348355663823
21 0.5426309378806333 0.37217620481927705 0.015834348355663823 0.03897685749086479
12 0.5791717417783191 0.41356676706827306 0.03045066991473812 0.048721071863580996
21 0.6650426309378806 0.45373995983935744 0.0194884287454324 0.041412911084043845
21 0.3313032886723508 0.37887173694779114 0.01705237515225335 0.04263093788063337
21 0.5426309378806333 0.7337349397590361 0.018270401948842874 0.041412911084043845
21 0.3800243605359318 0.5353037148594377 0.01705237515225335 0.041412911084043845
21 0.18087697929354446 0.5359123995983935 0.015834348355663823 0.040194884287454324
21 0.42691839220462857 0.2547000502008032 0.018270401948842874 0.04263093788063337
4 0.13337393422655297 0.6046937751004016 0.02801461632155907 0.01705237515225335
12 0.7777101096224117 0.37765436746987946 0.02801461632155907 0.047503045066991476
4 0.8934226552984166 0.4300012550200803 0.02801461632155907 0.018270401948842874
11 0.6546894031668696 0.3192206325301205 0.03045066991473812 0.049939098660170524
14 0.3447015834348356 0.5760855923694779 0.024360535931790498 0.02801461632155907
21 0.5456760048721072 0.565129267068273 0.0194884287454324 0.04263093788063337
21 0.4549330085261875 0.49573920682730926 0.04263093788063337 0.018270401948842874
21 0.2630937880633374 0.25652610441767065 0.0194884287454324 0.04384896467722289
10 0.01705237515225335 0.5298255522088353 0.012180267965895249 0.010962241169305723
10 0.01705237515225335 0.5188692269076306 0.012180267965895249 0.010962241169305723
10 0.9646772228989038 0.36730672690763055 0.014616321559074299 0.012180267965895249
10 0.9634591961023142 0.35452434738955824 0.014616321559074299 0.013398294762484775
21 0.23995127892813645 0.74773468875502 0.0194884287454324 0.04263093788063337
21 0.2862362971985384 0.7355609939759036 0.0194884287454324 0.04263093788063337
13 0.3556638246041413 0.2559174196787149 0.029232643118148598 0.018270401948842874
13 0.35627283800243603 0.30278614457831327 0.03045066991473812 0.019488428745432395
