14 0.8665 0.4191339792060491 0.023 0.011
21 0.4655 0.42113067107750474 0.025 0.015
12 0.7405 0.6876890359168242 0.017 0.025
11 0.6015 0.4191339792060491 0.015 0.025
11 0.69 0.4191339792060491 0.016 0.025
14 0.496 0.4615636814744802 0.022 0.012
4 0.925 0.5339437618147448 0.024 0.013000000000000001
11 0.6 0.598836247637051 0.016 0.025
21 0.7455 0.39118029300567103 0.015 0.025
11 0.6905 0.598836247637051 0.017 0.025
10 0.195 0.5099834593572778 0.026000000000000002 0.027000000000000003
21 0.645 0.48153060018903593 0.014000000000000002 0.024
10 0.0345 0.4605653355387524 0.027000000000000003 0.028000000000000004
21 0.43550000000000005 0.7196361058601134 0.015 0.025
21 0.43550000000000005 0.3811968336483932 0.013000000000000001 0.027000000000000003
0 0.42699999999999994 0.32928284499054816 0.022 0.028999999999999998
21 0.6055 0.7191369328922496 0.015 0.026000000000000002
21 0.7455 0.5399338374291116 0.015 0.025
21 0.4655 0.599335420604915 0.025 0.014000000000000002
21 0.6055 0.30132915879017014 0.015 0.027000000000000003
14 0.5555 0.5484197778827977 0.023 0.012
12 0.7405 0.330281190926276 0.015 0.025
21 0.9555 0.5099834593572778 0.025 0.013000000000000001
21 0.745 0.6292857986767485 0.014000000000000002 0.026000000000000002
14 0.43550000000000005 0.46905127599243857 0.023 0.011
14 0.8055 0.5918478260869565 0.023 0.011
14 0.8065 0.42212901701323247 0.020999999999999998 0.011
14 0.5555 0.46955044896030246 0.023 0.01
14 0.8665 0.5888527882797732 0.023 0.011
14 0.256 0.5718809073724007 0.024 0.011
14 0.496 0.5509156427221172 0.022 0.013000000000000001
14 0.0755 0.36921668241965977 0.023 0.013000000000000001
14 0.3155 0.4186348062381852 0.023 0.012
2 0.4295 0.6677221172022685 0.019 0.028999999999999998
14 0.3165 0.598836247637051 0.023 0.011
21 0.646 0.5399338374291116 0.014000000000000002 0.025
14 0.255 0.4635603733459357 0.026000000000000002 0.012
14 0.43600000000000005 0.5484197778827977 0.022 0.012
10 0.195 0.2718779536862004 0.026000000000000002 0.028000000000000004
21 0.746 0.481031427221172 0.014000000000000002 0.025
13 0.1795 0.4161389413988658 0.020999999999999998 0.020999999999999998
10 0.9040000000000001 0.36073074196597354 0.006 0.006
10 0.905 0.6592361767485821 0.006 0.006
13 0.1805 0.3856893903591682 0.020999999999999998 0.022
10 0.795 0.2708796077504726 0.006 0.006
10 0.195 0.749586483931947 0.026000000000000002 0.027000000000000003
10 0.036 0.3412629962192817 0.026000000000000002 0.027000000000000003
10 0.805 0.749586483931947 0.006 0.007000000000000001
13 0.1515 0.3856893903591682 0.020999999999999998 0.022
13 0.152 0.4171372873345936 0.02 0.020999999999999998
13 0.375 0.47454217863894144 0.018 0.016
13 0.376 0.5534115075614366 0.018 0.016
