19 0.7281947261663286 0.6204028799019607 0.016227180527383367 0.04563894523326572
14 0.2834685598377282 0.46778186274509803 0.017241379310344827 0.036511156186612576
12 0.4710953346855984 0.46828890931372547 0.02738336713995943 0.05172413793103449
4 0.565922920892495 0.6761780024509804 0.036511156186612576 0.017241379310344827
6 0.37829614604462475 0.3876685049019608 0.02434077079107505 0.05070993914807302
4 0.47920892494929007 0.6761780024509804 0.035496957403651115 0.017241379310344827
4 0.377789046653144 0.6761780024509804 0.035496957403651115 0.017241379310344827
14 0.8412778904665315 0.5615854779411764 0.037525354969574036 0.017241379310344827
6 0.4802231237322515 0.5920082720588236 0.02332657200811359 0.05172413793103449
19 0.7281947261663286 0.5189935661764705 0.016227180527383367 0.04563894523326572
14 0.6749492900608519 0.39527420343137254 0.017241379310344827 0.037525354969574036
6 0.4787018255578094 0.3440625 0.02231237322515213 0.0486815415821501
9 0.37829614604462475 0.4672748161764706 0.012170385395537525 0.011156186612576065
14 0.5664300202839757 0.5904871323529413 0.037525354969574036 0.018255578093306288
18 0.08823529411764706 0.4084574142156863 0.04665314401622718 0.037525354969574036
4 0.697261663286004 0.6031632965686274 0.033468559837728194 0.017241379310344827
6 0.37829614604462475 0.5473881740196079 0.02434077079107505 0.05172413793103449
4 0.08924949290060852 0.4733593750000001 0.036511156186612576 0.017241379310344827
