12 0.5767366720516963 0.462890625 0.025848142164781908 0.050080775444264945
10 0.0815831987075929 0.4467447916666666 0.02746365105008077 0.024232633279483037
6 0.41680129240710817 0.31515625 0.022617124394184167 0.048465266558966075
6 0.8667205169628434 0.5686458333333333 0.024232633279483037 0.048465266558966075
6 0.5856219709208401 0.31515625 0.024232633279483037 0.048465266558966075
4 0.41680129240710817 0.874609375 0.035541195476575124 0.017770597738287562
7 0.06462035541195477 0.5605729166666666 0.06138933764135703 0.06138933764135703
4 0.9491114701130856 0.25864583333333335 0.03392568659127625 0.01615508885298869
6 0.5856219709208401 0.6961979166666666 0.024232633279483037 0.051696284329563816
14 0.19789983844911146 0.46369791666666665 0.017770597738287562 0.035541195476575124
6 0.4176090468497577 0.6970052083333333 0.024232633279483037 0.05331179321486268
14 0.7600969305331179 0.37973958333333335 0.017770597738287562 0.035541195476575124
18 0.7673667205169629 0.196484375 0.048465266558966075 0.04038772213247173
