4 0.22195416164053078 0.6840983072916667 0.05066344993968637 0.027744270205066347
10 0.36550060313630883 0.4895833333333333 0.02171290711700844 0.02171290711700844
10 0.7515078407720145 0.4889811197916666 0.014475271411338964 0.013268998793727383
14 0.3112183353437877 0.5883463541666666 0.06272617611580217 0.033775633293124246
2 0.19963811821471653 0.5642578125 0.056694813027744276 0.0723763570566948
2 0.7653799758745476 0.5630533854166666 0.056694813027744276 0.0723763570566948
4 0.8769601930036188 0.68349609375 0.05066344993968637 0.02895054282267793
10 0.9318455971049457 0.4889811197916666 0.022919179734620022 0.022919179734620022
6 0.7864897466827503 0.414306640625 0.045838359469240045 0.08082026537997587
10 0.7876960193003619 0.32638346354166664 0.024125452352231604 0.025331724969843185
4 0.3106151990349819 0.6840983072916667 0.04945717732207479 0.027744270205066347
4 0.7882991556091676 0.68349609375 0.05186972255729795 0.02895054282267793
6 0.22074788902291917 0.414306640625 0.045838359469240045 0.08082026537997587
10 0.22195416164053078 0.32638346354166664 0.024125452352231604 0.025331724969843185
14 0.8763570566948131 0.5883463541666666 0.06393244873341375 0.033775633293124246
14 0.146562123039807 0.4895833333333333 0.032569360675512665 0.060313630880579006
