4 0.3414043583535109 0.8176240808823529 0.024213075060532687 0.020581113801452784
8 0.24334140435835355 0.6369728589965398 0.06053268765133172 0.060532687651331706
6 0.49092009685230026 0.7137043144463668 0.044794188861985475 0.020581113801452784
15 0.8365617433414043 0.3814027357266436 0.09927360774818401 0.11016949152542373
6 0.9152542372881356 0.5251986916089966 0.01937046004842615 0.0423728813559322
4 0.35048426150121065 0.46236348399653976 0.02300242130750605 0.020581113801452784
7 0.6295399515738499 0.5584288494809688 0.06053268765133172 0.060532687651331706
6 0.7094430992736077 0.30225454152249137 0.0460048426150121 0.021791767554479417
15 0.5460048426150121 0.41342452422145326 0.09685230024213075 0.1089588377723971
6 0.7106537530266344 0.4653844074394463 0.0460048426150121 0.021791767554479417
4 0.18220338983050846 0.485926686851211 0.02300242130750605 0.01937046004842615
4 0.2427360774818402 0.7052457288062284 0.02300242130750605 0.020581113801452784
6 0.8353510895883776 0.4653844074394463 0.043583535108958835 0.021791767554479417
4 0.4394673123486682 0.8176240808823529 0.024213075060532687 0.020581113801452784
6 0.4406779661016949 0.7680809364186851 0.01937046004842615 0.0423728813559322
15 0.2705811138014528 0.30225454152249137 0.10048426150121066 0.11380145278450363
15 0.4346246973365617 0.6140138408304499 0.10169491525423728 0.11138014527845037
6 0.3414043583535109 0.7686851211072664 0.01937046004842615 0.04116222760290557
6 0.41585956416464886 0.4418212045847751 0.0423728813559322 0.020581113801452784
6 0.47578692493946734 0.5076773356401384 0.043583535108958835 0.021791767554479417
6 0.8341404358353511 0.30165035683391006 0.0460048426150121 0.020581113801452784
6 0.18159806295399517 0.43698772707612454 0.01937046004842615 0.0423728813559322
6 0.41585956416464886 0.30225454152249137 0.0423728813559322 0.021791767554479417
6 0.3904358353510896 0.7131001297577855 0.044794188861985475 0.021791767554479417
6 0.27300242130750607 0.3862362132352941 0.04721549636803874 0.020581113801452784
6 0.5417675544794189 0.30225454152249137 0.0423728813559322 0.021791767554479417
4 0.056295399515738496 0.3880487673010381 0.02542372881355932 0.01937046004842615
7 0.056295399515738496 0.3191717128027681 0.06174334140435835 0.06295399515738499
4 0.9213075060532688 0.3227968209342561 0.024213075060532687 0.01937046004842615
4 0.6301452784503632 0.6218682417820068 0.02300242130750605 0.020581113801452784
4 0.9146489104116224 0.5753460207612456 0.02300242130750605 0.01937046004842615
