14 0.3341404358353511 0.5738134398496241 0.031476997578692496 0.05084745762711864
14 0.6476997578692494 0.6899788533834587 0.048426150121065374 0.029055690072639223
6 0.5611380145278451 0.6851386278195489 0.027845036319612593 0.058111380145278446
10 0.5605326876513317 0.29429041353383456 0.021791767554479417 0.021791767554479417
4 0.5605326876513317 0.7867833646616542 0.04116222760290557 0.021791767554479417
10 0.8026634382566586 0.49152960526315786 0.01937046004842615 0.021791767554479417
10 0.2197336561743341 0.7450364191729324 0.02300242130750605 0.02542372881355932
14 0.690677966101695 0.4927396616541353 0.03026634382566586 0.0460048426150121
2 0.5332929782082324 0.5732084116541353 0.06416464891041163 0.05690072639225181
6 0.3880145278450363 0.4443374060150376 0.03026634382566586 0.06053268765133172
6 0.38861985472154964 0.6730380639097745 0.031476997578692496 0.058111380145278446
10 0.2221549636803874 0.5738134398496241 0.02300242130750605 0.024213075060532687
6 0.5605326876513317 0.404405545112782 0.031476997578692496 0.06295399515738499
