4 0.4110728650990099 0.7466145833333334 0.05445544554455445 0.0264026402640264
14 0.6442063737623762 0.283984375 0.0264026402640264 0.05445544554455445
10 0.561827042079208 0.41427951388888895 0.0132013201320132 0.011551155115511549
6 0.4118966584158416 0.5866319444444444 0.0297029702970297 0.0561056105610561
2 0.35505491955445545 0.33923611111111107 0.05115511551155115 0.0297029702970297
6 0.26196627475247525 0.4414930555555555 0.0297029702970297 0.0561056105610561
2 0.7694229579207922 0.36150173611111114 0.0561056105610561 0.03135313531353135
6 0.886401608910891 0.35078125 0.0561056105610561 0.0297029702970297
6 0.6466777537128713 0.3499565972222222 0.05445544554455445 0.02805280528052805
6 0.8625116027227723 0.4637586805555555 0.05445544554455445 0.02805280528052805
6 0.249609375 0.283984375 0.05445544554455445 0.02805280528052805
14 0.1812345297029703 0.4414930555555555 0.0594059405940594 0.0264026402640264
14 0.7694229579207922 0.5486979166666667 0.0561056105610561 0.0264026402640264
6 0.47368115717821785 0.3499565972222222 0.05445544554455445 0.02805280528052805
14 0.4094252784653465 0.4744791666666666 0.05445544554455445 0.0297029702970297
7 0.7694229579207922 0.6303385416666666 0.06930693069306931 0.06765676567656766
14 0.8896967821782178 0.28315972222222224 0.0264026402640264 0.0561056105610561
