14 0.2531734837799718 0.4872359462290502 0.015514809590973202 0.03244005641748942
14 0.7418899858956276 0.6127029504189945 0.03385049365303245 0.01833568406205924
4 0.08533145275035262 0.7177287011173183 0.03244005641748942 0.01692524682651622
6 0.9294781382228491 0.5337574196927374 0.022566995768688293 0.0465444287729196
6 0.6220028208744711 0.38573454958100556 0.022566995768688293 0.0465444287729196
6 0.3540197461212976 0.3984222241620112 0.019746121297602257 0.0465444287729196
4 0.7404795486600846 0.704336155726257 0.031029619181946404 0.015514809590973202
4 0.9280677009873062 0.704336155726257 0.031029619181946404 0.015514809590973202
4 0.48660084626234135 0.7170238303072625 0.031029619181946404 0.015514809590973202
10 0.4992947813822285 0.29198673184357543 0.016925246826516225 0.01692524682651622
6 0.6220028208744711 0.6007201466480447 0.022566995768688293 0.047954866008462625
7 0.0846262341325811 0.5922616969273743 0.06205923836389281 0.06205923836389281
14 0.8004231311706629 0.4329608938547486 0.01833568406205924 0.031029619181946404
6 0.3547249647390691 0.5612473812849161 0.021156558533145273 0.047954866008462625
12 0.6142454160789845 0.48653107541899443 0.023977433004231313 0.04231311706629055
