12 0.16041666666666668 0.5487015407554672 0.029166666666666667 0.04833333333333333
6 0.11291666666666667 0.6265407554671969 0.01583333333333333 0.034166666666666665
6 0.5679166666666666 0.5774229622266402 0.01583333333333333 0.0325
14 0.23916666666666667 0.5786717196819084 0.023333333333333334 0.018333333333333333
12 0.5079166666666667 0.47877112326043736 0.029166666666666667 0.05
10 0.9512500000000002 0.32267644135188867 0.0175 0.01583333333333333
6 0.2125 0.49292370775347916 0.03166666666666666 0.016666666666666666
14 0.865 0.5807529821073558 0.023333333333333334 0.020833333333333336
6 0.34125 0.5782554671968191 0.019166666666666665 0.035833333333333335
6 0.17291666666666666 0.3513978628230616 0.027500000000000004 0.034999999999999996
6 0.46875 0.579087972166998 0.019166666666666665 0.035833333333333335
10 0.02125 0.6552621769383699 0.0175 0.018333333333333333
14 0.9158333333333333 0.5778392147117296 0.023333333333333334 0.01333333333333333
14 0.41166666666666674 0.5724279324055666 0.023333333333333334 0.020833333333333336
14 0.6529166666666667 0.5778392147117296 0.024166666666666666 0.011666666666666667
6 0.7470833333333333 0.5786717196819084 0.019166666666666665 0.034999999999999996
10 0.020833333333333332 0.3218439363817097 0.016666666666666666 0.017499999999999998
6 0.17083333333333334 0.45712599403578535 0.023333333333333334 0.03333333333333333
6 0.4691666666666666 0.40301317097415507 0.021666666666666667 0.03833333333333333
6 0.11416666666666667 0.5212288767395626 0.018333333333333333 0.034999999999999996
10 0.9516666666666665 0.6552621769383699 0.016666666666666666 0.018333333333333333
6 0.5833333333333334 0.40134816103379717 0.016666666666666666 0.034999999999999996
2 0.7104166666666667 0.3938556163021869 0.0425 0.03666666666666667
14 0.59625 0.5795042246520875 0.024166666666666666 0.021666666666666667
13 0.21333333333333332 0.4646185387673956 0.02 0.023333333333333334
12 0.74625 0.33266650099403583 0.057499999999999996 0.0325
2 0.30583333333333335 0.3938556163021869 0.03833333333333333 0.03666666666666667
2 0.15666666666666668 0.4075919483101392 0.03333333333333333 0.042499999999999996
12 0.33708333333333335 0.3334990059642147 0.057499999999999996 0.0325
13 0.17041666666666666 0.6286220178926442 0.027500000000000004 0.023333333333333334
