6 0.7627272727272727 0.20950195312500003 0.06363636363636363 0.034545454545454546
6 0.30818181818181817 0.47015624999999994 0.06727272727272728 0.03636363636363636
10 0.43272727272727274 0.32302734375000003 0.025454545454545452 0.02545454545454546
6 0.13 0.30032226562500003 0.07090909090909091 0.03818181818181818
6 0.6509090909090909 0.336650390625 0.03272727272727273 0.06363636363636363
6 0.9163636363636364 0.474697265625 0.03272727272727273 0.06363636363636363
4 0.37272727272727274 0.80619140625 0.04727272727272727 0.021818181818181816
14 0.7318181818181818 0.658154296875 0.019999999999999997 0.04181818181818182
14 0.2863636363636364 0.6300000000000001 0.023636363636363636 0.04727272727272727
4 0.7463636363636363 0.44291015624999996 0.04181818181818182 0.021818181818181816
6 0.28909090909090907 0.22584960937499998 0.06909090909090909 0.03818181818181818
4 0.8190909090909091 0.8198144531250001 0.04181818181818182 0.019999999999999997
6 0.59 0.27761718750000003 0.06363636363636363 0.03636363636363636
15 0.759090909090909 0.30032226562500003 0.08909090909090908 0.10727272727272727
6 0.37272727272727274 0.543720703125 0.03636363636363636 0.06727272727272728
15 0.2881818181818182 0.73716796875 0.09272727272727273 0.12
15 0.7372727272727273 0.76078125 0.08545454545454545 0.11272727272727272
6 0.82 0.6000292968750001 0.03272727272727273 0.06363636363636363
4 0.2418181818181818 0.5028515625 0.04727272727272727 0.021818181818181816
10 0.5181818181818182 0.27761718750000003 0.02181818181818182 0.021818181818181816
10 0.05181818181818182 0.30032226562500003 0.023636363636363636 0.023636363636363636
15 0.2872727272727273 0.32938476562499996 0.09454545454545454 0.12545454545454543
6 0.37272727272727274 0.40022460937500004 0.03636363636363636 0.06727272727272728
4 0.6963636363636364 0.35208984375 0.039999999999999994 0.021818181818181816
6 0.8400000000000001 0.37025390625 0.03272727272727273 0.061818181818181814
10 0.9445454545454546 0.29850585937499996 0.023636363636363636 0.023636363636363636
15 0.8181818181818181 0.4810546875 0.12 0.10181818181818184
