14 0.302 0.5965138418762089 0.052000000000000005 0.03066666666666667
4 0.30133333333333334 0.7411236702127659 0.05333333333333333 0.024
6 0.18333333333333332 0.5005515594777563 0.07066666666666667 0.03066666666666667
14 0.13066666666666665 0.2913004714700193 0.05066666666666667 0.03866666666666667
4 0.7073333333333334 0.4625664893617021 0.052000000000000005 0.021333333333333336
6 0.418 0.5018843689555126 0.07066666666666667 0.03333333333333334
14 0.5153333333333333 0.7184659090909091 0.052000000000000005 0.037333333333333336
4 0.5153333333333333 0.8277562862669245 0.052000000000000005 0.024
15 0.684 0.5438678675048355 0.14666666666666667 0.14133333333333334
5 0.13066666666666665 0.2026686411992263 0.029333333333333333 0.010666666666666668
6 0.676 0.24398573500967116 0.072 0.032
4 0.12933333333333333 0.39992444390715665 0.05066666666666667 0.024
7 0.043333333333333335 0.5971802466150871 0.07333333333333333 0.07466666666666667
4 0.04466666666666667 0.7424564796905223 0.052000000000000005 0.024
14 0.676 0.3506104932301741 0.032 0.05333333333333333
5 0.73 0.6311668882978724 0.03066666666666667 0.012
10 0.9546666666666667 0.5292069632495164 0.008 0.008
10 0.9546666666666667 0.5545303433268859 0.008 0.008
