10 0.86 0.8337706043956044 0.012 0.014000000000000002
13 0.267 0.558959478021978 0.041999999999999996 0.044
14 0.658 0.6738804945054945 0.06 0.034
14 0.496 0.35010302197802196 0.032 0.062
6 0.421 0.7748111263736264 0.026000000000000002 0.064
12 0.743 0.7168509615384615 0.046 0.076
15 0.41600000000000004 0.5459684065934066 0.18 0.202
14 0.762 0.8757417582417583 0.064 0.03
10 0.861 0.2191929945054945 0.014000000000000002 0.016
14 0.8139999999999998 0.13325206043956045 0.032 0.06
10 0.081 0.6099244505494505 0.01 0.014000000000000002
6 0.597 0.6309100274725276 0.057999999999999996 0.024
6 0.139 0.6109237637362638 0.062 0.028000000000000004
10 0.859 0.633907967032967 0.01 0.014000000000000002
4 0.8699999999999999 0.17622252747252748 0.04 0.03
4 0.763 0.9257074175824176 0.046 0.026000000000000002
12 0.745 0.5499656593406594 0.046 0.074
13 0.199 0.558959478021978 0.041999999999999996 0.044
14 0.45600000000000007 0.41305975274725276 0.032 0.064
6 0.598 0.5489663461538462 0.06 0.024
6 0.43 0.2831490384615385 0.06 0.024
