6 0.3560267857142857 0.7327008928571428 0.078125 0.036830357142857144
6 0.71484375 0.5887276785714286 0.03236607142857144 0.07477678571428573
6 0.2857142857142857 0.41015625 0.03125 0.07700892857142858
6 0.4291294642857143 0.2672991071428571 0.03236607142857144 0.07700892857142858
6 0.7845982142857143 0.7321428571428571 0.078125 0.03571428571428571
6 0.8571428571428571 0.44642857142857134 0.03125 0.07589285714285714
6 0.71484375 0.2672991071428571 0.03236607142857144 0.07700892857142858
6 0.42857142857142855 0.58984375 0.03125 0.07477678571428573
6 0.14285714285714285 0.41127232142857134 0.03125 0.07477678571428573
7 0.5714285714285714 0.5172991071428571 0.06473214285714288 0.06361607142857142
6 0.5719866071428571 0.26785714285714285 0.03236607142857144 0.07589285714285714
4 0.5714285714285714 0.73828125 0.04910714285714286 0.02566964285714286
