2 0.18215031315240082 0.684375 0.0511482254697286 0.06471816283924843
14 0.4801670146137787 0.4145833333333334 0.05219206680584552 0.031315240083507306
2 0.37734864300626303 0.5203125 0.04906054279749478 0.0615866388308977
0 0.5417536534446764 0.3260416666666667 0.04801670146137787 0.06263048016701461
2 0.0918580375782881 0.6838541666666667 0.05010438413361169 0.06576200417536535
0 0.7270354906054279 0.4744791666666666 0.0615866388308977 0.05323590814196242
10 0.9707724425887265 0.4546875 0.018789144050104383 0.019832985386221295
0 0.22338204592901878 0.41875 0.05010438413361169 0.06263048016701461
14 0.823590814196242 0.4552083333333334 0.029227557411273485 0.05427974947807933
9 0.4801670146137787 0.6145833333333333 0.020876826722338204 0.014613778705636743
0 0.42014613778705645 0.3260416666666667 0.04906054279749478 0.06263048016701461
0 0.8695198329853863 0.3734375 0.04801670146137787 0.0615866388308977
4 0.4806889352818372 0.4854166666666666 0.042797494780793324 0.02505219206680585
0 0.22233820459290188 0.325 0.05010438413361169 0.06471816283924843
2 0.5824634655532359 0.5197916666666667 0.05010438413361169 0.06263048016701461
10 0.6529227557411273 0.5197916666666667 0.017745302713987474 0.018789144050104383
2 0.4603340292275574 0.6838541666666667 0.05010438413361169 0.06367432150313153
4 0.9378914405010439 0.5953125 0.044885177453027135 0.024008350730688934
2 0.8700417536534447 0.6828125 0.0511482254697286 0.06367432150313153
5 0.39979123173277664 0.2609375 0.037578288100208766 0.013569937369519832
5 0.5605427974947808 0.26041666666666663 0.03966597077244259 0.014613778705636743
14 0.9384133611691023 0.521875 0.05427974947807933 0.029227557411273485
10 0.3079331941544885 0.5208333333333334 0.018789144050104383 0.018789144050104383
10 0.07150313152400835 0.5890625 0.019832985386221295 0.019832985386221295
