14 0.6589486858573217 0.4998440285204991 0.028785982478097622 0.017521902377972465
14 0.28911138923654567 0.5836313502673798 0.017521902377972465 0.03003754693366708
4 0.1783479349186483 0.8281152517825312 0.028785982478097622 0.018773466833541926
14 0.6245306633291614 0.6324030748663102 0.02002503128911139 0.03003754693366708
18 0.5644555694618273 0.7487048796791445 0.052565707133917394 0.03254067584480601
12 0.40926157697121396 0.4166819852941176 0.03254067584480601 0.05882352941176472
18 0.18147684605757197 0.7493301581996434 0.05006257822277847 0.03128911138923655
19 0.17459324155193992 0.5142254344919787 0.026282853566958697 0.10638297872340426
7 0.03566958698372966 0.5604960450089127 0.05381727158948686 0.05381727158948686
14 0.12015018773466832 0.4154314282531194 0.017521902377972465 0.028785982478097622
19 0.5594493116395495 0.5110990418894831 0.025031289111389236 0.10513141426783479
14 0.648936170212766 0.20096089572192516 0.01877346683354193 0.02753441802252816
6 0.9242803504380476 0.34352439839572196 0.026282853566958697 0.052565707133917394
7 0.17959949937421776 0.6555383801247772 0.05381727158948686 0.051314142678347927
