4 0.3744131455399061 0.6877394636015326 0.0539906103286385 0.025821596244131457
14 0.22183098591549294 0.6278975095785441 0.04460093896713615 0.03286384976525821
4 0.6068075117370892 0.6044300766283526 0.0539906103286385 0.02816901408450704
6 0.4542253521126761 0.561015325670498 0.08685446009389672 0.025821596244131457
14 0.3744131455399061 0.6278975095785441 0.03990610328638498 0.02816901408450704
19 0.7523474178403756 0.35098180076628355 0.07746478873239436 0.02816901408450704
14 0.528169014084507 0.6278975095785441 0.04225352112676056 0.02816901408450704
14 0.6842723004694836 0.6290708812260537 0.04460093896713615 0.030516431924882625
12 0.3568075117370892 0.4483716475095786 0.051643192488262914 0.09154929577464789
6 0.13380281690140844 0.44602490421455937 0.08450704225352113 0.025821596244131457
4 0.045774647887323945 0.5082136015325671 0.0539906103286385 0.02816901408450704
14 0.528169014084507 0.455411877394636 0.04225352112676056 0.030516431924882625
10 0.8896713615023474 0.3498084291187739 0.018779342723004695 0.02112676056338028
19 0.6842723004694836 0.485919540229885 0.030516431924882625 0.07746478873239436
6 0.5105633802816901 0.2547653256704981 0.08685446009389672 0.02816901408450704
