12 0.9 0.515 0.06333333333333332 0.11333333333333333
4 0.9716666666666667 0.5833333333333333 0.056666666666666664 0.03666666666666667
10 0.5641666666666667 0.1716666666666667 0.06833333333333333 0.06333333333333332
14 0.7216666666666667 0.48666666666666664 0.07666666666666666 0.03333333333333333
6 0.37333333333333335 0.2 0.04 0.08
6 0.5316666666666666 0.4875 0.04 0.08166666666666667
11 0.5066666666666667 0.2941666666666667 0.07 0.11499999999999999
13 0.72 0.8191666666666666 0.04666666666666667 0.04166666666666667
6 0.21333333333333332 0.2975 0.08 0.03833333333333333
4 0.53 0.6166666666666667 0.06 0.04
19 0.7216666666666667 0.6425 0.04666666666666667 0.08833333333333333
4 0.7191666666666666 0.9316666666666666 0.058333333333333334 0.03666666666666667
10 0.04583333333333333 0.26666666666666666 0.09166666666666665 0.056666666666666664
10 0.4058333333333334 0.08 0.07166666666666667 0.06
