21 0.281875 0.2551935229067931 0.04125 0.08125
14 0.19875 0.4987509873617693 0.0325 0.07125000000000001
21 0.8100000000000002 0.6017945300157977 0.0425 0.0825
21 0.283125 0.6623716429699843 0.04125 0.07875000000000001
14 0.6675 0.45253751974723533 0.0325 0.07125000000000001
21 0.05625 0.5868063783570301 0.0375 0.0825
13 0.284375 0.4569090639810426 0.05625 0.0475
10 0.931875 0.17775473933649288 0.01875 0.02375
7 0.055625 0.6867273894154818 0.06375 0.0625
11 0.50375 0.5568300750394944 0.09 0.0875
13 0.285 0.39445843206951026 0.05500000000000001 0.0475
12 0.5075 0.3469959518167457 0.10250000000000001 0.0925
10 0.766875 0.7092096169036335 0.03625 0.04
10 0.129375 0.7229487559241706 0.03875 0.04
