21 0.412962962962963 0.2953703703703704 0.029629629629629627 0.06296296296296296
21 0.7453703703703703 0.5342592592592592 0.03148148148148148 0.06666666666666667
21 0.17777777777777778 0.43888888888888894 0.06666666666666667 0.02777777777777778
21 0.5314814814814814 0.6055555555555555 0.029629629629629627 0.06481481481481481
21 0.5333333333333333 0.2953703703703704 0.029629629629629627 0.06666666666666667
14 0.3194444444444444 0.43888888888888894 0.02037037037037037 0.05740740740740741
4 0.412962962962963 0.7046296296296296 0.04814814814814815 0.025925925925925918
14 0.674074074074074 0.3907407407407407 0.02222222222222222 0.05740740740740741
21 0.412962962962963 0.6055555555555555 0.029629629629629627 0.06481481481481481
14 0.6268518518518519 0.6055555555555555 0.0537037037037037 0.02037037037037037
7 0.8898148148148148 0.5814814814814815 0.0537037037037037 0.0537037037037037
12 0.5120370370370371 0.43888888888888894 0.05 0.08333333333333333
7 0.08148148148148149 0.5564814814814815 0.05555555555555556 0.05555555555555556
