10 0.2635410610465116 0.6910569105691057 0.014453477868112014 0.016260162601626018
10 0.775530523255814 0.5862691960252936 0.01987353206865402 0.023486901535682024
14 0.3502271075581395 0.2786811201445348 0.045167118337850046 0.024390243902439025
14 0.4418795421511629 0.6147244805781391 0.049683830171635045 0.029810298102981025
14 0.8089407703488373 0.8428184281842819 0.04878048780487805 0.025293586269196023
6 0.27121638808139537 0.16395663956639567 0.06052393857271906 0.02800361336946703
6 0.458133175872093 0.2750677506775068 0.02800361336946703 0.056910569105691054
6 0.6685274345930232 0.2768744354110208 0.026196928635953028 0.062330623306233054
6 0.5375953851744186 0.5365853658536586 0.05871725383920505 0.03071364046973803
6 0.3425517805232558 0.6928635953026197 0.05871725383920505 0.02710027100271003
6 0.6685274345930232 0.8563685636856369 0.024390243902439025 0.06504065040650407
0 0.6540797601744186 0.16214995483288167 0.03884372177055104 0.055103884372177045
0 0.6536282703488372 0.6919602529358627 0.036133694670280034 0.05420054200542006
4 0.667172965116279 0.9792231255645889 0.04336043360433604 0.02168021680216802
10 0.15698946220930232 0.16305329719963865 0.025293586269196023 0.018970189701897018
10 0.6685274345930232 0.058265582655826556 0.018970189701897018 0.017163504968383016
