10 0.8552191840277779 0.4118343195266273 0.023668639053254437 0.023668639053254437
14 0.11187608506944444 0.6497041420118344 0.06745562130177515 0.02603550295857988
6 0.623996310763889 0.28579881656804734 0.04378698224852071 0.09822485207100592
4 0.6263617621527777 0.9733727810650887 0.06745562130177515 0.02958579881656805
15 0.36734483506944443 0.557396449704142 0.14792899408284024 0.14201183431952663
6 0.6263617621527777 0.8349112426035503 0.05325443786982248 0.10769230769230768
12 0.5885145399305556 0.5556213017751479 0.15502958579881657 0.1502958579881657
10 0.855810546875 0.19053254437869824 0.022485207100591716 0.023668639053254437
10 0.626953125 0.07159763313609467 0.023668639053254437 0.02485207100591716
4 0.11187608506944444 0.7532544378698225 0.06982248520710059 0.03195266272189349
