6 0.21285714285714286 0.5797872340425532 0.02925531914893617 0.11170212765957448
6 0.44416666666666665 0.5824468085106383 0.10904255319148937 0.031914893617021274
6 0.2141865079365079 0.8430851063829788 0.03191489361702128 0.10106382978723405
14 0.28331349206349205 0.464095744680851 0.03723404255319149 0.050531914893617025
14 0.38301587301587303 0.19680851063829788 0.02925531914893617 0.047872340425531915
6 0.21285714285714286 0.3178191489361702 0.02925531914893617 0.10904255319148937
10 0.800436507936508 0.5811170212765957 0.034574468085106384 0.034574468085106384
10 0.2181746031746032 0.09574468085106383 0.0398936170212766 0.03723404255319149
4 0.6435714285714285 0.9667553191489361 0.050531914893617025 0.02925531914893617
14 0.28331349206349205 0.7021276595744681 0.03723404255319149 0.05319148936170213
14 0.7379563492063492 0.5797872340425532 0.026595744680851064 0.047872340425531915
14 0.6462301587301588 0.865691489361702 0.04521276595744681 0.02925531914893617
6 0.550515873015873 0.1981382978723404 0.10372340425531915 0.034574468085106384
