4 0.12037037037037038 0.7842592592592592 0.07037037037037037 0.04074074074074074
4 0.5546296296296296 0.7842592592592592 0.07222222222222222 0.04074074074074074
6 0.33796296296296297 0.5231481481481481 0.046296296296296294 0.0962962962962963
6 0.7 0.23425925925925925 0.04444444444444444 0.09259259259259259
4 0.33796296296296297 0.7842592592592592 0.07222222222222222 0.04074074074074074
12 0.5277777777777778 0.6 0.07777777777777777 0.12777777777777777
13 0.5787037037037037 0.4453703703703704 0.09814814814814814 0.07037037037037037
6 0.337037037037037 0.6694444444444445 0.04444444444444444 0.0962962962962963
8 0.12037037037037038 0.5962962962962963 0.08148148148148147 0.07962962962962963
4 0.8453703703703702 0.7851851851851851 0.0685185185185185 0.03888888888888888
13 0.8722222222222221 0.45092592592592595 0.1 0.07037037037037037
