6 0.89 0.6632074903660886 0.05 0.10333333333333332
6 0.6891666666666667 0.33855973025048164 0.05166666666666666 0.10333333333333332
4 0.8916666666666668 0.911271676300578 0.07666666666666666 0.04
6 0.2425 0.7431207851637766 0.05166666666666666 0.10333333333333332
2 0.4583333333333333 0.6232508429672448 0.07 0.09666666666666666
4 0.4866666666666667 0.911271676300578 0.07666666666666666 0.04
4 0.2441666666666667 0.9121041064547206 0.075 0.03833333333333333
0 0.8633333333333333 0.4617593930635838 0.07333333333333333 0.09666666666666666
10 0.08 0.5866239161849711 0.16 0.08333333333333334
10 0.9216666666666666 0.10631171724470137 0.06666666666666667 0.07833333333333334
