21 0.7741071428571429 0.7061458333333334 0.02321428571428571 0.05357142857142857
21 0.04732142857142857 0.4724609375 0.02321428571428571 0.05
10 0.8964285714285716 0.745390625 0.010714285714285714 0.010714285714285714
21 0.5116071428571428 0.5304361979166667 0.019642857142857142 0.05178571428571429
10 0.9357142857142857 0.40824218749999996 0.010714285714285714 0.010714285714285714
13 0.38660714285714287 0.6454947916666667 0.0375 0.025
21 0.15446428571428572 0.7061458333333334 0.02321428571428571 0.05357142857142857
14 0.2598214285714286 0.4608658854166666 0.0375 0.01607142857142857
21 0.11071428571428572 0.27712890625000003 0.02142857142857143 0.05178571428571429
10 0.9875 0.40824218749999996 0.010714285714285714 0.010714285714285714
13 0.3848214285714286 0.6829557291666666 0.0375 0.025
12 0.21160714285714283 0.4109179687499999 0.0375 0.06607142857142857
12 0.66875 0.31815755208333335 0.04107142857142857 0.06964285714285715
10 0.009821428571428571 0.40913411458333326 0.0125 0.0125
12 0.09553571428571428 0.4100260416666666 0.04107142857142857 0.06785714285714285
12 0.5776785714285714 0.49743489583333333 0.0375 0.06071428571428571
21 0.5116071428571428 0.7052539062500001 0.02321428571428571 0.05178571428571429
12 0.7589285714285714 0.31548177083333334 0.039285714285714285 0.06785714285714285
21 0.5107142857142857 0.45283854166666665 0.02142857142857143 0.05357142857142857
14 0.8392857142857142 0.43945963541666666 0.039285714285714285 0.01607142857142857
21 0.3875 0.27712890625000003 0.025 0.05178571428571429
4 0.8410714285714287 0.5464908854166667 0.03214285714285714 0.0125
21 0.2598214285714286 0.5152734375 0.02321428571428571 0.05357142857142857
14 0.4446428571428571 0.37524088541666667 0.014285714285714285 0.0375
12 0.7598214285714285 0.6205208333333333 0.04107142857142857 0.06785714285714285
11 0.66875 0.56076171875 0.0375 0.0625
4 0.049107142857142856 0.5411393229166667 0.033928571428571426 0.0125
10 0.8892857142857142 0.22361328125000002 0.010714285714285714 0.0125
11 0.4955357142857143 0.33153645833333334 0.0375 0.06071428571428571
21 0.9571428571428571 0.47513671874999996 0.02142857142857143 0.05178571428571429
12 0.16875 0.6258723958333333 0.04107142857142857 0.06785714285714285
14 0.6169642857142857 0.61962890625 0.01607142857142857 0.0375
12 0.4973214285714286 0.6267643229166666 0.0375 0.06607142857142857
21 0.8410714285714287 0.4911914062499999 0.02142857142857143 0.05178571428571429
21 0.6848214285714286 0.7052539062500001 0.02321428571428571 0.05178571428571429
14 0.4446428571428571 0.58484375 0.014285714285714285 0.039285714285714285
4 0.9580357142857142 0.5473828125 0.033928571428571426 0.014285714285714285
21 0.3196428571428571 0.40913411458333326 0.06071428571428571 0.019642857142857142
21 0.89375 0.40824218749999996 0.05535714285714285 0.02857142857142857
21 0.7776785714285714 0.3779166666666667 0.026785714285714284 0.05357142857142857
21 0.6866071428571429 0.37970052083333333 0.026785714285714284 0.05357142857142857
21 0.5116071428571428 0.26196614583333333 0.026785714285714284 0.05357142857142857
