0 0.26157407407407407 0.3624016608391608 0.025462962962962958 0.053240740740740734
2 0.9016203703703705 0.3323827214452214 0.025462962962962958 0.05555555555555556
9 0.4895833333333333 0.6233355186480186 0.023148148148148147 0.016203703703703703
2 0.6834490740740741 0.622180944055944 0.024305555555555556 0.050925925925925916
14 0.24363425925925924 0.44264459498834496 0.012731481481481479 0.03125
0 0.5549768518518519 0.3346918706293706 0.026620370370370367 0.05555555555555556
0 0.06076388888888888 0.3664426719114219 0.024305555555555556 0.05208333333333333
9 0.1394675925925926 0.44668560606060603 0.017361111111111112 0.009259259259259259
0 0.3101851851851852 0.32372341200466204 0.025462962962962958 0.05208333333333333
2 0.10185185185185183 0.5667613636363636 0.025462962962962958 0.05555555555555556
9 0.6932870370370371 0.43571714743589746 0.016203703703703703 0.010416666666666666
0 0.10243055555555555 0.4039663461538462 0.024305555555555556 0.053240740740740734
8 0.6579861111111112 0.653354458041958 0.03356481481481482 0.034722222222222224
0 0.833912037037037 0.33296000874125875 0.024305555555555556 0.05439814814814814
9 0.6932870370370371 0.32718713578088576 0.016203703703703703 0.010416666666666666
8 0.05150462962962963 0.43802629662004666 0.03356481481481482 0.03587962962962962
2 0.14930555555555555 0.6285311043123544 0.025462962962962958 0.05439814814814814
9 0.30844907407407407 0.623912805944056 0.021990740740740738 0.015046296296296297
2 0.8315972222222221 0.5251966783216784 0.024305555555555556 0.05555555555555556
14 0.7824074074074074 0.5119190705128205 0.030092592592592594 0.012731481481481479
9 0.0954861111111111 0.3589379370629371 0.019675925925925923 0.01388888888888889
0 0.7337962962962963 0.3987707604895105 0.030092592592592594 0.05439814814814814
2 0.26099537037037035 0.524619391025641 0.026620370370370367 0.05439814814814814
2 0.34837962962962965 0.5251966783216784 0.025462962962962958 0.05555555555555556
2 0.5248842592592593 0.524619391025641 0.026620370370370367 0.05439814814814814
2 0.4369212962962963 0.5257739656177156 0.024305555555555556 0.05439814814814814
6 0.20543981481481483 0.4472628933566433 0.021990740740740738 0.021990740740740738
0 0.6840277777777778 0.3981934731934732 0.025462962962962958 0.053240740740740734
2 0.2991898148148148 0.6729822261072261 0.024305555555555556 0.053240740740740734
0 0.5052083333333334 0.36355623543123544 0.024305555555555556 0.053240740740740734
9 0.1417824074074074 0.3595152243589744 0.019675925925925923 0.015046296296296297
2 0.734375 0.5609884906759908 0.028935185185185185 0.05555555555555556
2 0.8668981481481481 0.6724049388111888 0.02777777777777778 0.05439814814814814
9 0.5150462962962963 0.32718713578088576 0.01388888888888889 0.010416666666666666
2 0.22685185185185186 0.6770232371794871 0.025462962962962958 0.05208333333333333
2 0.4809027777777778 0.6729822261072261 0.024305555555555556 0.053240740740740734
0 0.6481481481481481 0.5217329545454545 0.02777777777777778 0.053240740740740734
2 0.9195601851851853 0.524619391025641 0.026620370370370367 0.05439814814814814
5 0.6597222222222222 0.4819001311188812 0.02777777777777778 0.010416666666666666
6 0.5688657407407407 0.44264459498834496 0.017361111111111112 0.021990740740740738
9 0.7447916666666666 0.32834171037296034 0.015046296296296297 0.010416666666666666
14 0.5353009259259259 0.44264459498834496 0.015046296296296297 0.03125
8 0.21990740740740738 0.5800389714452214 0.034722222222222224 0.03587962962962962
2 0.6481481481481481 0.5973575903263403 0.02777777777777778 0.04513888888888888
14 0.7818287037037037 0.5482881701631702 0.03125 0.01388888888888889
9 0.7436342592592593 0.6764459498834499 0.017361111111111112 0.011574074074074073
9 0.6927083333333334 0.6764459498834499 0.017361111111111112 0.011574074074074073
9 0.6579861111111112 0.6764459498834499 0.017361111111111112 0.011574074074074073
9 0.21932870370370366 0.6216036567599067 0.017361111111111112 0.017361111111111112
5 0.22106481481481483 0.5523291812354312 0.020833333333333332 0.010416666666666666
2 0.14699074074074073 0.40050262237762235 0.02777777777777778 0.05555555555555556
9 0.30266203703703703 0.36413352272727273 0.012731481481481479 0.015046296296296297
9 0.38773148148148145 0.4749726835664336 0.030092592592592594 0.021990740740740738
