10 0.9689984101748808 0.47777996845425863 0.011128775834658185 0.017488076311605722
2 0.44038155802861684 0.633320189274448 0.02543720190779014 0.03656597774244834
0 0.3004769475357711 0.46508280757097786 0.02861685214626391 0.03974562798092209
0 0.2114467408585056 0.5190457413249211 0.02861685214626391 0.03974562798092209
2 0.12082670906200318 0.633320189274448 0.02543720190779014 0.03656597774244834
2 0.302066772655008 0.6341137618296531 0.02543720190779014 0.03815580286168521
4 0.5063593004769475 0.7348974763406939 0.02384737678855326 0.014308426073131954
11 0.8060413354531002 0.6285587539432177 0.02543720190779014 0.033386327503974564
6 0.9316375198728138 0.5745958201892745 0.05723370429252782 0.05564387917329093
6 0.8585055643879173 0.5706279574132492 0.02225755166931637 0.05087440381558028
0 0.04531001589825119 0.46349566246056784 0.02702702702702702 0.03974562798092209
0 0.4960254372019078 0.3777898264984227 0.02861685214626391 0.04292527821939586
0 0.7257551669316376 0.37858339905362776 0.030206677265500793 0.04133545310015898
6 0.6701112877583466 0.5722151025236594 0.02384737678855326 0.05087440381558028
2 0.5151033386327504 0.6325266167192429 0.02543720190779014 0.034976152623211444
0 0.6589825119236884 0.4396884858044164 0.030206677265500793 0.03974562798092209
0 0.12003179650238474 0.5198393138801262 0.02702702702702702 0.03815580286168521
0 0.4395866454689984 0.3777898264984227 0.030206677265500793 0.03974562798092209
6 0.8147853736089029 0.5357107649842272 0.02384737678855326 0.05087440381558028
11 0.7225755166931638 0.6285587539432177 0.02702702702702702 0.033386327503974564
0 0.8052464228934817 0.37858339905362776 0.030206677265500793 0.04133545310015898
0 0.18282988871224165 0.3769962539432177 0.02861685214626391 0.04133545310015898
2 0.21065182829888712 0.6325266167192429 0.02702702702702702 0.03815580286168521
0 0.9220985691573926 0.37858339905362776 0.02861685214626391 0.03815580286168521
2 0.04292527821939587 0.6325266167192429 0.02543720190779014 0.03815580286168521
0 0.356120826709062 0.3762026813880126 0.02861685214626391 0.03974562798092209
5 0.56120826709062 0.6071322949526814 0.03179650238473768 0.01271860095389507
2 0.3767885532591415 0.6325266167192429 0.02543720190779014 0.03815580286168521
5 0.5047694753577107 0.298432570977918 0.033386327503974564 0.014308426073131954
0 0.5596184419713831 0.4404820583596215 0.03179650238473768 0.04133545310015898
