21 0.5604370060437006 0.30537902661064426 0.02742910274291028 0.0604370060437006
21 0.4569967456996745 0.6818627450980392 0.05857740585774059 0.028358902835890286
21 0.22896327289632729 0.3197610294117647 0.02742910274291028 0.0604370060437006
14 0.6050674105067411 0.4665966386554622 0.024639702463970247 0.05160390516039052
10 0.6557415155741516 0.46682860644257695 0.017201301720130173 0.01673640167364017
10 0.5606694560669456 0.6825586484593837 0.019525801952580198 0.019525801952580198
10 0.6071594607159461 0.6180716036414566 0.018596001859600187 0.019525801952580198
21 0.7703393770339377 0.3691701680672269 0.02789400278940028 0.059972105997210604
5 0.11413296141329614 0.6027617296918768 0.045095304509530455 0.01394700139470014
14 0.7691771269177127 0.42646621148459385 0.0497443049744305 0.02603440260344026
10 0.8642491864249188 0.46543679971988794 0.018596001859600187 0.017666201766620176
10 0.7694095769409577 0.6345413165266107 0.017666201766620176 0.017201301720130173
21 0.8114830311483031 0.5201811974789916 0.026499302649930268 0.0595072059507206
7 0.2798698279869828 0.5584558823529411 0.06229660622966062 0.06183170618317062
14 0.7296606229660623 0.5201811974789916 0.05160390516039052 0.02789400278940028
10 0.36866573686657367 0.6825586484593837 0.018596001859600187 0.018596001859600187
10 0.6187819618781962 0.2608412114845938 0.017666201766620176 0.018596001859600187
2 0.3609948860994886 0.43922443977591036 0.07298930729893074 0.099953509995351
2 0.19827986982798698 0.4385285364145658 0.07298930729893074 0.100418410041841
21 0.11390051139005113 0.5227328431372549 0.02696420269642027 0.05811250581125058
21 0.5609019060901906 0.5431460084033614 0.02742910274291028 0.059042305904230596
21 0.44886099488609943 0.5227328431372549 0.024639702463970247 0.05811250581125058
