2 0.716501953125 0.6572847682119205 0.06788079470198675 0.08609271523178809
18 0.5529199218749999 0.652317880794702 0.07119205298013245 0.06291390728476823
2 0.44882226562500005 0.527317880794702 0.07119205298013245 0.09105960264900662
0 0.6611484375 0.2814569536423841 0.0695364238410596 0.0827814569536424
9 0.5537460937500001 0.2781456953642384 0.02980132450331126 0.019867549668874173
2 0.38851171875 0.6589403973509934 0.0695364238410596 0.08940397350993379
2 0.524830078125 0.8410596026490065 0.06788079470198675 0.08940397350993379
2 0.658669921875 0.527317880794702 0.07119205298013245 0.09105960264900662
0 0.44716992187500004 0.2814569536423841 0.06788079470198675 0.08609271523178809
10 0.79003125 0.39072847682119205 0.026490066225165566 0.026490066225165566
10 0.298458984375 0.6572847682119205 0.024834437086092717 0.026490066225165566
10 0.810685546875 0.6564569536423841 0.024834437086092717 0.024834437086092714
0 0.6594960937500001 0.16473509933774835 0.0695364238410596 0.08443708609271525
10 0.357943359375 0.28228476821192056 0.02814569536423841 0.024834437086092714
0 0.44716992187500004 0.16473509933774835 0.06788079470198675 0.08443708609271525
10 0.730546875 0.9304635761589404 0.026490066225165566 0.026490066225165566
10 0.4331250000000001 0.8443708609271523 0.026490066225165566 0.026490066225165566
10 0.4364296875 0.9354304635761588 0.026490066225165566 0.026490066225165566
