6 0.7733333333333333 0.3019211065573771 0.04 0.08333333333333334
6 0.3075 0.3010886270491803 0.03833333333333333 0.08166666666666667
14 0.14083333333333334 0.3027535860655738 0.075 0.024999999999999998
12 0.6991666666666667 0.6340804303278689 0.07166666666666667 0.11499999999999999
4 0.27416666666666667 0.8372054303278688 0.065 0.03166666666666666
9 0.4066666666666666 0.43178790983606563 0.03 0.02
4 0.6741666666666667 0.7389728483606557 0.06166666666666667 0.03833333333333333
6 0.7733333333333333 0.5325179303278689 0.04 0.08166666666666667
12 0.38083333333333336 0.6349129098360656 0.07166666666666667 0.11333333333333333
6 0.17333333333333334 0.6340804303278689 0.08666666666666667 0.04166666666666667
6 0.2725 0.7314805327868853 0.04166666666666667 0.08333333333333334
4 0.4074999999999999 0.7389728483606557 0.06166666666666667 0.034999999999999996
6 0.30666666666666664 0.5325179303278689 0.04 0.08499999999999999
4 0.14083333333333334 0.40681352459016396 0.065 0.03666666666666667
9 0.7733333333333333 0.4301229508196721 0.03 0.02
10 0.03833333333333333 0.6024462090163935 0.07666666666666666 0.06833333333333333
10 0.95 0.40514856557377055 0.1 0.06999999999999999
10 0.8091666666666667 0.17288678278688524 0.075 0.058333333333333334
10 0.33916666666666667 0.1753842213114754 0.06833333333333333 0.06333333333333332
10 0.17583333333333334 0.17455174180327868 0.075 0.06166666666666667
