7 0.16944444444444445 0.225 0.07222222222222222 0.07407407407407407
14 0.6648148148148149 0.3175925925925926 0.025925925925925925 0.07037037037037037
6 0.35462962962962963 0.5018518518518518 0.03888888888888888 0.07962962962962963
6 0.5101851851851852 0.22407407407407404 0.03518518518518519 0.07592592592592592
6 0.5416666666666666 0.687962962962963 0.03888888888888888 0.07777777777777777
6 0.5398148148148149 0.5333333333333333 0.03888888888888888 0.07962962962962963
7 0.10833333333333335 0.5027777777777777 0.0685185185185185 0.07037037037037037
4 0.17222222222222222 0.32314814814814813 0.059259259259259255 0.03333333333333333
4 0.4166666666666667 0.7842592592592592 0.059259259259259255 0.03333333333333333
12 0.48611111111111105 0.412962962962963 0.0685185185185185 0.11296296296296297
4 0.11018518518518519 0.6009259259259259 0.0611111111111111 0.03333333333333333
6 0.8490740740740741 0.44074074074074077 0.04259259259259259 0.07962962962962963
6 0.35555555555555557 0.2851851851851852 0.037037037037037035 0.07962962962962963
14 0.6953703703703704 0.6259259259259259 0.02777777777777778 0.07222222222222222
14 0.2324074074074074 0.4101851851851852 0.02777777777777778 0.07407407407407407
10 0.8731481481481481 0.29166666666666663 0.0537037037037037 0.06296296296296296
10 0.15925925925925927 0.38425925925925924 0.04814814814814815 0.059259259259259255
10 0.5648148148148148 0.44259259259259254 0.059259259259259255 0.0611111111111111
10 0.5342592592592592 0.29166666666666663 0.0537037037037037 0.06666666666666667
