10 0.9504347826086956 0.427126996007984 0.019130434782608695 0.020869565217391306
6 0.5008695652173913 0.7224426147704591 0.04521739130434783 0.10782608695652174
14 0.1017391304347826 0.5991049151696607 0.029565217391304348 0.06608695652173913
14 0.4182608695652174 0.5991049151696607 0.029565217391304348 0.06608695652173913
6 0.1782608695652174 0.726785491516966 0.04695652173913043 0.11304347826086955
10 0.64 0.10314839071856288 0.02434782608695652 0.022608695652173914
14 0.8295652173913044 0.7797685878243513 0.07304347826086957 0.04173913043478261
14 0.8008695652173913 0.427126996007984 0.022608695652173914 0.05217391304347826
14 0.26 0.5991049151696607 0.029565217391304348 0.06608695652173913
6 0.7052173913043478 0.3081321731536927 0.043478260869565216 0.0991304347826087
6 0.7043478260869566 0.774557135728543 0.04521739130434783 0.09043478260869565
9 0.5660869565217391 0.41930981786427146 0.05391304347826087 0.036521739130434785
10 0.9513043478260869 0.8874719311377246 0.02086956521739131 0.020869565217391306
6 0.3417391304347826 0.7319969436127745 0.04695652173913043 0.10956521739130434
6 0.5634782608695652 0.29857784431137724 0.04521739130434783 0.09739130434782609
12 0.6878260869565217 0.599973490518962 0.11304347826086955 0.11652173913043477
