6 0.4277263374485597 0.5367504835589942 0.0735009671179884 0.16827852998065765
6 0.26928369341563785 0.19148936170212766 0.07736943907156674 0.16247582205029015
10 0.8817997685185185 0.28433268858800775 0.015473887814313348 0.015473887814313348
12 0.4103362911522634 0.36750483558994196 0.06576402321083172 0.12765957446808512
14 0.5948640046296296 0.7823984526112185 0.09090909090909091 0.029013539651837526
10 0.09731545781893006 0.3655705996131528 0.015473887814313348 0.015473887814313348
14 0.5581516846707819 0.28433268858800775 0.029013539651837526 0.08897485493230176
6 0.26928369341563785 0.6508704061895552 0.07736943907156674 0.172147001934236
14 0.18040123456790122 0.3665377176015474 0.02707930367504836 0.09090909090909091
6 0.4296585648148149 0.7649903288201161 0.07736943907156674 0.17601547388781433
6 0.43159079218107 0.1885880077369439 0.0735009671179884 0.16054158607350097
4 0.8045106738683128 0.5764023210831721 0.05029013539651837 0.030947775628626696
6 0.8064429012345679 0.4506769825918762 0.07736943907156674 0.17408123791102517
4 0.5938978909465021 0.9245647969052225 0.02321083172147002 0.03481624758220503
10 0.26928369341563785 0.05222437137330754 0.02707930367504836 0.02707930367504836
10 0.43255690586419754 0.05319148936170213 0.029013539651837526 0.0367504835589942
4 0.26928369341563785 0.925531914893617 0.02321083172147002 0.03288201160541586
4 0.4277263374485597 0.9235976789168279 0.02321083172147002 0.03288201160541586
