4 0.4814814814814815 0.750925925925926 0.04814814814814815 0.025925925925925918
14 0.6064814814814815 0.6462962962962963 0.05740740740740741 0.024074074074074074
14 0.20555555555555555 0.49537037037037035 0.02222222222222222 0.059259259259259255
4 0.6796296296296296 0.32407407407407407 0.04814814814814815 0.02777777777777778
14 0.6805555555555556 0.44629629629629636 0.02037037037037037 0.05740740740740741
7 0.6055555555555555 0.27129629629629626 0.059259259259259255 0.059259259259259255
7 0.08055555555555556 0.5962962962962963 0.05740740740740741 0.05740740740740741
6 0.4814814814814815 0.36944444444444446 0.03333333333333333 0.06666666666666667
12 0.46296296296296297 0.49722222222222223 0.05185185185185185 0.09259259259259259
6 0.4805555555555555 0.6203703703703705 0.03148148148148148 0.0685185185185185
6 0.9314814814814815 0.5712962962962964 0.03333333333333333 0.07037037037037037
6 0.3055555555555556 0.37037037037037035 0.03333333333333333 0.0685185185185185
10 0.10277777777777777 0.47407407407407404 0.05 0.0537037037037037
10 0.49722222222222223 0.4231481481481481 0.03148148148148148 0.051851851851851836
10 0.8564814814814815 0.4231481481481481 0.06481481481481481 0.05555555555555556
10 0.5074074074074074 0.24907407407407406 0.06296296296296296 0.05555555555555556
