9 0.4027777777777778 0.225 0.03148148148148148 0.02222222222222222
6 0.2740740740740741 0.5546296296296297 0.04074074074074074 0.08888888888888888
14 0.2740740740740741 0.6842592592592592 0.07407407407407407 0.025925925925925918
6 0.5009259259259259 0.4222222222222222 0.03888888888888888 0.08333333333333333
7 0.11203703703703702 0.5851851851851853 0.07222222222222222 0.0685185185185185
6 0.6305555555555555 0.29259259259259257 0.03888888888888888 0.08333333333333333
14 0.2722222222222222 0.29259259259259257 0.07407407407407407 0.02777777777777778
4 0.5018518518518519 0.7861111111111112 0.06296296296296296 0.03333333333333333
14 0.5675925925925925 0.3564814814814815 0.02777777777777778 0.07407407407407407
6 0.5018518518518519 0.6824074074074075 0.04074074074074074 0.08518518518518518
6 0.8277777777777777 0.4203703703703704 0.04074074074074074 0.08333333333333333
6 0.5018518518518519 0.29259259259259257 0.037037037037037035 0.07962962962962963
14 0.5666666666666667 0.6175925925925926 0.025925925925925925 0.07407407407407407
6 0.5009259259259259 0.5537037037037037 0.03888888888888888 0.08703703703703704
6 0.27314814814814814 0.4212962962962963 0.03888888888888888 0.08518518518518518
10 0.19444444444444445 0.19907407407407407 0.05555555555555556 0.07037037037037037
10 0.8546296296296296 0.2 0.0685185185185185 0.0685185185185185
