4 0.509016393442623 0.7496898725596529 0.14262295081967213 0.060655737704918035
4 0.8090163934426229 0.7586937364425163 0.12622950819672135 0.04590163934426229
2 0.6352459016393442 0.48530368763557485 0.08032786885245902 0.13442622950819674
6 0.6688524590163935 0.3256897369848156 0.04590163934426229 0.05409836065573771
7 0.21311475409836061 0.6048095173535791 0.09180327868852459 0.09508196721311477
14 0.739344262295082 0.4214581073752711 0.036065573770491806 0.09180327868852459
4 0.812295081967213 0.7505084056399132 0.13934426229508196 0.06229508196721312
14 0.8081967213114755 0.6138133812364426 0.09508196721311477 0.03770491803278689
6 0.6745901639344263 0.6277284436008677 0.04426229508196722 0.06229508196721312
10 0.8311475409836065 0.42555077277657266 0.01639344262295082 0.018032786885245903
14 0.419672131147541 0.4836666214750542 0.036065573770491806 0.09508196721311477
6 0.5081967213114754 0.5884388557483731 0.049180327868852465 0.05901639344262295
4 0.21147540983606555 0.7267709463123644 0.14426229508196722 0.05737704918032788
10 0.671311475409836 0.2127321719088937 0.027868852459016397 0.03114754098360656
6 0.32295081967213113 0.4812110222342733 0.06557377049180328 0.04754098360655738
4 0.6704918032786885 0.793072125813449 0.02622950819672131 0.029508196721311476
