14 0.31809338521400776 0.5165225074404762 0.021400778210116732 0.05252918287937743
6 0.18093385214007782 0.5155505952380952 0.05447470817120623 0.023346303501945526
6 0.5087548638132295 0.6185732886904762 0.02529182879377432 0.05447470817120623
4 0.39007782101167315 0.7089611235119048 0.04085603112840467 0.02529182879377432
4 0.7178988326848249 0.6312081473214286 0.042801556420233464 0.029182879377431907
7 0.11964980544747081 0.6176013764880952 0.05642023346303502 0.0603112840466926
10 0.7889105058365758 0.46792689732142856 0.017509727626459144 0.017509727626459144
4 0.5077821011673151 0.7079892113095239 0.042801556420233464 0.027237354085603117
6 0.38910505836575876 0.6176013764880952 0.023346303501945526 0.05642023346303502
14 0.5787937743190662 0.46889880952380947 0.021400778210116732 0.05447470817120623
6 0.7169260700389105 0.539848400297619 0.02529182879377432 0.05642023346303502
4 0.11867704280155641 0.7099330357142857 0.042801556420233464 0.027237354085603117
12 0.485408560311284 0.5184663318452382 0.05642023346303502 0.0642023346303502
4 0.5992217898832685 0.7079892113095239 0.042801556420233464 0.027237354085603117
6 0.39007782101167315 0.41349981398809527 0.02529182879377432 0.05252918287937743
6 0.5087548638132295 0.41349981398809527 0.02529182879377432 0.05252918287937743
14 0.5992217898832685 0.6282924107142857 0.05447470817120623 0.023346303501945526
10 0.5068093385214008 0.3269996279761905 0.02529182879377432 0.027237354085603117
10 0.39007782101167315 0.3269996279761905 0.021400778210116732 0.027237354085603117
