12 0.4863078375826252 0.5514104971387697 0.04343720491029272 0.06610009442870632
10 0.7554296506137866 0.3259589592274678 0.013220018885741263 0.013220018885741263
10 0.16005665722379603 0.5514104971387697 0.014164305949008499 0.013220018885741263
10 0.16005665722379603 0.6782859442060085 0.014164305949008499 0.014164305949008499
6 0.5009442870632672 0.4066121244635193 0.029272898961284228 0.07271010387157696
10 0.7554296506137866 0.48066210658082975 0.0113314447592068 0.0113314447592068
14 0.6359773371104815 0.4825487303290415 0.025495750708215296 0.052880075542965053
14 0.2757318224740321 0.5523538090128757 0.024551463644948063 0.05099150141643059
6 0.386685552407932 0.40189556509299 0.029272898961284228 0.07271010387157696
10 0.7530689329556185 0.6782859442060085 0.016052880075542963 0.016052880075542963
4 0.4995278564683664 0.7339413447782547 0.06421152030217185 0.014164305949008499
