19 0.7157142857142857 0.6413388324873097 0.04285714285714286 0.06857142857142857
2 0.7357142857142858 0.4885786802030457 0.054285714285714284 0.06571428571428571
5 0.5414285714285715 0.2430203045685279 0.04857142857142857 0.014285714285714285
14 0.45714285714285713 0.5385469543147208 0.045714285714285714 0.022857142857142854
19 0.37714285714285717 0.6598984771573604 0.039999999999999994 0.06571428571428571
19 0.18285714285714286 0.49000634517766495 0.06857142857142857 0.04571428571428571
6 0.2642857142857143 0.5685279187817259 0.037142857142857144 0.054285714285714284
14 0.6314285714285715 0.4414657360406092 0.045714285714285714 0.022857142857142854
19 0.5428571428571428 0.3129758883248731 0.045714285714285714 0.06857142857142857
4 0.7157142857142857 0.7284263959390863 0.037142857142857144 0.02571428571428571
10 0.08714285714285715 0.4885786802030457 0.019999999999999997 0.02
6 0.6314285714285715 0.5485406091370558 0.039999999999999994 0.054285714285714284
0 0.35428571428571426 0.4871510152284264 0.05714285714285714 0.06857142857142857
10 0.6314285714285715 0.618496192893401 0.03428571428571429 0.02857142857142857
4 0.3742857142857143 0.7484137055837563 0.03428571428571429 0.02571428571428571
6 0.5414285714285715 0.5885152284263959 0.04285714285714286 0.054285714285714284
10 0.9057142857142857 0.5628172588832487 0.022857142857142857 0.02
14 0.8142857142857143 0.564244923857868 0.022857142857142857 0.05142857142857142
10 0.2642857142857143 0.6399111675126903 0.03142857142857143 0.03142857142857143
10 0.5442857142857143 0.6841687817258884 0.037142857142857144 0.04
