14 0.75244140625 0.5992282144823788 0.0400390625 0.0849609375
4 0.10009765625 0.8777911618942731 0.0654296875 0.03515625
7 0.099609375 0.6963105726872246 0.119140625 0.12109375
0 0.51904296875 0.4875103248898679 0.1298828125 0.171875
6 0.2353515625 0.4875103248898679 0.060546875 0.03515625
6 0.57275390625 0.6885049559471366 0.0302734375 0.0625
4 0.85693359375 0.9158435435022027 0.0634765625 0.03515625
6 0.57275390625 0.28261288546255503 0.0302734375 0.05859375
14 0.7548828125 0.3777438394823789 0.0390625 0.0830078125
4 0.970703125 0.49921875 0.05859375 0.03515625
10 0.85693359375 0.799734994493392 0.0283203125 0.029296875
10 0.85693359375 0.5982525123898679 0.0361328125 0.0302734375
4 0.57275390625 0.8529107585352422 0.0322265625 0.0419921875
10 0.57275390625 0.14064823100220264 0.0302734375 0.0439453125
