4 0.13981042654028436 0.6631956335616438 0.03317535545023697 0.021327014218009477
6 0.5272511848341233 0.567998180650685 0.021327014218009477 0.046208530805687195
14 0.5906398104265402 0.6176664169520548 0.01777251184834123 0.041469194312796206
14 0.6024881516587678 0.3888377568493151 0.01777251184834123 0.042654028436018954
12 0.5136255924170616 0.4674791309931507 0.0438388625592417 0.06516587677725118
4 0.7156398104265402 0.5088693279109588 0.03317535545023697 0.02014218009478673
10 0.5266587677725119 0.2682148972602739 0.013033175355450236 0.01895734597156398
8 0.5272511848341233 0.6750214041095891 0.04739336492890995 0.04739336492890995
14 0.28672985781990523 0.4680704195205479 0.016587677725118485 0.042654028436018954
10 0.7606635071090048 0.3888377568493151 0.014218009478672985 0.011848341232227487
4 0.38981042654028436 0.6631956335616438 0.03317535545023697 0.021327014218009477
6 0.38981042654028436 0.5697720462328768 0.01895734597156398 0.042654028436018954
6 0.19490521327014218 0.4674791309931507 0.0438388625592417 0.02014218009478673
4 0.6552132701421801 0.6667433647260274 0.03317535545023697 0.021327014218009477
6 0.7162322274881516 0.44441887842465755 0.02014218009478673 0.045023696682464455
7 0.139218009478673 0.5603114297945205 0.046208530805687195 0.04739336492890995
6 0.5272511848341233 0.3314827696917808 0.01895734597156398 0.0438388625592417
4 0.5266587677725119 0.7418370077054794 0.01777251184834123 0.02725118483412322
