14 0.8256814921090389 0.2890445990180033 0.07317073170731707 0.028694404591104734
4 0.8256814921090389 0.4217484144844518 0.058823529411764705 0.03586800573888092
14 0.4426111908177905 0.3708188420621931 0.07317073170731707 0.028694404591104734
14 0.4426111908177905 0.7187180339607202 0.0703012912482066 0.027259684361549498
4 0.7109038737446198 0.4217484144844518 0.058823529411764705 0.03586800573888092
14 0.5193687230989957 0.5149997442716858 0.028694404591104734 0.07317073170731707
4 0.7109038737446198 0.7969056873977086 0.058823529411764705 0.03443328550932569
2 0.5581061692969871 0.3033909574468085 0.08608321377331421 0.07460545193687232
4 0.5954088952654233 0.7969056873977086 0.05738880918220947 0.03443328550932569
10 0.9088952654232425 0.16710055237315874 0.021520803443328552 0.02295552367288379
4 0.24103299856527977 0.7983403232405892 0.05738880918220947 0.03443328550932569
6 0.7101865136298422 0.288327281096563 0.03730272596843616 0.07890961262553801
4 0.3285509325681492 0.35790711947626846 0.05738880918220947 0.03443328550932569
7 0.24031563845050216 0.7201526698036006 0.078909612625538 0.07890961262553801
6 0.34146341463414637 0.6505728314238952 0.07460545193687232 0.03443328550932569
2 0.5588235294117647 0.6491381955810147 0.08751793400286945 0.07460545193687232
4 0.44332855093256807 0.797623005319149 0.05738880918220947 0.03299856527977044
14 0.7101865136298422 0.6512901493453355 0.07173601147776185 0.03012912482065997
14 0.4426111908177905 0.23524575490998362 0.07317073170731707 0.03012912482065997
