6 0.19429097605893186 0.5339953785211268 0.07550644567219153 0.03130755064456722
4 0.6408839779005525 0.7278609154929577 0.07366482504604052 0.040515653775322284
10 0.9815837937384899 0.5486960827464789 0.01841620626151013 0.020257826887661142
15 0.7219152854511971 0.5496148767605634 0.08839779005524863 0.09576427255985268
14 0.511049723756906 0.3291043133802817 0.02394106813996317 0.05156537753222836
6 0.6464088397790055 0.4163897447183098 0.07734806629834254 0.03130755064456722
4 0.35174953959484345 0.7370488556338028 0.0699815837937385 0.03314917127071824
10 0.06813996316758748 0.5339953785211268 0.01841620626151013 0.020257826887661142
14 0.441988950276243 0.5349141725352113 0.02578268876611418 0.05524861878453039
6 0.35267034990791896 0.619443221830986 0.03130755064456723 0.07734806629834254
