12 0.4270425451807228 0.38582317073170735 0.07401032702237521 0.09294320137693632
6 0.6745038188468159 0.47172891260162597 0.02581755593803786 0.058519793459552494
10 0.8317448364888124 0.19768959603658537 0.013769363166953527 0.015490533562822716
12 0.6040460950946643 0.7010972433943089 0.06712564543889844 0.09810671256454388
12 0.7526947074010326 0.5567755970528456 0.06884681583476762 0.09810671256454388
13 0.1323230421686747 0.5670842860772358 0.03442340791738381 0.03958691910499139
12 0.266364565404475 0.49148723323170734 0.10327022375215145 0.06712564543889844
6 0.4820339393287435 0.24923304115853656 0.022375215146299483 0.06024096385542168
10 0.8300263554216867 0.46743362550813006 0.013769363166953527 0.012048192771084336
6 0.7827681260757315 0.2500920985772358 0.022375215146299483 0.058519793459552494
6 0.6332602732358004 0.6048828125 0.022375215146299483 0.056798623063683294
4 0.4012653291738382 0.8162109375 0.043029259896729774 0.022375215146299483
6 0.26894228700516354 0.24837398373983738 0.022375215146299483 0.058519793459552494
12 0.7526947074010326 0.3849641133130081 0.07228915662650601 0.09810671256454388
6 0.5146850796041308 0.6057418699186992 0.022375215146299483 0.058519793459552494
13 0.1847367147160069 0.5670842860772358 0.036144578313253004 0.03958691910499139
6 0.34971089716006887 0.24923304115853656 0.022375215146299483 0.06024096385542168
12 0.42274634251290877 0.512963668699187 0.06884681583476762 0.09638554216867469
12 0.5567878657487091 0.3437293572154471 0.06884681583476762 0.09810671256454388
12 0.26722380593803785 0.36176956300813007 0.10499139414802064 0.06884681583476764
10 0.1022496234939759 0.5138227261178863 0.022375215146299483 0.018932874354561098
10 0.10139038296041307 0.3849641133130081 0.020654044750430294 0.015490533562822716
10 0.813700785283993 0.7870029852642276 0.029259896729776247 0.022375215146299483
