6 0.796028880866426 0.4144145056726094 0.018050541516245487 0.03850782190132371
12 0.26353790613718414 0.65739971636953 0.04091456077015644 0.060168471720818295
12 0.6714801444043321 0.3043494226094003 0.03850782190132371 0.05896510228640193
8 0.10108303249097472 0.717544570502431 0.04091456077015644 0.06498194945848376
10 0.8261131167268353 0.45110286669367905 0.00842358604091456 0.008423586040914562
11 0.23285198555956682 0.4901970218800648 0.039711191335740074 0.060168471720818295
11 0.6696750902527075 0.6225157009724474 0.03730445246690734 0.060168471720818295
8 0.5830324909747292 0.22616111223662885 0.04211793020457281 0.06859205776173286
11 0.5679903730445247 0.37652324756888167 0.03850782190132371 0.05896510228640193
13 0.6853188929001204 0.4805738452188006 0.027677496991576418 0.028880866425992784
6 0.7954271961492179 0.4920013675040519 0.01684717208182912 0.03730445246690734
11 0.266546329723225 0.2766827897082658 0.039711191335740074 0.06377858002406739
12 0.3838748495788207 0.65739971636953 0.03850782190132371 0.060168471720818295
6 0.39771359807460893 0.7313778869529984 0.018050541516245487 0.039711191335740074
12 0.4789410348977136 0.5316969712317666 0.03850782190132371 0.06137184115523466
11 0.7791817087845969 0.5683853322528363 0.03730445246690734 0.06257521058965101
11 0.38267148014440433 0.2766827897082658 0.03850782190132371 0.05896510228640193
6 0.2496991576413959 0.7325807840356564 0.018050541516245487 0.039711191335740074
13 0.3989169675090253 0.4793709481361426 0.027677496991576418 0.026474127557160047
12 0.23405535499398314 0.38013193881685575 0.039711191335740074 0.05896510228640193
8 0.10108303249097472 0.22676256077795784 0.04332129963898917 0.06979542719614922
6 0.3989169675090253 0.20992200162074556 0.018050541516245487 0.036101083032490974
11 0.11672683513838748 0.4920013675040519 0.04091456077015644 0.06377858002406739
6 0.2509025270758123 0.20932055307941652 0.018050541516245487 0.03730445246690734
12 0.1161251504211793 0.37832759319286874 0.04211793020457281 0.060168471720818295
8 0.49217809867629364 0.7187474675850891 0.04091456077015644 0.06498194945848376
12 0.7803850782190133 0.34284212925445706 0.03730445246690734 0.05655836341756919
10 0.27617328519855594 0.4366681017017829 0.013237063778580024 0.013237063778580024
10 0.07460890493381468 0.43606665316045384 0.01684717208182912 0.014440433212996392
10 0.06678700361010831 0.1600017726904376 0.015643802647412757 0.010830324909747292
10 0.8525872442839952 0.1600017726904376 0.027677496991576418 0.018050541516245487
13 0.6847172081829122 0.4318565133711507 0.02888086642599278 0.030084235860409148
10 0.06799037304452467 0.7722763877633712 0.015643802647412757 0.013237063778580024
10 0.8531889290012034 0.7734792848460292 0.021660649819494584 0.015643802647412754
13 0.3983152827918171 0.43065361628849275 0.02888086642599278 0.030084235860409148
