13 0.8072196620583718 0.5237582236842104 0.026113671274961597 0.027649769585253458
12 0.15591397849462366 0.6564247532894737 0.029185867895545316 0.047619047619047616
12 0.31336405529953915 0.37575452302631585 0.027649769585253458 0.047619047619047616
10 0.46082949308755766 0.44553865131578946 0.015360983102918589 0.015360983102918589
6 0.9101382488479264 0.5697697368421053 0.016897081413210446 0.03686635944700461
12 0.8264208909370201 0.40796258223684206 0.030721966205837177 0.05069124423963134
6 0.511520737327189 0.3749876644736842 0.015360983102918589 0.03686635944700461
6 0.6551459293394777 0.7392454769736843 0.016897081413210446 0.03533026113671275
11 0.4009216589861751 0.28449835526315786 0.030721966205837177 0.04915514592933948
6 0.7043010752688172 0.3734539473684211 0.03533026113671275 0.015360983102918589
11 0.521505376344086 0.28219777960526315 0.029185867895545316 0.047619047619047616
12 0.6029185867895546 0.6564247532894737 0.029185867895545316 0.05069124423963134
11 0.9001536098310293 0.6594921874999999 0.030721966205837177 0.05376344086021505
10 0.9339477726574501 0.7791221217105263 0.009216589861751152 0.01075268817204301
6 0.14669738863287252 0.7377117598684211 0.016897081413210446 0.03840245775729646
6 0.41013824884792627 0.7392454769736843 0.015360983102918589 0.03533026113671275
12 0.15668202764976957 0.45550781249999994 0.030721966205837177 0.047619047619047616
14 0.5637480798771122 0.4348026315789474 0.03379416282642089 0.02150537634408602
6 0.3033794162826421 0.7384786184210527 0.016897081413210446 0.03686635944700461
12 0.2926267281105991 0.6564247532894737 0.03225806451612903 0.05069124423963134
6 0.510752688172043 0.517623355263158 0.016897081413210446 0.03686635944700461
10 0.943932411674347 0.5222245065789475 0.010752688172043012 0.009216589861751152
6 0.7549923195084486 0.7392454769736843 0.016897081413210446 0.03533026113671275
6 0.22734254992319508 0.7377117598684211 0.018433179723502304 0.03840245775729646
12 0.19738863287250383 0.5590337171052632 0.029185867895545316 0.04608294930875576
12 0.7450076804915514 0.435569490131579 0.027649769585253458 0.047619047619047616
12 0.500768049155146 0.6564247532894737 0.027649769585253458 0.047619047619047616
6 0.7004608294930875 0.4938507401315789 0.03686635944700461 0.016897081413210446
12 0.41858678955453155 0.6564247532894737 0.026113671274961597 0.047619047619047616
12 0.8993855606758834 0.32360814144736844 0.029185867895545316 0.0445468509984639
10 0.946236559139785 0.2331188322368421 0.009216589861751152 0.01075268817204301
11 0.2542242703533026 0.28373149671052633 0.029185867895545316 0.05069124423963134
6 0.9070660522273426 0.45013980263157893 0.016897081413210446 0.03686635944700461
12 0.1359447004608295 0.37192023026315785 0.029185867895545316 0.04608294930875576
12 0.7465437788018433 0.6173149671052631 0.027649769585253458 0.04608294930875576
12 0.6443932411674347 0.5659354440789472 0.029185867895545316 0.047619047619047616
13 0.8540706605222734 0.5229913651315788 0.027649769585253458 0.029185867895545316
11 0.7465437788018433 0.28143092105263157 0.030721966205837177 0.04915514592933948
11 0.2926267281105991 0.45550781249999994 0.03225806451612903 0.05069124423963134
10 0.10138248847926268 0.3734539473684211 0.015360983102918589 0.015360983102918589
