11 0.4543539325842697 0.6866391509433962 0.03511235955056179 0.06179775280898876
12 0.6846910112359551 0.7539976415094339 0.04073033707865169 0.06460674157303371
6 0.8441011235955056 0.3694929245283019 0.019662921348314606 0.05056179775280899
12 0.2521067415730337 0.7532959905660377 0.03792134831460674 0.06320224719101122
12 0.8307584269662922 0.7539976415094339 0.04073033707865169 0.06460674157303371
10 0.5702247191011236 0.6873408018867925 0.016853932584269662 0.018258426966292134
6 0.26825842696629215 0.3800176886792453 0.02247191011235955 0.0547752808988764
11 0.27879213483146065 0.21933962264150947 0.03792134831460674 0.06460674157303371
11 0.7640449438202247 0.5547287735849056 0.03651685393258427 0.06460674157303371
6 0.8441011235955056 0.478248820754717 0.019662921348314606 0.04915730337078651
11 0.37570224719101125 0.6599764150943396 0.03511235955056179 0.05898876404494382
6 0.5203651685393258 0.41931014150943396 0.04915730337078651 0.021067415730337078
12 0.8314606741573034 0.2873997641509434 0.03651685393258427 0.06039325842696629
10 0.8946629213483146 0.15268278301886792 0.016853932584269662 0.01544943820224719
10 0.8455056179775282 0.8276709905660378 0.016853932584269662 0.018258426966292134
6 0.2675561797752809 0.5371875 0.021067415730337078 0.04915730337078651
6 0.11025280898876404 0.7518926886792452 0.021067415730337078 0.04915730337078651
6 0.31741573033707865 0.5919162735849056 0.047752808988764044 0.021067415730337078
6 0.514747191011236 0.7504893867924528 0.021067415730337078 0.04915730337078651
10 0.0723314606741573 0.6866391509433962 0.01544943820224719 0.016853932584269662
11 0.6846910112359551 0.22004127358490563 0.03511235955056179 0.06320224719101122
10 0.8932584269662922 0.4207134433962264 0.016853932584269662 0.01544943820224719
11 0.15660112359550563 0.6852358490566037 0.03792134831460674 0.06179775280898876
10 0.07373595505617977 0.47263561320754716 0.01544943820224719 0.01544943820224719
14 0.6615168539325843 0.5933195754716981 0.02808988764044944 0.05196629213483146
12 0.3771067415730337 0.7546992924528302 0.03792134831460674 0.06039325842696629
11 0.2535112359550562 0.6578714622641509 0.03792134831460674 0.06039325842696629
13 0.6966292134831461 0.46561910377358495 0.03932584269662921 0.04073033707865169
13 0.6987359550561798 0.5112264150943396 0.04073033707865169 0.042134831460674156
