11 0.5023076923076923 0.5360993975903614 0.04461538461538461 0.07384615384615385
10 0.08846153846153847 0.5683584337349398 0.02 0.018461538461538463
6 0.6246153846153846 0.4708132530120482 0.04923076923076923 0.023076923076923078
10 0.9407692307692308 0.21043674698795184 0.016923076923076923 0.018461538461538463
11 0.8153846153846154 0.5875602409638554 0.04 0.07538461538461538
6 0.4269230769230769 0.4708132530120482 0.047692307692307694 0.023076923076923078
6 0.26 0.27034638554216867 0.024615384615384615 0.04923076923076923
10 0.9384615384615385 0.7795783132530121 0.018461538461538467 0.020000000000000004
11 0.17846153846153845 0.5691265060240964 0.04307692307692308 0.07230769230769232
12 0.7507692307692307 0.7150602409638555 0.04307692307692308 0.07538461538461538
12 0.2753846153846154 0.7135240963855422 0.046153846153846156 0.07846153846153847
6 0.12923076923076923 0.6712801204819276 0.024615384615384615 0.04923076923076923
11 0.24384615384615388 0.5368674698795181 0.04461538461538461 0.07230769230769232
10 0.48769230769230776 0.4324096385542169 0.02153846153846154 0.020000000000000004
6 0.31384615384615383 0.4708132530120482 0.04923076923076923 0.023076923076923078
8 0.7653846153846153 0.2749548192771084 0.047692307692307694 0.046153846153846156
12 0.47384615384615386 0.7150602409638555 0.04307692307692308 0.07538461538461538
10 0.9384615384615385 0.4708132530120482 0.018461538461538467 0.020000000000000004
10 0.37384615384615383 0.43164156626506023 0.02153846153846154 0.018461538461538463
11 0.5692307692307692 0.5698945783132531 0.04307692307692308 0.07384615384615385
10 0.6615384615384615 0.5691265060240964 0.018461538461538467 0.020000000000000004
12 0.8807692307692306 0.34254518072289153 0.04461538461538461 0.07384615384615385
12 0.8792307692307693 0.7165963855421686 0.04461538461538461 0.07538461538461538
6 0.26 0.38171686746987954 0.024615384615384615 0.047692307692307694
6 0.6176923076923077 0.6589909638554217 0.023076923076923078 0.046153846153846156
13 0.7669230769230769 0.4085993975903614 0.038461538461538464 0.036923076923076927
10 0.22000000000000003 0.3248795180722891 0.018461538461538467 0.020000000000000004
13 0.7646153846153846 0.524578313253012 0.04 0.038461538461538464
