12 0.3621460506706408 0.7241392366720516 0.032786885245901634 0.05365126676602087
14 0.4351713859910581 0.4381941639741519 0.029806259314456036 0.01788375558867362
12 0.40760059612518623 0.6020168618739904 0.03427719821162444 0.05961251862891207
6 0.2600596125186289 0.7859450726978998 0.016393442622950817 0.03427719821162444
6 0.14083457526080476 0.7263731825525042 0.016393442622950817 0.03427719821162444
6 0.7764530551415797 0.7792432350565428 0.01788375558867362 0.03576751117734724
6 0.20044709388971685 0.656376211631664 0.03129657228017883 0.01639344262295082
6 0.2608047690014903 0.4992553513731826 0.014903129657228018 0.03278688524590164
12 0.293591654247392 0.46872475767366717 0.032786885245901634 0.05216095380029806
6 0.5782414307004471 0.8358365306946688 0.01788375558867362 0.03576751117734724
10 0.842026825633383 0.5625504846526657 0.014903129657228018 0.019374068554396422
11 0.4783904619970194 0.36447394991922455 0.032786885245901634 0.05216095380029806
6 0.7786885245901639 0.11054876817447497 0.016393442622950817 0.03278688524590164
8 0.6438152011922503 0.548402160743134 0.041728763040238454 0.04172876304023845
6 0.19448584202682564 0.8462616114701131 0.016393442622950817 0.03576751117734724
6 0.6423248882265276 0.8358365306946688 0.01788375558867362 0.03576751117734724
12 0.7652757078986587 0.2877751413570275 0.03129657228017883 0.05365126676602087
12 0.3837555886736215 0.25724454765751215 0.03427719821162444 0.05216095380029806
12 0.7242921013412816 0.24160692649434573 0.032786885245901634 0.05365126676602087
11 0.5029806259314457 0.17905644184168013 0.03129657228017883 0.05365126676602087
6 0.2608047690014903 0.8470062600969305 0.014903129657228018 0.03427719821162444
13 0.49031296572280175 0.2728821688206785 0.02384500745156483 0.02384500745156483
10 0.08047690014903129 0.6958425888529887 0.01788375558867362 0.01788375558867362
6 0.3509687034277198 0.8082845315024233 0.016393442622950817 0.03427719821162444
11 0.3837555886736215 0.18352433360258483 0.03427719821162444 0.05365126676602087
10 0.8174366616989568 0.8767922051696283 0.016393442622950817 0.019374068554396422
6 0.8055141579731744 0.5632951332794831 0.03427719821162444 0.020864381520119223
6 0.7771982116244411 0.4761712439418416 0.016393442622950817 0.03427719821162444
12 0.6900149031296572 0.12916498384491115 0.050670640834575266 0.03129657228017883
10 0.842026825633383 0.3622400040387722 0.01788375558867362 0.01788375558867362
6 0.30923994038748137 0.1127827140549273 0.016393442622950817 0.03427719821162444
11 0.319672131147541 0.18426898222940227 0.03427719821162444 0.05514157973174366
12 0.1527570789865872 0.6556315630048466 0.03129657228017883 0.05365126676602087
6 0.39716840536512665 0.11352736268174475 0.016393442622950817 0.03576751117734724
10 0.8427719821162445 0.07927352584814217 0.016393442622950817 0.01788375558867362
12 0.6311475409836066 0.7248838852988692 0.03129657228017883 0.05216095380029806
6 0.49254843517138597 0.1142720113085622 0.016393442622950817 0.03427719821162444
12 0.2481371087928465 0.6586101575121164 0.03129657228017883 0.05365126676602087
11 0.5678092399403875 0.17905644184168013 0.032786885245901634 0.05365126676602087
11 0.29508196721311475 0.6020168618739904 0.032786885245901634 0.05961251862891207
13 0.49031296572280175 0.31234854604200324 0.02384500745156483 0.025335320417287633
12 0.38450074515648286 0.46872475767366717 0.032786885245901634 0.05216095380029806
12 0.5663189269746647 0.7248838852988692 0.032786885245901634 0.05514157973174366
6 0.14083457526080476 0.5 0.016393442622950817 0.03427719821162444
13 0.20640834575260808 0.43000302907915994 0.025335320417287633 0.025335320417287633
