12 0.7063063063063063 0.6972394436997319 0.03963963963963964 0.046846846846846854
6 0.5063063063063064 0.7575821045576407 0.018018018018018018 0.04144144144144144
6 0.34594594594594597 0.7575821045576407 0.018018018018018018 0.04144144144144144
6 0.34594594594594597 0.22800770777479892 0.018018018018018018 0.04144144144144144
10 0.2882882882882883 0.4675770777479893 0.014414414414414415 0.016216216216216217
12 0.7873873873873873 0.6945375335120644 0.03963963963963964 0.04864864864864866
12 0.25135135135135134 0.6963388069705093 0.04144144144144144 0.04864864864864866
10 0.8585585585585586 0.4225452412868632 0.016216216216216217 0.016216216216216217
10 0.8585585585585586 0.18477714477211796 0.016216216216216217 0.016216216216216217
6 0.236036036036036 0.22800770777479892 0.018018018018018018 0.04144144144144144
6 0.236036036036036 0.5522369302949063 0.018018018018018018 0.04504504504504504
6 0.15045045045045044 0.7548801943699732 0.016216216216216217 0.043243243243243246
6 0.6531531531531531 0.4225452412868632 0.04504504504504504 0.01981981981981982
6 0.15135135135135136 0.22800770777479892 0.018018018018018018 0.04144144144144144
12 0.7855855855855856 0.2703376340482574 0.03963963963963964 0.046846846846846854
6 0.15225225225225225 0.5495350201072386 0.01981981981981982 0.043243243243243246
12 0.3630630630630631 0.6963388069705093 0.03783783783783784 0.04504504504504504
12 0.4900900900900901 0.6954381702412868 0.03963963963963964 0.046846846846846854
10 0.0981981981981982 0.5063044571045576 0.016216216216216217 0.014414414414414415
12 0.13693693693693693 0.46487516756032166 0.03963963963963964 0.046846846846846854
12 0.6810810810810811 0.31536947050938335 0.03963963963963964 0.046846846846846854
10 0.0981981981981982 0.46487516756032166 0.016216216216216217 0.014414414414414415
12 0.25045045045045045 0.4684777144772118 0.03963963963963964 0.046846846846846854
12 0.5720720720720721 0.3567987600536193 0.03783783783783784 0.046846846846846854
6 0.23423423423423423 0.7575821045576407 0.018018018018018018 0.04144144144144144
12 0.13423423423423422 0.6954381702412868 0.04144144144144144 0.05045045045045045
10 0.0972972972972973 0.593666219839142 0.014414414414414415 0.016216216216216217
10 0.8585585585585586 0.7981107573726541 0.016216216216216217 0.014414414414414415
12 0.44684684684684683 0.35589812332439685 0.03963963963963964 0.04504504504504504
6 0.4648648648648649 0.2262064343163539 0.018018018018018018 0.04144144144144144
6 0.7225225225225225 0.7584827412868633 0.018018018018018018 0.043243243243243246
6 0.8036036036036036 0.7575821045576407 0.018018018018018018 0.04144144144144144
6 0.6504504504504505 0.46487516756032166 0.043243243243243246 0.018018018018018018
6 0.554954954954955 0.22800770777479892 0.018018018018018018 0.04144144144144144
10 0.8594594594594595 0.49189426943699727 0.014414414414414415 0.014414414414414415
