8 0.4261213720316623 0.22838057620817845 0.06596306068601583 0.0870712401055409
6 0.158311345646438 0.5474674721189591 0.021108179419525065 0.05013192612137203
10 0.8733509234828496 0.7808492100371748 0.0158311345646438 0.0158311345646438
6 0.158311345646438 0.7175592472118959 0.021108179419525065 0.052770448548812667
12 0.787598944591029 0.3114486524163569 0.0554089709762533 0.08443271767810026
6 0.2519788918205805 0.2666182620817844 0.0237467018469657 0.052770448548812667
6 0.25065963060686014 0.4367100371747211 0.021108179419525065 0.05013192612137203
15 0.6477572559366754 0.30881157063197023 0.0870712401055409 0.08970976253298153
8 0.5382585751978892 0.21783224907063198 0.0633245382585752 0.0870712401055409
11 0.22823218997361477 0.6463580390334573 0.05013192612137203 0.08443271767810026
10 0.08047493403693931 0.6463580390334573 0.018469656992084433 0.021108179419525065
10 0.8733509234828496 0.1584979089219331 0.0158311345646438 0.0158311345646438
12 0.4050131926121372 0.36550882899628256 0.05013192612137203 0.08179419525065963
8 0.5356200527704486 0.6621805297397769 0.0633245382585752 0.08443271767810026
12 0.5145118733509235 0.5026370817843866 0.05804749340369393 0.08179419525065963
6 0.25065963060686014 0.5606528810408922 0.021108179419525065 0.05013192612137203
