10 0.9281045751633987 0.4910578366209263 0.013071895424836602 0.014705882352941176
4 0.09395424836601307 0.43393144296741 0.02777777777777778 0.02450980392156863
11 0.41830065359477125 0.4918739279588336 0.03921568627450981 0.058823529411764705
10 0.09395424836601307 0.37354068396226414 0.014705882352941176 0.014705882352941176
6 0.8006535947712419 0.4412762650085763 0.019607843137254905 0.03921568627450981
13 0.2834967320261438 0.23480515651801032 0.02777777777777778 0.02777777777777778
8 0.36764705882352944 0.1572764794168096 0.03594771241830065 0.05228758169934641
6 0.45179738562091504 0.1482994746998285 0.017973856209150325 0.03758169934640523
12 0.14460784313725492 0.5800117924528302 0.03758169934640523 0.06209150326797386
10 0.09395424836601307 0.40128778945111493 0.014705882352941176 0.014705882352941176
12 0.7818627450980392 0.738333512006861 0.047385620915032685 0.06209150326797386
13 0.6683006535947712 0.584092249142367 0.029411764705882353 0.03104575163398693
12 0.7826797385620915 0.27642581475128647 0.0457516339869281 0.06209150326797386
13 0.7344771241830066 0.7815863529159519 0.03104575163398693 0.03104575163398693
13 0.09395424836601307 0.3000924635506004 0.02777777777777778 0.03104575163398693
8 0.45179738562091504 0.30743728559176675 0.03431372549019608 0.05228758169934641
4 0.3104575163398693 0.5661382397084048 0.026143790849673203 0.02450980392156863
11 0.3333333333333333 0.2658166273584906 0.03594771241830065 0.057189542483660136
10 0.9281045751633987 0.10504663379073756 0.013071895424836602 0.016339869281045753
12 0.20261437908496732 0.5302302208404803 0.03921568627450981 0.06372549019607844
14 0.5686274509803921 0.6322416380789023 0.016339869281045753 0.032679738562091505
11 0.7205882352941176 0.61428762864494 0.03921568627450981 0.058823529411764705
10 0.09395424836601307 0.5767474271012007 0.014705882352941176 0.016339869281045753
12 0.5318627450980392 0.738333512006861 0.03758169934640523 0.06209150326797386
13 0.09395424836601307 0.33681657375643226 0.02777777777777778 0.029411764705882353
13 0.45098039215686275 0.23398906518010293 0.029411764705882353 0.029411764705882353
6 0.47058823529411764 0.8844138614922812 0.019607843137254905 0.03758169934640523
6 0.8766339869281046 0.8754368567753001 0.017973856209150325 0.03921568627450981
6 0.12663398692810457 0.2658166273584906 0.03758169934640523 0.017973856209150325
6 0.5882352941176471 0.4910578366209263 0.03921568627450981 0.017973856209150325
4 0.5465686274509803 0.5857244318181818 0.02777777777777778 0.02450980392156863
6 0.8758169934640524 0.4412762650085763 0.019607843137254905 0.03921568627450981
4 0.2540849673202614 0.33028784305317327 0.02777777777777778 0.026143790849673203
11 0.45669934640522875 0.5865405231560892 0.03758169934640523 0.058823529411764705
6 0.2818627450980392 0.4021038807890223 0.017973856209150325 0.03594771241830065
12 0.6544117647058824 0.7946438143224699 0.03758169934640523 0.06045751633986929
12 0.2965686274509804 0.8044369103773585 0.03758169934640523 0.06045751633986929
6 0.2818627450980392 0.1482994746998285 0.017973856209150325 0.03758169934640523
6 0.3668300653594771 0.42169007289879934 0.017973856209150325 0.03594771241830065
6 0.2826797385620915 0.8844138614922812 0.019607843137254905 0.03758169934640523
12 0.8578431372549019 0.331920025728988 0.0457516339869281 0.06209150326797386
13 0.5089869281045751 0.5269658554888508 0.02777777777777778 0.02777777777777778
13 0.545751633986928 0.5318624035162951 0.029411764705882353 0.02777777777777778
12 0.3619281045751634 0.7391496033447684 0.03758169934640523 0.06045751633986929
10 0.9281045751633987 0.9260345197255575 0.013071895424836602 0.016339869281045753
13 0.6691176470588235 0.45106936106346485 0.02777777777777778 0.026143790849673203
12 0.45588235294117646 0.8044369103773585 0.03921568627450981 0.06045751633986929
8 0.3758169934640523 0.881965587478559 0.03594771241830065 0.05228758169934641
6 0.40441176470588236 0.4225061642367066 0.017973856209150325 0.03758169934640523
11 0.35294117647058826 0.4918739279588336 0.03921568627450981 0.058823529411764705
6 0.8006535947712419 0.8746207654373928 0.019607843137254905 0.03758169934640523
6 0.6691176470588235 0.8844138614922812 0.017973856209150325 0.03758169934640523
12 0.8578431372549019 0.7946438143224699 0.0457516339869281 0.06045751633986929
11 0.40032679738562094 0.2658166273584906 0.03921568627450981 0.06045751633986929
10 0.09395424836601307 0.5294141295025729 0.014705882352941176 0.016339869281045753
6 0.47058823529411764 0.4029199721269297 0.016339869281045753 0.03758169934640523
6 0.309640522875817 0.5245175814751286 0.017973856209150325 0.03594771241830065
8 0.5465686274509803 0.8811494961406519 0.03758169934640523 0.05392156862745099
8 0.21650326797385624 0.8811494961406519 0.03758169934640523 0.05392156862745099
8 0.15931372549019607 0.8811494961406519 0.03758169934640523 0.05392156862745099
11 0.2687908496732026 0.6314255467409948 0.04084967320261439 0.06045751633986929
12 0.2540849673202614 0.27887408876500863 0.07352941176470588 0.04411764705882353
13 0.28104575163398693 0.19481668096054888 0.032679738562091505 0.032679738562091505
13 0.45098039215686275 0.1980810463121784 0.032679738562091505 0.032679738562091505
13 0.6683006535947712 0.4037360634648371 0.032679738562091505 0.032679738562091505
8 0.6699346405228758 0.158092570754717 0.03594771241830065 0.05392156862745099
