6 0.4342478586723768 0.7097069597069597 0.03296703296703297 0.05311355311355311
6 0.520265658458244 0.184981684981685 0.03296703296703297 0.05128205128205129
6 0.6410566113490364 0.7106227106227107 0.03296703296703297 0.05494505494505495
4 0.14782688704496788 0.5476190476190477 0.04212454212454213 0.021978021978021983
6 0.2329296038543897 0.3617216117216117 0.03296703296703297 0.05311355311355311
10 0.7691682280513918 0.44230769230769235 0.018315018315018316 0.020146520146520148
7 0.1469118040685225 0.49084249084249076 0.05494505494505495 0.05494505494505495
4 0.582491300856531 0.8763736263736263 0.04395604395604395 0.02380952380952381
11 0.62641528372591 0.2857142857142857 0.03663003663003663 0.06227106227106227
11 0.3647015524625267 0.2847985347985348 0.03663003663003663 0.06410256410256411
6 0.3793428800856531 0.18681318681318682 0.03296703296703297 0.05128205128205129
12 0.5065394138115631 0.36538461538461536 0.04212454212454213 0.06043956043956045
6 0.6401415283725911 0.18681318681318682 0.031135531135531136 0.05128205128205129
14 0.2933250802997859 0.6831501831501832 0.03663003663003663 0.018315018315018316
6 0.2329296038543897 0.7097069597069597 0.03296703296703297 0.05311355311355311
14 0.2933250802997859 0.20512820512820512 0.03663003663003663 0.018315018315018316
12 0.4223517799785867 0.44230769230769235 0.038461538461538464 0.06043956043956045
6 0.582491300856531 0.8305860805860806 0.03296703296703297 0.05311355311355311
4 0.7289045770877944 0.5604395604395604 0.04395604395604395 0.021978021978021983
6 0.7298196600642399 0.5009157509157509 0.031135531135531136 0.05311355311355311
11 0.5056243308351177 0.5210622710622711 0.03663003663003663 0.06043956043956045
12 0.6273303667023555 0.608058608058608 0.038461538461538464 0.06227106227106227
6 0.23201452087794433 0.18681318681318682 0.031135531135531136 0.05128205128205129
11 0.31528707173447534 0.44322344322344326 0.040293040293040296 0.06227106227106227
6 0.520265658458244 0.7097069597069597 0.03296703296703297 0.05311355311355311
10 0.23201452087794433 0.826007326007326 0.020146520146520148 0.021978021978021983
13 0.5211807414346895 0.6483516483516484 0.038461538461538464 0.043956043956043966
13 0.23201452087794433 0.6474358974358975 0.038461538461538464 0.04578754578754579
12 0.42143669700214126 0.608058608058608 0.040293040293040296 0.06227106227106227
13 0.5211807414346895 0.25 0.038461538461538464 0.04578754578754579
13 0.23201452087794433 0.2490842490842491 0.038461538461538464 0.043956043956043966
10 0.23475976980728053 0.055860805860805864 0.025641025641025644 0.02380952380952381
