0 0.7388436166084594 0.20927774018944517 0.07295304617772605 0.06480403570042685
0 0.06228172293364377 0.17497251353179974 0.07178890182382615 0.06208769887466046
4 0.6389212262320527 0.7285076962110961 0.01979045401629802 0.013193636010865348
11 0.5632518432285604 0.7692088125845737 0.057819169577027554 0.0737291424136593
2 0.3538998835855646 0.4403050293188994 0.05665502522312767 0.06325184322856034
0 0.740395809080326 0.3234346808750564 0.07217694994179277 0.06441598758246023
6 0.5842064415987582 0.6564085757780785 0.03453628249902988 0.10399689561505628
0 0.359720605355064 0.32091508795669826 0.07062475746992627 0.06092355452076057
2 0.06111757857974389 0.5288784111411818 0.05937136204889406 0.06752037252619325
4 0.31121459060923556 0.9008090888588182 0.038804811796662786 0.02677532013969732
0 0.3573923166472643 0.2102468143888137 0.07062475746992627 0.06286379511059371
2 0.5523864959254947 0.4403050293188994 0.055490880869227786 0.0640279394644936
2 0.35584012417539773 0.5585320816418584 0.05743112145906093 0.06325184322856034
2 0.5535506402793946 0.5579506371222372 0.0640279394644936 0.06519208381839349
0 0.5417151726814124 0.32110890279657195 0.07062475746992627 0.06053550640279395
0 0.06422196352347691 0.28719130581867386 0.0710128055878929 0.06247574699262709
0 0.5386107877376795 0.2094715550293189 0.0682964687621265 0.06053550640279395
11 0.060147458284827315 0.7668830345060893 0.05355064027939464 0.07217694994179277
11 0.35584012417539773 0.7684335532250789 0.05665502522312767 0.07140085370585952
2 0.05723709740007761 0.405999802661254 0.055490880869227786 0.06441598758246023
10 0.8610787737679473 0.41801632273342354 0.019402405898331393 0.013969732246798603
2 0.23923166472642604 0.3738265392422192 0.0570430733410943 0.06363989134652696
