2 0.595 0.5915497448979592 0.06333333333333332 0.08666666666666667
12 0.30083333333333334 0.7721524234693877 0.07166666666666667 0.125
0 0.595 0.3377072704081633 0.06 0.08499999999999999
6 0.4025 0.4459024234693878 0.04166666666666667 0.09166666666666666
6 0.43833333333333335 0.7022417091836735 0.04666666666666667 0.09166666666666666
4 0.6208333333333333 0.8537149234693878 0.06833333333333333 0.03833333333333333
12 0.22833333333333333 0.5191422193877551 0.07333333333333333 0.125
4 0.43916666666666665 0.8162627551020408 0.06833333333333333 0.03666666666666667
4 0.25666666666666665 0.6339955357142857 0.06666666666666667 0.03833333333333333
4 0.32916666666666666 0.8878380102040817 0.06833333333333333 0.03666666666666667
6 0.25666666666666665 0.3726626275510204 0.043333333333333335 0.09166666666666666
9 0.40166666666666667 0.29775829081632654 0.03 0.021666666666666667
10 0.9391666666666667 0.4517283163265306 0.12166666666666666 0.08333333333333334
6 0.25666666666666665 0.227015306122449 0.043333333333333335 0.09
10 0.03333333333333333 0.4908450255102041 0.06666666666666667 0.07833333333333334
10 0.6558333333333334 0.12547831632653061 0.08166666666666667 0.06666666666666667
10 0.0675 0.7438552295918368 0.07833333333333334 0.08499999999999999
