12 0.33992094861660077 0.5276237201365188 0.039525691699604744 0.049407114624505935
4 0.08992094861660078 0.5956964590443686 0.025691699604743084 0.019762845849802372
10 0.7519762845849802 0.3332711177474403 0.017786561264822136 0.015810276679841896
14 0.20948616600790518 0.7002719709897611 0.02766798418972332 0.015810276679841896
4 0.20948616600790518 0.7367747440273037 0.02766798418972332 0.017786561264822136
2 0.7341897233201581 0.5858308447098975 0.04150197628458498 0.05928853754940712
4 0.325098814229249 0.5956964590443686 0.025691699604743084 0.019762845849802372
4 0.3922924901185771 0.5947098976109215 0.025691699604743084 0.017786561264822136
14 0.3932806324110672 0.5591936860068258 0.02766798418972332 0.017786561264822136
6 0.21047430830039526 0.5276237201365188 0.025691699604743084 0.049407114624505935
6 0.32707509881422925 0.37076045221843 0.025691699604743084 0.05138339920948617
6 0.6719367588932806 0.5266371587030717 0.05533596837944664 0.027667984189723327
10 0.7509881422924901 0.2602655716723549 0.02766798418972332 0.019762845849802372
6 0.09090909090909091 0.37076045221843 0.02766798418972332 0.05138339920948617
10 0.7509881422924901 0.38851855802047786 0.015810276679841896 0.015810276679841896
14 0.08992094861660078 0.5295968430034129 0.025691699604743084 0.017786561264822136
4 0.7519762845849802 0.7357881825938566 0.02964426877470356 0.019762845849802372
6 0.4604743083003953 0.5295968430034129 0.05138339920948617 0.025691699604743084
13 0.15019762845849802 0.45264505119453924 0.02766798418972332 0.02964426877470356
10 0.4140316205533597 0.7209897610921502 0.009881422924901186 0.009881422924901186
10 0.41106719367588934 0.6647557593856656 0.011857707509881424 0.011857707509881424
10 0.42885375494071154 0.6657423208191127 0.011857707509881424 0.009881422924901186
10 0.42984189723320154 0.7209897610921502 0.009881422924901186 0.013833992094861663
