6 0.5008333333333334 0.4350837628865979 0.05500000000000001 0.025
15 0.6458333333333334 0.41427727663230235 0.11166666666666666 0.11000000000000001
6 0.5008333333333334 0.3934707903780069 0.05500000000000001 0.025
6 0.8149999999999998 0.41427727663230235 0.05333333333333333 0.026666666666666665
11 0.37833333333333335 0.4775289948453608 0.04 0.07333333333333333
4 0.43666666666666665 0.4167740549828179 0.04 0.021666666666666667
4 0.6475 0.4808580326460481 0.04166666666666667 0.023333333333333334
7 0.6883333333333334 0.351025558419244 0.04666666666666667 0.04666666666666667
6 0.395 0.6231743986254296 0.05333333333333333 0.028333333333333332
4 0.29 0.6265034364261168 0.04 0.025
6 0.6258333333333334 0.26863187285223367 0.05500000000000001 0.021666666666666667
6 0.24833333333333335 0.3934707903780069 0.056666666666666664 0.025
4 0.9816666666666667 0.4384128006872852 0.03666666666666667 0.021666666666666667
4 0.47833333333333333 0.7313681271477663 0.04 0.021666666666666667
4 0.7308333333333333 0.37599334192439865 0.03833333333333333 0.023333333333333334
7 0.47833333333333333 0.6656196305841925 0.04666666666666667 0.04666666666666667
13 0.30583333333333335 0.4750322164948454 0.058333333333333334 0.045
7 0.14333333333333334 0.3934707903780069 0.04666666666666667 0.04833333333333334
7 0.8983333333333332 0.41427727663230235 0.05 0.04666666666666667
4 0.018333333333333333 0.4176063144329897 0.03666666666666667 0.023333333333333334
