17 0.5836842105263158 0.6226233402014653 0.06842105263157895 0.034736842105263156
6 0.4284210526315789 0.6315504807692307 0.0863157894736842 0.03368421052631579
4 0.3436842105263158 0.5958419184981685 0.028421052631578948 0.021052631578947368
13 0.5705263157894737 0.42255036630036624 0.04631578947368421 0.04421052631578947
12 0.4184210526315789 0.4771634615384615 0.06 0.08421052631578947
6 0.14157894736842105 0.4782137133699633 0.08736842105263157 0.03368421052631579
4 0.26210526315789473 0.7581058264652014 0.031578947368421054 0.019999999999999997
4 0.57 0.474012706043956 0.030526315789473686 0.021052631578947368
10 0.6468421052631579 0.33432921245421243 0.017894736842105262 0.016842105263157894
6 0.3436842105263158 0.5317765567765568 0.030526315789473686 0.08421052631578947
13 0.44263157894736843 0.32120106456043956 0.047368421052631574 0.04526315789473684
19 0.5736842105263158 0.31805030906593407 0.018947368421052633 0.09157894736842105
4 0.4442105263157895 0.5543569711538462 0.02947368421052631 0.022105263157894735
10 0.8731578947368421 0.23823116987179488 0.015789473684210527 0.01368421052631579
10 0.26210526315789473 0.6730354281135531 0.023157894736842106 0.02631578947368421
10 0.26526315789473687 0.7134701236263736 0.023157894736842106 0.021052631578947368
10 0.71 0.629975103021978 0.02631578947368421 0.022105263157894735
