4 0.93798828125 0.5844242478510029 0.0283203125 0.0166015625
14 0.24072265625 0.45656787249283665 0.0244140625 0.0126953125
6 0.11181640625 0.49316797994269346 0.0419921875 0.01171875
4 0.408203125 0.5771042263610315 0.02734375 0.015625
15 0.431640625 0.4853599570200573 0.037109375 0.046875
15 0.189453125 0.5004880014326648 0.037109375 0.0458984375
6 0.3388671875 0.5024400071633238 0.01171875 0.0322265625
4 0.16455078125 0.5907682664756446 0.0263671875 0.015625
4 0.240234375 0.4829199498567335 0.02734375 0.014648437499999997
6 0.45947265625 0.6044323065902579 0.0341796875 0.01171875
6 0.18701171875 0.40093570916905447 0.0361328125 0.0126953125
6 0.33154296875 0.6054083094555873 0.0361328125 0.01171875
14 0.1650390625 0.5644161891117478 0.025390625 0.013671875000000003
4 0.478515625 0.4677919054441261 0.02734375 0.015625
4 0.38330078125 0.6927605659025788 0.0283203125 0.0166015625
6 0.08349609375 0.5936962750716333 0.0107421875 0.03515625
10 0.21044921875 0.429727793696275 0.0107421875 0.009765625
4 0.0830078125 0.6454244269340974 0.02734375 0.015625
14 0.478515625 0.441927829512894 0.025390625 0.014648437499999997
6 0.3837890625 0.6410324140401146 0.01171875 0.0361328125
10 0.22119140625 0.5517281518624642 0.0107421875 0.01171875
10 0.63330078125 0.41899176217765044 0.0107421875 0.01171875
6 0.85400390625 0.48633595988538686 0.0361328125 0.013671875000000003
4 0.33837890625 0.5531921561604585 0.0283203125 0.0166015625
14 0.408203125 0.5517281518624642 0.025390625 0.013671875000000003
6 0.083984375 0.5409921203438396 0.01171875 0.03515625
16 0.63330078125 0.4838959527220631 0.0341796875 0.0458984375
10 0.650390625 0.5854002507163324 0.01171875 0.014648437499999997
10 0.46435546875 0.5400161174785101 0.0126953125 0.015625
10 0.44970703125 0.4136237464183381 0.0146484375 0.014648437499999997
10 0.92724609375 0.4877999641833811 0.0146484375 0.0087890625
