18 0.8588410104011887 0.3895633012820513 0.07429420505200593 0.060921248142644865
10 0.11292719167904904 0.4399639423076923 0.02674591381872214 0.02823179791976226
9 0.3684992570579495 0.5756009615384615 0.029717682020802376 0.020802377414561663
4 0.5965824665676077 0.6726963141025641 0.060921248142644865 0.03714710252600297
4 0.2013372956909361 0.70234375 0.060921248142644865 0.03714710252600297
18 0.8595839524517089 0.5763421474358974 0.07280832095096582 0.060921248142644865
4 0.9361069836552749 0.5163060897435898 0.06240713224368499 0.03566121842496285
4 0.7191679049034175 0.6726963141025641 0.06240713224368499 0.03714710252600297
6 0.2786032689450223 0.579306891025641 0.10549777117384844 0.05794947994056463
15 0.3588410104011887 0.47479967948717955 0.15601783060921248 0.1515601783060921
14 0.20059435364041606 0.6289663461538462 0.07726597325408617 0.041604754829123326
6 0.7213967310549777 0.5681891025641026 0.05497771173848439 0.10104011887072809
10 0.7786032689450223 0.47479967948717955 0.02674591381872214 0.02674591381872214
14 0.5950965824665676 0.5696714743589744 0.0787518573551263 0.041604754829123326
