21 0.6931137724550899 0.372825766509434 0.03592814371257485 0.017964071856287425
21 0.34206586826347307 0.29278080778301885 0.0374251497005988 0.019461077844311378
10 0.8802395209580839 0.22769752358490564 0.017964071856287425 0.020958083832335328
10 0.8854790419161678 0.47456515330188676 0.019461077844311378 0.023952095808383235
10 0.8862275449101796 0.5037404186320755 0.020958083832335328 0.02245508982035928
21 0.3166167664670659 0.7117076945754717 0.02245508982035928 0.040419161676646706
21 0.5815868263473054 0.7334021226415095 0.02245508982035928 0.041916167664670656
11 0.2934131736526946 0.3234522405660377 0.04790419161676647 0.04790419161676647
2 0.5157185628742516 0.6608380011792453 0.04940119760479042 0.04640718562874251
2 0.6474550898203593 0.6600899174528302 0.04940119760479042 0.04491017964071856
0 0.7522455089820359 0.37357385023584905 0.05538922155688623 0.05239520958083832
11 0.4026946107784431 0.29427697523584906 0.05389221556886228 0.04940119760479042
11 0.6294910179640718 0.32569649174528303 0.04940119760479042 0.04940119760479042
11 0.2462574850299401 0.4738170695754717 0.05538922155688623 0.04940119760479042
11 0.32335329341317365 0.47306898584905654 0.04790419161676647 0.04790419161676647
21 0.7612275449101796 0.4296801297169811 0.02245508982035928 0.041916167664670656
21 0.25523952095808383 0.7117076945754717 0.02245508982035928 0.040419161676646706
10 0.8817365269461078 0.770058225235849 0.017964071856287425 0.019461077844311378
10 0.0688622754491018 0.4738170695754717 0.017964071856287425 0.01646706586826347
10 0.06811377245508982 0.5022442511792453 0.019461077844311378 0.019461077844311378
4 0.41017964071856283 0.44239755306603773 0.020958083832335328 0.01646706586826347
21 0.8241017964071856 0.5463811910377359 0.02245508982035928 0.041916167664670656
21 0.7612275449101796 0.5179540094339623 0.02245508982035928 0.041916167664670656
21 0.6384730538922155 0.5164578419811321 0.02245508982035928 0.041916167664670656
21 0.38547904191616766 0.5127174233490566 0.02245508982035928 0.040419161676646706
21 0.5232035928143712 0.515709758254717 0.02245508982035928 0.040419161676646706
21 0.40943113772455086 0.40798570165094344 0.02245508982035928 0.040419161676646706
21 0.40943113772455086 0.3548717570754717 0.02245508982035928 0.041916167664670656
21 0.6384730538922155 0.2636055424528302 0.02245508982035928 0.041916167664670656
21 0.5261976047904192 0.2636055424528302 0.02245508982035928 0.041916167664670656
21 0.28592814371257486 0.2636055424528302 0.020958083832335328 0.041916167664670656
11 0.5344311377245509 0.32494840801886793 0.04790419161676647 0.04790419161676647
21 0.11077844311377245 0.5456331073113208 0.020958083832335328 0.040419161676646706
4 0.14520958083832336 0.6518609964622641 0.020958083832335328 0.01646706586826347
4 0.8248502994011975 0.5860296285377358 0.020958083832335328 0.01646706586826347
4 0.8862275449101796 0.587525795990566 0.020958083832335328 0.01646706586826347
14 0.8241017964071856 0.5022442511792453 0.025449101796407185 0.01347305389221557
14 0.1751497005988024 0.547129274764151 0.020958083832335328 0.01347305389221557
14 0.09431137724550898 0.47306898584905654 0.017964071856287425 0.023952095808383235
14 0.375 0.5763045400943396 0.02245508982035928 0.014970059880239523
14 0.4902694610778443 0.6189453125 0.01347305389221557 0.019461077844311378
14 0.6714071856287425 0.6189453125 0.016467065868263474 0.02245508982035928
21 0.8151197604790419 0.22620135613207548 0.058383233532934134 0.023952095808383235
21 0.46706586826347307 0.47306898584905654 0.03592814371257485 0.017964071856287425
21 0.8143712574850299 0.7715543926886792 0.056886227544910184 0.02245508982035928
21 0.14446107784431136 0.47306898584905654 0.0374251497005988 0.017964071856287425
21 0.6931137724550899 0.5748083726415094 0.03592814371257485 0.017964071856287425
21 0.2851796407185629 0.43566479952830195 0.0374251497005988 0.017964071856287425
