14 0.7741666666666667 0.8149999999999998 0.09833333333333333 0.03333333333333333
10 0.05500000000000001 0.19083333333333333 0.06 0.07833333333333334
4 0.2633333333333333 0.7033333333333334 0.06666666666666667 0.04666666666666667
4 0.54 0.8216666666666667 0.08 0.04666666666666667
4 0.775 0.9800000000000001 0.07333333333333333 0.04
6 0.5433333333333333 0.185 0.04666666666666667 0.10666666666666666
6 0.2633333333333333 0.30666666666666664 0.04666666666666667 0.10666666666666666
6 0.2633333333333333 0.5433333333333333 0.04666666666666667 0.10666666666666666
6 0.5333333333333333 0.6616666666666666 0.04666666666666667 0.10666666666666666
6 0.775 0.665 0.04666666666666667 0.10666666666666666
14 0.7366666666666666 0.3075 0.04 0.09833333333333333
14 0.14416666666666667 0.41916666666666663 0.03499999999999999 0.10166666666666666
12 0.5108333333333334 0.4216666666666667 0.08166666666666667 0.13333333333333333
10 0.9333333333333333 0.27 0.08 0.07666666666666666
10 0.575 0.03666666666666667 0.07666666666666666 0.07333333333333333
10 0.30166666666666664 0.15 0.07666666666666666 0.07666666666666666
