14 0.48671875 0.625 0.0296875 0.018750000000000003
21 0.7453125 0.5515625 0.01875 0.04375
15 0.36640625 0.465625 0.0640625 0.08125
21 0.48671875 0.375 0.0203125 0.04375
10 0.878125 0.32578125 0.075 0.0296875
13 0.165625 0.49921875 0.03125 0.0234375
14 0.60234375 0.36328125 0.0296875 0.0171875
4 0.60234375 0.61015625 0.0390625 0.0140625
21 0.55 0.5015625 0.04375 0.018750000000000003
15 0.69296875 0.48359375 0.0640625 0.0796875
4 0.80390625 0.61015625 0.0390625 0.0171875
21 0.6015625 0.55 0.01875 0.04375
10 0.87734375 0.48359375 0.0734375 0.0265625
4 0.24921875 0.61015625 0.0421875 0.0171875
21 0.55078125 0.46484375 0.0421875 0.0171875
10 0.8796875 0.58671875 0.075 0.0265625
10 0.109375 0.4453125 0.071875 0.028125
4 0.60234375 0.40625 0.0390625 0.015625
10 0.87890625 0.66640625 0.0765625 0.0296875
21 0.2484375 0.51015625 0.021875 0.04531249999999999
21 0.4875 0.50234375 0.021875 0.04531249999999999
21 0.80390625 0.48515625 0.0453125 0.0203125
10 0.109375 0.55625 0.075 0.028125
