21 0.4 0.2350982142857143 0.06666666666666667 0.02857142857142857
14 0.30714285714285716 0.17204241071428572 0.052380952380952375 0.026190476190476188
14 0.7797619047619048 0.5634642857142858 0.026190476190476188 0.052380952380952375
4 0.8559523809523808 0.79903125 0.030952380952380953 0.023809523809523808
21 0.24285714285714283 0.2350982142857143 0.06666666666666667 0.02857142857142857
2 0.6607142857142857 0.48732142857142857 0.054761904761904755 0.06190476190476191
0 0.475 0.42188616071428575 0.05952380952380952 0.06428571428571428
21 0.4976190476190476 0.6348482142857143 0.03333333333333333 0.06666666666666667
21 0.305952380952381 0.31481026785714283 0.030952380952380953 0.06428571428571428
14 0.24166666666666664 0.4195066964285715 0.026190476190476188 0.05
4 0.23095238095238096 0.15062723214285714 0.03333333333333333 0.02142857142857143
21 0.6833333333333333 0.707421875 0.03333333333333333 0.06904761904761904
14 0.7452380952380953 0.17204241071428572 0.052380952380952375 0.026190476190476188
21 0.5702380952380952 0.49208035714285714 0.06428571428571427 0.02857142857142857
4 0.034523809523809526 0.2696004464285714 0.030952380952380953 0.02142857142857143
10 0.8130952380952381 0.23866741071428574 0.016666666666666666 0.016666666666666666
21 0.8547619047619047 0.7014732142857143 0.03333333333333333 0.06190476190476191
10 0.09642857142857143 0.3635892857142857 0.016666666666666666 0.014285714285714285
4 0.15833333333333333 0.5503772321428572 0.030952380952380953 0.02142857142857143
14 0.5 0.17204241071428572 0.052380952380952375 0.026190476190476188
14 0.6845238095238095 0.17204241071428572 0.05 0.026190476190476188
4 0.5011904761904762 0.833533482142857 0.030952380952380953 0.02142857142857143
14 0.7797619047619048 0.6288995535714286 0.026190476190476188 0.05
21 0.3904761904761905 0.4206964285714285 0.06666666666666667 0.02857142857142857
10 0.9511904761904761 0.5646540178571429 0.016666666666666666 0.016666666666666666
21 0.6023809523809524 0.2350982142857143 0.06666666666666667 0.02857142857142857
21 0.15833333333333333 0.42188616071428575 0.03571428571428571 0.06904761904761904
21 0.13333333333333333 0.2374776785714286 0.06666666666666667 0.03333333333333333
