14 0.5185995623632386 0.38109375 0.02188183807439825 0.045951859956236324
10 0.9004376367614879 0.6173437500000001 0.10284463894967177 0.037199124726477024
21 0.6487964989059081 0.47624999999999995 0.024070021881838075 0.0437636761487965
10 0.899343544857768 0.2421875 0.1050328227571116 0.03938730853391685
10 0.06564551422319474 0.6173437500000001 0.10065645514223194 0.037199124726477024
10 0.899343544857768 0.38109375 0.1050328227571116 0.037199124726477024
4 0.650984682713348 0.6654687499999999 0.045951859956236324 0.019693654266958426
21 0.6477024070021882 0.5725 0.02188183807439825 0.0437636761487965
21 0.4048140043763676 0.42375000000000007 0.02188183807439825 0.0437636761487965
14 0.7538293216630197 0.38109375 0.024070021881838075 0.045951859956236324
12 0.3938730853391685 0.5473437499999999 0.030634573304157548 0.05032822757111598
10 0.06673960612691467 0.5473437499999999 0.10284463894967177 0.037199124726477024
14 0.3041575492341357 0.5473437499999999 0.02188183807439825 0.045951859956236324
12 0.6389496717724289 0.28484375 0.0262582056892779 0.05032822757111598
21 0.4037199124726477 0.32859375 0.024070021881838075 0.045951859956236324
21 0.1925601750547046 0.54953125 0.04814004376367615 0.024070021881838075
21 0.5153172866520788 0.6884375 0.045951859956236324 0.02188183807439825
21 0.5175054704595186 0.78359375 0.045951859956236324 0.024070021881838075
