19 0.6345108695652174 0.4260908018867925 0.021739130434782608 0.09375
6 0.3546195652173913 0.5515330188679245 0.021739130434782608 0.04619565217391304
19 0.6345108695652174 0.4260908018867925 0.021739130434782608 0.09375
13 0.9680706521739131 0.6654481132075472 0.025815217391304345 0.02717391304347826
6 0.9680706521739131 0.7434257075471697 0.02309782608695652 0.04755434782608696
7 0.10054347826086958 0.4071049528301887 0.04891304347826087 0.04755434782608696
6 0.6936141304347826 0.657311320754717 0.02309782608695652 0.04891304347826087
13 0.9680706521739131 0.540005896226415 0.025815217391304345 0.028532608695652172
13 0.9680706521739131 0.603066037735849 0.025815217391304345 0.02717391304347826
12 0.4904891304347826 0.5949292452830189 0.03260869565217391 0.05163043478260869
12 0.6182065217391305 0.5515330188679245 0.03260869565217391 0.05163043478260869
7 0.03872282608695652 0.4071049528301887 0.05027173913043478 0.05027173913043478
13 0.14198369565217392 0.342688679245283 0.028532608695652172 0.02717391304347826
14 0.8620923913043479 0.5576356132075471 0.05027173913043478 0.028532608695652172
7 0.03736413043478261 0.5101709905660378 0.04755434782608696 0.04483695652173913
6 0.5033967391304348 0.4260908018867925 0.02309782608695652 0.04755434782608696
13 0.7561141304347826 0.48982900943396224 0.028532608695652172 0.028532608695652172
14 0.6922554347826086 0.558313679245283 0.05027173913043478 0.024456521739130436
7 0.10122282608695651 0.5122051886792454 0.04755434782608696 0.04619565217391304
18 0.29279891304347827 0.5006780660377358 0.05570652173913043 0.025815217391304345
18 0.2914402173913043 0.41795400943396227 0.05570652173913043 0.025815217391304345
11 0.4177989130434783 0.33116155660377355 0.05570652173913043 0.033967391304347824
