13 0.22295514511873354 0.7283836570945946 0.07124010554089712 0.0474934036939314
10 0.15303430079155672 0.5650707347972973 0.026385224274406333 0.026385224274406333
4 0.7097625329815304 0.8732580236486486 0.0474934036939314 0.0316622691292876
6 0.5857519788918206 0.7310177364864865 0.026385224274406333 0.06860158311345646
12 0.2783641160949868 0.4834142736486486 0.07124010554089712 0.0633245382585752
6 0.5857519788918206 0.2437130489864865 0.026385224274406333 0.0633245382585752
12 0.8232189973614774 0.6427760768581081 0.05804749340369393 0.0712401055408971
12 0.8245382585751979 0.3675147804054054 0.0554089709762533 0.06860158311345646
10 0.9313984168865435 0.5637536951013514 0.026385224274406333 0.0237467018469657
12 0.5646437994722955 0.5044869087837839 0.05804749340369393 0.06860158311345646
6 0.8469656992084433 0.24503008868243245 0.026385224274406333 0.06068601583113457
10 0.15567282321899736 0.1725929054054054 0.026385224274406333 0.026385224274406333
13 0.8456464379947229 0.4860483530405405 0.06596306068601583 0.0474934036939314
6 0.27440633245382584 0.2437130489864865 0.0316622691292876 0.06860158311345646
