12 0.5554054054054054 0.6545895655270655 0.14864864864864866 0.14594594594594595
13 0.654054054054054 0.5681223290598291 0.04864864864864865 0.05945945945945946
4 0.581081081081081 0.9369591346153847 0.0918918918918919 0.04054054054054054
13 0.24054054054054058 0.7667267628205128 0.05405405405405406 0.06216216216216217
6 0.3216216216216216 0.43166622150997147 0.05405405405405406 0.14864864864864863
10 0.10405405405405406 0.7680778133903134 0.03513513513513514 0.03243243243243244
6 0.581081081081081 0.3222311253561253 0.05945945945945946 0.15135135135135136
12 0.7175675675675676 0.4586872329059829 0.14864864864864866 0.14864864864864863
6 0.7418918918918919 0.28980591168091163 0.06216216216216217 0.15135135135135136
10 0.10405405405405406 0.8883213141025641 0.03513513513513514 0.03513513513513514
10 0.10540540540540541 0.6532385149572649 0.032432432432432434 0.02972972972972973
10 0.8689189189189189 0.5694733796296296 0.03513513513513514 0.03513513513513514
13 0.3878378378378378 0.6545895655270655 0.05675675675675675 0.05945945945945946
6 0.4513513513513513 0.7653757122507122 0.05405405405405406 0.14594594594594595
13 0.24054054054054058 0.6559406160968662 0.05405405405405406 0.06216216216216217
10 0.8675675675675676 0.17361556267806266 0.032432432432432434 0.03243243243243244
