6 0.2511520737327189 0.3103051839464883 0.02304147465437788 0.04608294930875576
6 0.12442396313364054 0.6931438127090301 0.02304147465437788 0.04838709677419355
13 0.7350230414746544 0.44021739130434784 0.04608294930875576 0.04377880184331797
12 0.4550691244239632 0.7368311036789297 0.04377880184331797 0.07603686635944701
12 0.8456221198156681 0.7368311036789297 0.04608294930875576 0.07142857142857142
11 0.1716589861751152 0.5942725752508362 0.04377880184331797 0.06682027649769585
10 0.21198156682027652 0.36204013377926425 0.018433179723502304 0.020737327188940093
12 0.2626728110599078 0.7345317725752508 0.04608294930875576 0.07603686635944701
11 0.5472350230414746 0.5965719063545151 0.04377880184331797 0.07142857142857142
6 0.5933179723502304 0.6816471571906355 0.020737327188940093 0.04377880184331797
6 0.30184331797235026 0.5011496655518395 0.04608294930875576 0.02304147465437788
10 0.358294930875576 0.46436036789297663 0.020737327188940093 0.018433179723502304
12 0.8456221198156681 0.7368311036789297 0.04608294930875576 0.07142857142857142
6 0.2511520737327189 0.41722408026755853 0.02304147465437788 0.04377880184331797
10 0.08640552995391705 0.5942725752508362 0.020737327188940093 0.020737327188940093
11 0.782258064516129 0.6126672240802675 0.0391705069124424 0.07142857142857142
10 0.900921658986175 0.5022993311036789 0.018433179723502304 0.020737327188940093
11 0.23732718894009217 0.5609322742474917 0.041474654377880185 0.07373271889400922
6 0.6002304147465438 0.5011496655518395 0.04838709677419355 0.02304147465437788
11 0.48156682027649766 0.56438127090301 0.041474654377880185 0.07142857142857142
6 0.41013824884792627 0.5011496655518395 0.04608294930875576 0.02304147465437788
12 0.8444700460829493 0.3781354515050167 0.04377880184331797 0.07142857142857142
12 0.7200460829493087 0.7368311036789297 0.0391705069124424 0.07142857142857142
10 0.6336405529953917 0.5954222408026756 0.018433179723502304 0.018433179723502304
8 0.7350230414746544 0.31490384615384615 0.04608294930875576 0.04608294930875576
10 0.46889400921658986 0.46436036789297663 0.020737327188940093 0.018433179723502304
10 0.900921658986175 0.796613712374582 0.018433179723502304 0.020737327188940093
10 0.9020737327188939 0.2516722408026756 0.020737327188940093 0.020737327188940093
13 0.7350230414746544 0.5517349498327759 0.04608294930875576 0.04608294930875576
