12 0.8538461538461538 0.7278156996587031 0.04615384615384615 0.06923076923076923
11 0.5371794871794872 0.6510238907849829 0.04871794871794872 0.06410256410256411
11 0.6141025641025641 0.3617747440273037 0.04871794871794872 0.06410256410256411
6 0.22564102564102564 0.4897610921501707 0.04615384615384615 0.08461538461538462
6 0.3487179487179487 0.492320819112628 0.08717948717948718 0.048717948717948704
14 0.08205128205128205 0.49744027303754274 0.041025641025641026 0.023076923076923075
6 0.6846153846153846 0.26706484641638223 0.04615384615384615 0.08974358974358973
6 0.8717948717948719 0.26706484641638223 0.04615384615384615 0.08461538461538462
6 0.6820512820512821 0.7303754266211604 0.041025641025641026 0.08461538461538462
6 0.6833333333333333 0.46160409556313997 0.04358974358974359 0.08974358974358973
13 0.8692307692307694 0.5217576791808873 0.035897435897435895 0.0358974358974359
