10 0.7782608695652173 0.0930420524691358 0.021739130434782608 0.019565217391304346
6 0.7804347826086957 0.19187114197530866 0.034782608695652174 0.08695652173913043
12 0.7358695652173913 0.3851851851851852 0.0891304347826087 0.1217391304347826
4 0.8619565217391305 0.5698109567901235 0.05 0.03043478260869565
6 0.6 0.6273707561728395 0.08695652173913043 0.03260869565217391
12 0.7619565217391304 0.3840991512345679 0.14130434782608697 0.12391304347826089
4 0.7804347826086957 0.9173418209876543 0.043478260869565216 0.02608695652173913
4 0.4815217391304348 0.9151697530864198 0.05 0.03043478260869565
14 0.48369565217391297 0.5089930555555555 0.05869565217391304 0.034782608695652174
10 0.7771739130434783 0.2689795524691358 0.019565217391304346 0.019565217391304346
13 0.3576086956521739 0.6968769290123457 0.05 0.05434782608695652
13 0.4804347826086957 0.8391473765432099 0.04782608695652174 0.05217391304347826
6 0.3673913043478261 0.6262847222222223 0.09130434782608696 0.034782608695652174
14 0.7130434782608696 0.6262847222222223 0.030434782608695653 0.05217391304347826
6 0.3695652173913043 0.37866898148148154 0.08695652173913043 0.034782608695652174
12 0.8445652173913043 0.434056712962963 0.05434782608695652 0.11086956521739129
6 0.24347826086956523 0.4937885802469135 0.034782608695652174 0.09130434782608696
10 0.03152173913043478 0.37541087962962966 0.019565217391304346 0.019565217391304346
6 0.782608695652174 0.816340663580247 0.034782608695652174 0.0934782608695652
