0 0.9 0.6337094320486816 0.09596412556053811 0.06188340807174888
4 0.07600896860986547 0.3371746112237998 0.03094170403587444 0.009865470852017937
4 0.173542600896861 0.3774890128465179 0.03228699551569507 0.011659192825112108
4 0.22713004484304933 0.5279961122379986 0.03183856502242152 0.013452914798206279
4 0.07600896860986547 0.6590179175118323 0.02914798206278027 0.01210762331838565
4 0.17309417040358743 0.6955248478701825 0.030493273542600896 0.013452914798206279
4 0.22937219730941702 0.8126605814739689 0.030044843049327353 0.01210762331838565
4 0.4674887892376682 0.7510691345503719 0.030044843049327353 0.014349775784753363
4 0.8360986547085203 0.7566683569979716 0.030044843049327353 0.013004484304932734
4 0.9118834080717487 0.7573402636916835 0.03452914798206278 0.016143497757847534
13 0.7495515695067264 0.6355011832319135 0.03721973094170404 0.03766816143497757
13 0.7488789237668162 0.313881845841785 0.036771300448430494 0.03766816143497757
4 0.46591928251121073 0.4290018593644354 0.036771300448430494 0.013452914798206279
21 0.12466367713004485 0.2596813725490196 0.044843049327354265 0.022421524663677132
21 0.33183856502242154 0.37636916835699796 0.044843049327354265 0.022869955156950672
21 0.45560538116591937 0.29327670723461796 0.044843049327354265 0.022421524663677132
21 0.5551569506726457 0.23616463826910072 0.044843049327354265 0.022869955156950672
21 0.5551569506726457 0.5580079445571332 0.044843049327354265 0.022421524663677132
21 0.4531390134529148 0.6166877958079784 0.04439461883408072 0.022421524663677132
21 0.331390134529148 0.6973165990534145 0.044843049327354265 0.022421524663677132
21 0.1273542600896861 0.582420554428668 0.044843049327354265 0.022869955156950672
21 0.1757847533632287 0.3197050371872887 0.02062780269058296 0.04753363228699552
21 0.22869955156950672 0.44042427315753885 0.02062780269058296 0.04708520179372197
21 0.46591928251121073 0.38622379986477345 0.02062780269058296 0.04708520179372197
21 0.7995515695067265 0.26886409736308314 0.02062780269058296 0.04708520179372197
21 0.8354260089686099 0.7150101419878296 0.02062780269058296 0.04708520179372197
21 0.46591928251121073 0.7100828262339418 0.02062780269058296 0.04708520179372197
21 0.2295964125560538 0.7414384719405003 0.02062780269058296 0.04708520179372197
21 0.17533632286995515 0.642444219066937 0.02062780269058296 0.04708520179372197
10 0.07937219730941704 0.2610251859364435 0.016143497757847534 0.017040358744394617
10 0.07847533632286996 0.29170892494929007 0.014349775784753363 0.016591928251121078
10 0.7997757847533632 0.21197599729546993 0.01210762331838565 0.016591928251121078
10 0.9123318385650224 0.5486012508451656 0.014798206278026907 0.017040358744394617
10 0.07757847533632287 0.5842123056119 0.014349775784753363 0.01569506726457399
10 0.07757847533632287 0.6140001690331305 0.012556053811659192 0.016143497757847534
15 0.33161434977578474 0.3029073698444895 0.1295964125560538 0.1242152466367713
15 0.581390134529148 0.3199290060851927 0.12242152466367713 0.1242152466367713
15 0.581390134529148 0.643788032454361 0.12242152466367713 0.1242152466367713
15 0.32869955156950675 0.625422582826234 0.12914798206278028 0.1242152466367713
14 0.6094170403587444 0.23728448275862069 0.017937219730941704 0.03587443946188341
11 0.7195067264573991 0.4050371872887085 0.03542600896860986 0.05784753363228699
11 0.7159192825112107 0.726656524678837 0.03542600896860986 0.05784753363228699
14 0.6089686098654709 0.5589038201487492 0.017937219730941704 0.03587443946188341
14 0.2302690582959641 0.48969743069641647 0.04080717488789238 0.021076233183856503
14 0.2295964125560538 0.79250338066261 0.05112107623318386 0.022869955156950672
