6 0.4319470699432893 0.3213641008174387 0.03591682419659735 0.07939508506616258
6 0.2485822306238185 0.47637091280653954 0.08128544423440454 0.041587901701323246
14 0.6824196597353497 0.7258940735694822 0.05293005671077504 0.03402646502835539
14 0.32892249527410206 0.47448058583106273 0.03780718336483932 0.05671077504725898
7 0.18147448015122875 0.5415871934604904 0.06427221172022685 0.06994328922495274
6 0.5680529300567108 0.6304325613079019 0.03591682419659735 0.08128544423440454
6 0.6833648393194707 0.6313777247956402 0.03591682419659735 0.08317580340264649
4 0.7504725897920604 0.5453678474114441 0.03402646502835539 0.02835538752362949
4 0.18052930056710775 0.6181454359673024 0.03213610586011342 0.030245746691871456
6 0.5680529300567108 0.3213641008174387 0.03591682419659735 0.07939508506616258
4 0.6833648393194707 0.794891008174387 0.03591682419659735 0.02835538752362949
6 0.7504725897920604 0.46313862397820166 0.03780718336483932 0.08317580340264649
14 0.6710775047258979 0.39225136239782016 0.03780718336483932 0.05860113421550095
6 0.4319470699432893 0.6294873978201635 0.03591682419659735 0.08317580340264649
2 0.5396975425330813 0.47731607629427797 0.07372400756143668 0.09262759924385633
10 0.842155009451796 0.39225136239782016 0.01323251417769376 0.01323251417769376
