4 0.8708333333333333 0.8791666666666667 0.10833333333333332 0.06388888888888888
14 0.6986111111111111 0.7166666666666667 0.08611111111111111 0.03888888888888888
6 0.4083333333333333 0.7180555555555556 0.0611111111111111 0.125
4 0.6 0.8805555555555555 0.10555555555555556 0.0611111111111111
6 0.19722222222222222 0.5097222222222222 0.12777777777777777 0.06388888888888888
4 0.40694444444444444 0.8791666666666667 0.10277777777777777 0.06388888888888888
10 0.9583333333333334 0.37777777777777777 0.03888888888888888 0.03888888888888888
6 0.6013888888888889 0.7166666666666667 0.06388888888888888 0.1222222222222222
14 0.33194444444444443 0.5083333333333333 0.041666666666666664 0.09444444444444444
6 0.8722222222222221 0.7222222222222222 0.0611111111111111 0.1222222222222222
6 0.4097222222222222 0.32083333333333336 0.06388888888888888 0.125
14 0.7041666666666667 0.375 0.041666666666666664 0.09444444444444444
6 0.6013888888888889 0.26944444444444443 0.06388888888888888 0.1222222222222222
10 0.5055555555555555 0.08611111111111111 0.03888888888888888 0.03888888888888888
10 0.03055555555555555 0.5111111111111111 0.03888888888888888 0.03888888888888888
12 0.5611111111111111 0.5111111111111111 0.2 0.18888888888888888
