10 0.11835443037974684 0.47598226127320953 0.013924050632911392 0.01518987341772152
12 0.4575949367088608 0.4841988561007958 0.07468354430379746 0.1531645569620253
4 0.48417721518987344 0.9253667937665784 0.07721518987341772 0.03670886075949367
6 0.239873417721519 0.2800480769230769 0.05443037974683544 0.11139240506329114
14 0.5525316455696202 0.3748549403183024 0.03164556962025317 0.07594936708860758
14 0.18670886075949367 0.4753502155172414 0.03164556962025317 0.07468354430379746
6 0.818987341772152 0.4311070125994695 0.05569620253164557 0.11265822784810127
11 0.4525316455696203 0.2610867042440318 0.07721518987341772 0.16962025316455695
6 0.4835443037974684 0.6889816810344828 0.05569620253164557 0.11518987341772151
4 0.8183544303797469 0.6984623673740054 0.07468354430379746 0.035443037974683546
10 0.4791139240506329 0.056935925066312995 0.07468354430379746 0.04683544303797468
6 0.23924050632911392 0.6870855437665783 0.05822784810126582 0.1139240506329114
10 0.36265822784810126 0.25413420092838196 0.02911392405063291 0.02911392405063291
14 0.6392405063291139 0.6788689489389921 0.08354430379746836 0.039240506329113925
