6 0.8818407960199005 0.31740324267782427 0.02238805970149254 0.0646766169154229
6 0.7101990049751243 0.5558969665271967 0.02238805970149254 0.0646766169154229
6 0.19900497512437812 0.5236009414225942 0.0646766169154229 0.01990049751243781
14 0.6368159203980099 0.303739539748954 0.04477611940298508 0.027363184079601994
10 0.9203980099502488 0.23293671548117154 0.009950248756218905 0.009950248756218905
10 0.1417910447761194 0.5236009414225942 0.01492537313432836 0.01492537313432836
6 0.3283582089552239 0.6999869246861924 0.01990049751243781 0.05970149253731344
8 0.7089552238805971 0.3074660041841004 0.05472636815920399 0.05472636815920399
19 0.5746268656716418 0.37702667364016734 0.05970149253731344 0.01990049751243781
4 0.3271144278606965 0.7794848326359832 0.03233830845771145 0.01990049751243781
6 0.5746268656716418 0.37702667364016734 0.05970149253731344 0.01990049751243781
6 0.7101990049751243 0.44782949790794985 0.02238805970149254 0.06218905472636817
6 0.5012437810945274 0.463977510460251 0.02238805970149254 0.05970149253731344
6 0.3283582089552239 0.5919194560669456 0.01990049751243781 0.06218905472636817
19 0.19900497512437812 0.5236009414225942 0.0646766169154229 0.01990049751243781
5 0.8818407960199005 0.2354210251046025 0.03731343283582089 0.009950248756218905
5 0.7089552238805971 0.23293671548117154 0.03482587064676617 0.009950248756218905
4 0.7077114427860697 0.634152719665272 0.03233830845771145 0.017412935323383085
4 0.49751243781094534 0.5472018828451883 0.03482587064676617 0.017412935323383085
8 0.3283582089552239 0.4540402719665272 0.05472636815920399 0.05472636815920399
4 0.8793532338308457 0.401869769874477 0.03233830845771145 0.01990049751243781
14 0.2562189054726368 0.4490716527196653 0.04477611940298508 0.024875621890547265
