10 0.4522143871753247 0.16240898058252426 0.022727272727272724 0.01948051948051948
14 0.6070046164772727 0.3904657160194175 0.027597402597402593 0.05681818181818181
6 0.45383522727272724 0.7086089199029126 0.04220779220779221 0.10876623376623376
4 0.16856737012987014 0.7159132281553398 0.06493506493506492 0.02922077922077922
10 0.4522143871753247 0.8189851334951456 0.022727272727272724 0.021103896103896104
6 0.45302480722402594 0.275219963592233 0.04058441558441558 0.10227272727272727
4 0.7658469460227273 0.6120297330097088 0.06331168831168829 0.02922077922077922
7 0.16937779017857144 0.6168992718446602 0.08603896103896103 0.08766233766233765
14 0.6613027597402598 0.6607251213592232 0.05844155844155844 0.025974025974025972
6 0.2828365969967533 0.49840716019417475 0.11201298701298701 0.04545454545454545
4 0.662113179788961 0.7215943567961165 0.06331168831168829 0.03084415584415584
10 0.8679598721590909 0.3904657160194175 0.021103896103896104 0.021103896103896104
12 0.4230392654220779 0.5016535194174757 0.07792207792207792 0.12987012987012986
6 0.76746778612013 0.49759557038834956 0.04707792207792207 0.10876623376623376
