10 0.20377604166666666 0.5516733788743882 0.018229166666666668 0.017578125
12 0.4928385416666667 0.550698409461664 0.06510416666666667 0.08854166666666667
4 0.7434895833333334 0.8860878874388256 0.059895833333333336 0.024739583333333336
6 0.7415364583333334 0.7515421084828712 0.06119791666666667 0.15364583333333334
6 0.32421875 0.5523233584828712 0.14973958333333334 0.06315104166666667
12 0.7154947916666666 0.4574263356443719 0.06770833333333334 0.08919270833333334
10 0.8030598958333334 0.3648042414355628 0.020182291666666668 0.01953125
6 0.7431640625 0.2409831260195759 0.061848958333333336 0.146484375
6 0.5205078125 0.24163310562805873 0.06315104166666667 0.14778645833333334
10 0.4612630208333333 0.12171186786296899 0.016276041666666668 0.015624999999999997
10 0.8030598958333334 0.12106188825448613 0.016276041666666668 0.015624999999999997
