13 0.49200913242009137 0.4521530100334449 0.03424657534246575 0.02968036529680365
4 0.4851598173515982 0.8235367892976588 0.057077625570776246 0.025114155251141558
14 0.2317351598173516 0.5113921404682275 0.01598173515981735 0.03424657534246575
6 0.49200913242009137 0.734678093645485 0.03424657534246575 0.06621004566210045
8 0.05821917808219178 0.5899979096989967 0.06164383561643836 0.06392694063926939
4 0.5924657534246576 0.8223975752508362 0.04794520547945205 0.0273972602739726
6 0.9257990867579908 0.5911371237458194 0.03424657534246575 0.06621004566210045
4 0.9257990867579908 0.6925271739130434 0.04337899543378995 0.0273972602739726
11 0.571917808219178 0.6560723244147157 0.057077625570776246 0.0958904109589041
8 0.7671232876712328 0.2584866220735786 0.0639269406392694 0.06164383561643836
13 0.49200913242009137 0.5683528428093646 0.03424657534246575 0.02968036529680365
12 0.5730593607305936 0.39633152173913044 0.0593607305936073 0.0958904109589041
4 0.7682648401826484 0.3325355351170568 0.04337899543378995 0.0273972602739726
4 0.0593607305936073 0.6640468227424748 0.045662100456621 0.02968036529680365
6 0.49200913242009137 0.30291596989966557 0.03424657534246575 0.0684931506849315
14 0.8390410958904109 0.5273411371237458 0.01598173515981735 0.03424657534246575
