4 0.051839464882943144 0.7699936224489796 0.043478260869565216 0.020066889632107017
6 0.5576923076923077 0.8092726934523811 0.028428093645484948 0.06521739130434782
12 0.5501672240802675 0.5176046981292517 0.07023411371237458 0.06688963210702342
10 0.10117056856187293 0.7190144026360544 0.015050167224080266 0.018394648829431436
6 0.5576923076923077 0.3262236926020408 0.02508361204013378 0.06187290969899665
6 0.4080267558528428 0.3253879676870749 0.026755852842809364 0.06354515050167224
6 0.1714046822742475 0.5217833227040816 0.06521739130434782 0.028428093645484948
6 0.4080267558528428 0.6605136585884354 0.026755852842809364 0.06187290969899665
5 0.9080267558528428 0.13149978741496599 0.08026755852842808 0.013377926421404682
4 0.407190635451505 0.8627590880102041 0.04180602006688963 0.021739130434782608
4 0.7968227424749164 0.5267976721938775 0.04180602006688963 0.021739130434782608
14 0.7140468227424749 0.3897387861394558 0.02341137123745819 0.0451505016722408
6 0.5576923076923077 0.6780638818027211 0.02508361204013378 0.06354515050167224
14 0.30351170568561875 0.5209475977891156 0.021739130434782608 0.046822742474916385
4 0.7040133779264214 0.9170812074829933 0.04013377926421404 0.020066889632107017
4 0.5551839464882943 0.9346314306972788 0.04013377926421404 0.018394648829431436
7 0.052675585284280936 0.687256855867347 0.08193979933110368 0.08193979933110368
14 0.7040133779264214 0.8092726934523811 0.04682274247491638 0.021739130434782608
6 0.7984949832775919 0.45576105442176873 0.02508361204013378 0.060200668896321065
