13 0.4291754756871036 0.24122231934731936 0.03382663847780127 0.02536997885835095
21 0.7325581395348837 0.4894376456876457 0.03171247357293869 0.06131078224101479
14 0.6522198731501057 0.19157925407925408 0.03594080338266385 0.019027484143763214
21 0.3784355179704017 0.4619755244755244 0.029598308668076112 0.05708245243128964
21 0.5813953488372093 0.49049388111888115 0.029598308668076112 0.059196617336152224
2 0.5623678646934461 0.3415646853146853 0.0507399577167019 0.05708245243128964
13 0.4312896405919662 0.4640879953379954 0.03805496828752643 0.02748414376321353
4 0.7357293868921776 0.6182983682983683 0.029598308668076112 0.019027484143763214
4 0.653276955602537 0.2359411421911422 0.029598308668076112 0.019027484143763214
4 0.4312896405919662 0.6584353146853147 0.029598308668076112 0.019027484143763214
10 0.4312896405919662 0.09546182983682984 0.012684989429175475 0.012684989429175475
14 0.3044397463002114 0.345789627039627 0.021141649048625793 0.04439746300211416
21 0.48308668076109934 0.345789627039627 0.05708245243128964 0.02748414376321353
14 0.6680761099365751 0.4091637529137529 0.021141649048625793 0.048625792811839326
4 0.10993657505285412 0.4619755244755244 0.02536997885835095 0.019027484143763214
21 0.2124735729386892 0.34473339160839156 0.05708245243128964 0.02536997885835095
10 0.02536997885835095 0.2581220862470862 0.012684989429175475 0.012684989429175475
10 0.8192389006342495 0.4091637529137529 0.014799154334038056 0.014799154334038056
21 0.10676532769556027 0.3489583333333333 0.03171247357293869 0.059196617336152224
21 0.379492600422833 0.23910984848484848 0.03171247357293869 0.059196617336152224
