2 0.892766497461929 0.6754873294346979 0.06472081218274112 0.07868020304568528
14 0.7658629441624365 0.4360136452241715 0.03680203045685279 0.06598984771573604
0 0.4067258883248731 0.3169103313840156 0.062182741116751275 0.07614213197969542
10 0.9511421319796953 0.5126705653021443 0.024111675126903553 0.024111675126903553
10 0.08756345177664974 0.5114035087719299 0.02284263959390863 0.024111675126903553
9 0.6294416243654822 0.5095029239766082 0.025380710659898477 0.015228426395939087
0 0.21827411167512692 0.31564327485380117 0.06091370558375635 0.07614213197969542
2 0.6294416243654822 0.46008771929824555 0.07360406091370558 0.06091370558375635
9 0.43210659898477155 0.43284600389863553 0.026649746192893405 0.01649746192893401
2 0.2899746192893401 0.6735867446393763 0.062182741116751275 0.07741116751269037
5 0.6288071065989848 0.23961988304093565 0.03426395939086294 0.017766497461928935
0 0.8420050761421318 0.3169103313840156 0.05964467005076142 0.07868020304568528
9 0.6294416243654822 0.31564327485380117 0.02284263959390863 0.015228426395939087
2 0.16751269035532995 0.5114035087719299 0.06091370558375635 0.07741116751269037
2 0.45685279187817257 0.5126705653021443 0.05837563451776649 0.07741116751269037
10 0.21446700507614214 0.756578947368421 0.025380710659898477 0.025380710659898477
10 0.21319796954314724 0.6754873294346979 0.025380710659898477 0.025380710659898477
5 0.4314720812182741 0.24025341130604289 0.03553299492385788 0.019035532994923856
