6 0.511 0.768 0.026000000000000002 0.052000000000000005
6 0.278 0.371 0.048 0.026000000000000002
5 0.58 0.21600000000000003 0.05600000000000001 0.016
6 0.278 0.504 0.044 0.032
4 0.579 0.62 0.034 0.032
6 0.578 0.054000000000000006 0.044 0.032
15 0.599 0.398 0.10600000000000001 0.11599999999999999
4 0.508 0.9099999999999999 0.052000000000000005 0.028000000000000004
10 0.915 0.4 0.13 0.044
10 0.091 0.849 0.10600000000000001 0.041999999999999996
10 0.093 0.37 0.10600000000000001 0.044
10 0.914 0.8480000000000001 0.124 0.044
10 0.093 0.506 0.10600000000000001 0.044
