14 0.08484848484848485 0.6414179541198501 0.05454545454545454 0.02727272727272727
10 0.8878787878787879 0.4205553604868914 0.01818181818181818 0.021212121212121213
7 0.5727272727272728 0.7185685861423221 0.09696969696969697 0.09696969696969697
4 0.26212121212121214 0.8305126404494383 0.05757575757575758 0.03636363636363636
7 0.2636363636363636 0.7185685861423221 0.09696969696969697 0.09696969696969697
4 0.08484848484848485 0.8305126404494383 0.06060606060606061 0.03636363636363636
6 0.5757575757575758 0.2965092462546816 0.05454545454545454 0.10606060606060605
4 0.5742424242424242 0.8305126404494383 0.05757575757575758 0.03636363636363636
12 0.5393939393939394 0.5279611423220973 0.08484848484848485 0.14545454545454545
4 0.884848484848485 0.3192006086142322 0.06060606060606061 0.03636363636363636
7 0.884848484848485 0.20725655430711615 0.09696969696969697 0.09696969696969697
8 0.5727272727272728 0.7185685861423221 0.09696969696969697 0.09696969696969697
