14 0.6346774193548387 0.2809223300970874 0.0532258064516129 0.025806451612903226
6 0.1935483870967742 0.7336256067961165 0.05161290322580645 0.1
4 0.5451612903225806 0.4468598300970873 0.061290322580645165 0.035483870967741936
6 0.34758064516129034 0.26722845873786405 0.05 0.09838709677419355
4 0.6338709677419355 0.40175060679611646 0.061290322580645165 0.035483870967741936
7 0.853225806451613 0.6208525485436893 0.0967741935483871 0.0967741935483871
13 0.5443548387096774 0.30347694174757284 0.05967741935483871 0.04838709677419355
4 0.1935483870967742 0.843176577669903 0.058064516129032254 0.03225806451612903
0 0.22016129032258064 0.4565260922330097 0.06935483870967742 0.12258064516129033
6 0.7556451612903226 0.14962226941747572 0.09516129032258062 0.0532258064516129
