14 0.12858966177409062 0.41096017779390426 0.01467772814294831 0.02807913209955329
9 0.41576260370134016 0.3446865928882438 0.012125079770261647 0.00893426930440332
9 0.6566687938736439 0.3450052158925979 0.01276324186343331 0.009572431397574984
0 0.6461391193363114 0.445371462264151 0.02744097000638162 0.03190810465858328
9 0.6566687938736439 0.5597571208272859 0.01148691767708998 0.008296107211231652
2 0.3497128270580728 0.6100995555152394 0.02552648372686662 0.03254626675175495
0 0.5724313975749841 0.5004932420174166 0.02935545628589662 0.02488832163369496
9 0.5070197830248884 0.5591198748185777 0.010848755583918315 0.008296107211231652
9 0.3608806636885769 0.641643232946299 0.010848755583918315 0.00893426930440332
2 0.47638800255264835 0.5603943668359943 0.02488832163369496 0.03254626675175495
9 0.41576260370134016 0.6413246099419447 0.012125079770261647 0.009572431397574984
0 0.38385449904275687 0.41159742380261244 0.02616464582003829 0.03190810465858328
9 0.2013401403956605 0.34404934687953553 0.012125079770261647 0.00893426930440332
0 0.1391193363114231 0.37814200834542816 0.02552648372686662 0.031269942565411615
9 0.5976388002552648 0.6419618559506531 0.009572431397574984 0.008296107211231652
2 0.4958519463943841 0.4775523857039188 0.02552648372686662 0.03254626675175495
2 0.9109763880025528 0.611055424528302 0.02488832163369496 0.03190810465858328
2 0.1391193363114231 0.5760068940493468 0.02552648372686662 0.03190810465858328
2 0.1391193363114231 0.6435549709724239 0.026802807913209957 0.03318442884492661
9 0.44001276324186345 0.6913484216255442 0.012125079770261647 0.00893426930440332
2 0.49553286534779833 0.6438735939767779 0.02616464582003829 0.03254626675175495
0 0.21091257179323547 0.39471040457184325 0.02488832163369496 0.03254626675175495
15 0.07626037013401404 0.3775047623367199 0.05679642629227825 0.05552010210593491
0 0.3126994256541161 0.4444155932510886 0.026802807913209957 0.03382259093809828
0 0.45469049138481177 0.4450528392597968 0.02744097000638162 0.03254626675175495
10 0.03254626675175495 0.36571571117561685 0.01021059349074665 0.01021059349074665
2 0.6458200382897256 0.6187023766328011 0.024250159540523293 0.03190810465858328
0 0.904594767070836 0.3453238388969521 0.02744097000638162 0.03190810465858328
9 0.18059987236758138 0.6413246099419447 0.01276324186343331 0.009572431397574984
9 0.5730695596681558 0.6419618559506531 0.01148691767708998 0.008296107211231652
9 0.5727504786215699 0.5842910921625544 0.010848755583918315 0.00893426930440332
9 0.5737077217613273 0.3446865928882438 0.014039566049776644 0.00893426930440332
2 0.944479897894065 0.644192216981132 0.02552648372686662 0.03318442884492661
2 0.31238034460753034 0.644192216981132 0.02616464582003829 0.03318442884492661
0 0.414167198468411 0.4893414368650218 0.03446075303126994 0.02552648372686662
9 0.7389917038927888 0.5607129898403483 0.01148691767708998 0.00893426930440332
9 0.5730695596681558 0.5591198748185777 0.01148691767708998 0.008296107211231652
0 0.7492022973835354 0.41191604680696664 0.026802807913209957 0.03382259093809828
9 0.5733886407147415 0.4444155932510886 0.012125079770261647 0.009572431397574984
0 0.2466496490108488 0.3950290275761974 0.02616464582003829 0.03318442884492661
9 0.7393107849393746 0.3453238388969521 0.012125079770261647 0.00893426930440332
9 0.46553924696873006 0.3443679698838897 0.013401403956604978 0.009572431397574984
2 0.8410976388002552 0.644192216981132 0.02552648372686662 0.03318442884492661
9 0.39470325462667516 0.34404934687953553 0.012125079770261647 0.00893426930440332
2 0.7827058072750479 0.5623061048621191 0.02616464582003829 0.031269942565411615
9 0.6818761965539247 0.6422804789550073 0.010848755583918315 0.007657945118059987
2 0.8736439055520101 0.611055424528302 0.02552648372686662 0.03190810465858328
0 0.17294192724952137 0.3443679698838897 0.02552648372686662 0.03382259093809828
9 0.6566687938736439 0.6425991019593613 0.01148691767708998 0.008296107211231652
0 0.8535417996171027 0.5285320664005806 0.02744097000638162 0.03254626675175495
9 0.5070197830248884 0.4437783472423803 0.012125079770261647 0.009572431397574984
10 0.032227185705169116 0.3908869285195936 0.009572431397574984 0.009572431397574984
14 0.4489470325462667 0.4775523857039188 0.01467772814294831 0.02871729419272495
2 0.7492022973835354 0.6435549709724239 0.02552648372686662 0.03190810465858328
9 0.4645820038289726 0.6419618559506531 0.01021059349074665 0.008296107211231652
9 0.9208679004467136 0.6425991019593613 0.01021059349074665 0.007019783024888322
9 0.8634333120612636 0.5597571208272859 0.01276324186343331 0.008296107211231652
9 0.2581365666879387 0.443141101233672 0.012125079770261647 0.008296107211231652
2 0.21888959795788127 0.6438735939767779 0.026802807913209957 0.03254626675175495
0 0.9323548181238035 0.5282134433962264 0.026802807913209957 0.03190810465858328
2 0.2686662412252712 0.527257574383164 0.026802807913209957 0.03382259093809828
2 0.7492022973835354 0.6438735939767779 0.02552648372686662 0.03254626675175495
9 0.50765794511806 0.3443679698838897 0.013401403956604978 0.009572431397574984
9 0.5067007019783025 0.5090960631349782 0.01148691767708998 0.007657945118059987
14 0.5309508615188258 0.5106891781567489 0.015315890236119975 0.02616464582003829
9 0.2581365666879387 0.34404934687953553 0.012125079770261647 0.00893426930440332
0 0.7833439693682195 0.3456424619013062 0.02616464582003829 0.03254626675175495
9 0.36151882578174854 0.44345972423802615 0.013401403956604978 0.00893426930440332
0 0.28462029355456286 0.3453238388969521 0.026802807913209957 0.03318442884492661
2 0.6917677089980855 0.6199768686502176 0.02552648372686662 0.02935545628589662
9 0.3229100191448628 0.34404934687953553 0.01148691767708998 0.00893426930440332
2 0.18921506062539886 0.5263017053701016 0.02616464582003829 0.03318442884492661
2 0.6084875558391831 0.6196582456458636 0.02488832163369496 0.03254626675175495
2 0.6455009572431397 0.5046353410740203 0.02616464582003829 0.03190810465858328
0 0.35067007019783025 0.3456424619013062 0.02744097000638162 0.03382259093809828
10 0.09253350350989151 0.6435549709724239 0.01021059349074665 0.01021059349074665
9 0.32259093809827694 0.527257574383164 0.012125079770261647 0.008296107211231652
9 0.36151882578174854 0.527257574383164 0.012125079770261647 0.008296107211231652
9 0.41576260370134016 0.5266203283744557 0.012125079770261647 0.008296107211231652
9 0.8624760689215061 0.6438735939767779 0.012125079770261647 0.008296107211231652
9 0.7718570516911295 0.6432363479680696 0.012125079770261647 0.008296107211231652
9 0.7718570516911295 0.5266203283744557 0.012125079770261647 0.008296107211231652
9 0.7393107849393746 0.5266203283744557 0.012125079770261647 0.008296107211231652
9 0.6563497128270581 0.527257574383164 0.012125079770261647 0.008296107211231652
9 0.5976388002552648 0.527257574383164 0.012125079770261647 0.008296107211231652
9 0.5740268028079132 0.527257574383164 0.012125079770261647 0.008296107211231652
10 0.9546904913848117 0.3453238388969521 0.01021059349074665 0.01021059349074665
10 0.8755583918315251 0.7104658018867924 0.01021059349074665 0.01021059349074665
5 0.893426930440332 0.3153732764876633 0.00893426930440332 0.00893426930440332
5 0.7731333758774729 0.3160105224963715 0.009572431397574984 0.00893426930440332
5 0.7396298659859605 0.314736030478955 0.00893426930440332 0.00893426930440332
5 0.6563497128270581 0.31409878447024675 0.009572431397574984 0.00893426930440332
5 0.5740268028079132 0.31218704644412193 0.009572431397574984 0.00893426930440332
5 0.50765794511806 0.31346153846153846 0.009572431397574984 0.00893426930440332
5 0.46553924696873006 0.3128242924528302 0.009572431397574984 0.00893426930440332
5 0.4170389278876835 0.31409878447024675 0.009572431397574984 0.00893426930440332
5 0.3937460114869177 0.31346153846153846 0.00893426930440332 0.00893426930440332
5 0.36151882578174854 0.31409878447024675 0.009572431397574984 0.00893426930440332
5 0.3241863433312061 0.31346153846153846 0.00893426930440332 0.00893426930440332
5 0.2948308870453095 0.3128242924528302 0.00893426930440332 0.00893426930440332
5 0.2587747287811104 0.3125056694484761 0.009572431397574984 0.008296107211231652
5 0.20070197830248887 0.3128242924528302 0.009572431397574984 0.00893426930440332
5 0.16305041480536056 0.31346153846153846 0.009572431397574984 0.00893426930440332
9 0.18028079132099553 0.6760545174165458 0.013401403956604978 0.01021059349074665
10 0.09317166560306318 0.676691763425254 0.01021059349074665 0.01021059349074665
