6 0.17482993197278912 0.600575593847352 0.02040816326530612 0.047619047619047616
6 0.3741496598639456 0.26793467679127725 0.01904761904761905 0.04353741496598639
4 0.3414965986394558 0.8760757398753893 0.0707482993197279 0.03809523809523809
6 0.6061224489795919 0.20263093847352023 0.02040816326530612 0.04625850340136054
4 0.17482993197278912 0.34548286604361367 0.07210884353741497 0.04081632653061225
14 0.17482993197278912 0.22507909852024924 0.058503401360544216 0.028571428571428564
6 0.6061224489795919 0.7005719431464175 0.02040816326530612 0.04625850340136054
14 0.2585034013605442 0.5012594918224299 0.024489795918367346 0.06122448979591836
4 0.17482993197278912 0.710775652258567 0.06938775510204082 0.03945578231292517
11 0.5904761904761905 0.5005792445482865 0.04625850340136054 0.07619047619047618
4 0.6054421768707483 0.8747152453271028 0.07346938775510205 0.03809523809523809
6 0.34217687074829933 0.6985312013239875 0.02040816326530612 0.044897959183673466
14 0.8040816326530612 0.7230201031931464 0.05986394557823129 0.03129251700680272
14 0.8210884353741497 0.20263093847352023 0.025850340136054424 0.059863945578231284
4 0.17687074829931973 0.8801572235202493 0.07346938775510205 0.04625850340136054
