4 0.473474801061008 0.8451796874999999 0.034482758620689655 0.01856763925729443
10 0.8846153846153847 0.36666666666666664 0.029177718832891247 0.03183023872679045
6 0.6724137931034483 0.7563697916666666 0.02387267904509284 0.05305039787798409
6 0.3541114058355438 0.37461979166666665 0.02387267904509284 0.05305039787798409
4 0.8859416445623343 0.6317708333333333 0.03713527851458886 0.021220159151193636
6 0.2453580901856764 0.1771171875 0.02387267904509284 0.050397877984084884
11 0.35013262599469497 0.2632760416666667 0.0636604774535809 0.058355437665782495
10 0.8846153846153847 0.47801041666666666 0.029177718832891247 0.026525198938992044
12 0.4748010610079575 0.6847916666666667 0.058355437665782495 0.058355437665782495
10 0.05172413793103449 0.4952421875 0.029177718832891247 0.029177718832891247
10 0.050397877984084884 0.38124739583333334 0.026525198938992044 0.029177718832891247
6 0.5862068965517241 0.6887682291666667 0.05305039787798409 0.02387267904509284
4 0.050397877984084884 0.6012838541666666 0.03183023872679045 0.01856763925729443
4 0.35013262599469497 0.8451796874999999 0.03713527851458886 0.01856763925729443
4 0.6710875331564987 0.8610859375000001 0.03713527851458886 0.01856763925729443
12 0.356763925729443 0.5814010416666667 0.06631299734748011 0.0636604774535809
13 0.6710875331564987 0.48728906250000004 0.04244031830238727 0.03978779840848807
