11 0.5445833333333333 0.3433704933586338 0.0325 0.056666666666666664
10 0.09125 0.4616757590132828 0.030833333333333334 0.03166666666666666
4 0.5566666666666666 0.8024282495256166 0.056666666666666664 0.023333333333333334
10 0.7354166666666667 0.41377045777988614 0.030833333333333334 0.030833333333333334
6 0.55625 0.4966674573055029 0.020833333333333336 0.05166666666666666
12 0.30666666666666664 0.4620923268500949 0.03333333333333333 0.057499999999999996
6 0.555 0.687872094402277 0.023333333333333334 0.052500000000000005
4 0.8420833333333333 0.3258746442125237 0.05583333333333333 0.023333333333333334
6 0.31583333333333335 0.2354794236242884 0.021666666666666667 0.052500000000000005
18 0.8416666666666666 0.20132086100569263 0.058333333333333334 0.042499999999999996
