12 0.7565656565656566 0.47478505291005285 0.03434343434343435 0.06262626262626263
10 0.5646464646464646 0.22263558201058203 0.022222222222222223 0.026262626262626265
14 0.5222222222222223 0.41124338624338624 0.030303030303030304 0.024242424242424242
8 0.6838383838383838 0.31845238095238093 0.05454545454545455 0.05252525252525253
21 0.804040404040404 0.5211805555555555 0.028282828282828288 0.06666666666666668
8 0.5646464646464646 0.31845238095238093 0.05454545454545455 0.05252525252525253
4 0.2737373737373737 0.803587962962963 0.03838383838383839 0.022222222222222223
4 0.7444444444444445 0.803587962962963 0.03838383838383839 0.022222222222222223
11 0.37272727272727274 0.45461309523809523 0.03838383838383839 0.06666666666666668
4 0.3595959595959596 0.803587962962963 0.04040404040404041 0.022222222222222223
4 0.5616161616161616 0.803587962962963 0.04040404040404041 0.022222222222222223
4 0.6222222222222222 0.803587962962963 0.04040404040404041 0.022222222222222223
4 0.23333333333333334 0.5403439153439153 0.03838383838383839 0.020202020202020204
4 0.6818181818181818 0.803587962962963 0.03838383838383839 0.022222222222222223
4 0.8020202020202019 0.803587962962963 0.04040404040404041 0.022222222222222223
10 0.8494949494949495 0.569593253968254 0.026262626262626265 0.026262626262626265
8 0.7434343434343434 0.7128141534391534 0.056565656565656576 0.05454545454545455
12 0.6727272727272727 0.6835648148148148 0.03636363636363636 0.06464646464646465
11 0.5535353535353535 0.6835648148148148 0.03636363636363636 0.06464646464646465
4 0.42020202020202013 0.5403439153439153 0.03636363636363636 0.020202020202020204
11 0.2717171717171717 0.45663029100529096 0.04646464646464647 0.06262626262626263
11 0.7929292929292929 0.6240575396825396 0.03434343434343435 0.06262626262626263
8 0.3191919191919192 0.34265873015873016 0.056565656565656576 0.056565656565656576
12 0.28585858585858587 0.7350033068783068 0.03838383838383839 0.06666666666666668
12 0.3484848484848485 0.7329861111111111 0.03838383838383839 0.06666666666666668
21 0.6232323232323232 0.7440806878306878 0.030303030303030304 0.0686868686868687
12 0.6131313131313131 0.551438492063492 0.03434343434343435 0.07070707070707072
12 0.795959595959596 0.39712301587301585 0.04040404040404041 0.0686868686868687
12 0.7353535353535353 0.3668650793650794 0.04040404040404041 0.0686868686868687
11 0.43434343434343436 0.4858796296296296 0.04040404040404041 0.0686868686868687
11 0.22525252525252526 0.4848710317460318 0.04242424242424243 0.06666666666666668
10 0.17373737373737375 0.5645502645502646 0.024242424242424242 0.028282828282828288
10 0.17373737373737375 0.4858796296296296 0.024242424242424242 0.028282828282828288
