14 0.198 0.5029986213235293 0.016 0.03
10 0.126 0.5019990808823529 0.028000000000000004 0.02
6 0.545 0.5949563419117647 0.022 0.05
12 0.9030000000000001 0.5089958639705883 0.046 0.078
12 0.379 0.5019990808823529 0.046 0.072
6 0.295 0.5869600183823529 0.022 0.05
12 0.63 0.5099954044117647 0.044 0.072
6 0.52 0.3240808823529412 0.05600000000000001 0.028000000000000004
6 0.42699999999999994 0.6099494485294118 0.022 0.05600000000000001
14 0.798 0.37705652573529413 0.016 0.03
6 0.818 0.5949563419117647 0.024 0.054000000000000006
10 0.867 0.37705652573529413 0.03 0.022
10 0.383 0.3230813419117647 0.03 0.022
6 0.677 0.6189453125 0.022 0.054000000000000006
6 0.951 0.6179457720588235 0.022 0.052000000000000005
14 0.43499999999999994 0.29509420955882354 0.03 0.014000000000000002
10 0.42299999999999993 0.7049057904411764 0.014000000000000002 0.022
10 0.946 0.7129021139705882 0.016 0.022
10 0.674 0.7129021139705882 0.016 0.022
10 0.43499999999999994 0.24911534926470588 0.022 0.014000000000000002
19 0.675 0.3640625 0.022 0.044
19 0.647 0.35406709558823535 0.022 0.076
10 0.755 0.2880974264705882 0.022 0.016
