10 0.9452908587257618 0.48151292067307694 0.013850415512465375 0.013504155124653739
10 0.4785318559556787 0.41706730769230765 0.013850415512465375 0.012465373961218837
21 0.5110803324099723 0.33465294471153845 0.07063711911357341 0.026662049861495847
4 0.26056094182825484 0.38994140625 0.04951523545706371 0.028739612188365647
21 0.8208102493074791 0.33465294471153845 0.0716759002770083 0.025277008310249306
21 0.3237534626038781 0.3348257211538462 0.07132963988919667 0.02631578947368421
4 0.6135734072022161 0.3961613581730769 0.04986149584487535 0.02804709141274238
4 0.3396814404432133 0.6826246995192308 0.04986149584487535 0.029432132963988916
10 0.8104224376731303 0.3965069110576923 0.013504155124653739 0.01281163434903047
14 0.3386426592797784 0.5900165264423076 0.048476454293628804 0.021814404432132964
21 0.6643005540166205 0.3348257211538462 0.07098337950138503 0.02631578947368421
10 0.15581717451523547 0.5015549879807693 0.006925207756232688 0.005193905817174515
15 0.8282548476454293 0.4827223557692307 0.10318559556786704 0.11703601108033242
15 0.4986149584487535 0.5031099759615385 0.10318559556786704 0.11703601108033242
21 0.2865304709141274 0.5233248197115385 0.0716759002770083 0.026662049861495847
