21 0.33733826247689463 0.5498768472906403 0.04251386321626618 0.09242144177449169
4 0.4408502772643253 0.7678571428571428 0.04621072088724584 0.03327171903881701
21 0.43807763401109057 0.6422413793103449 0.044362292051756014 0.09242144177449169
10 0.06377079482439926 0.3771551724137931 0.02402957486136784 0.02033271719038817
21 0.41404805914972276 0.38269704433497537 0.09242144177449169 0.04251386321626618
21 0.32532347504621073 0.2755541871921182 0.09242144177449169 0.04621072088724584
10 0.9048059149722736 0.41410098522167493 0.03512014787430684 0.027726432532347512
21 0.5471349353049908 0.5424876847290641 0.09242144177449169 0.048059149722735686
21 0.24861367837338263 0.564655172413793 0.049907578558225515 0.09611829944547137
4 0.5951940850277264 0.47690886699507384 0.03327171903881701 0.027726432532347512
14 0.13955637707948243 0.38177339901477836 0.04251386321626618 0.09611829944547137
15 0.6053604436229205 0.40948275862068967 0.16820702402957488 0.11090573012939005
10 0.7245841035120147 0.2764778325123153 0.036968576709796676 0.02957486136783734
