0 0.3161530286928799 0.3470703125 0.04994686503719448 0.06376195536663123
14 0.5350690754516472 0.546728515625 0.030818278427205102 0.05526036131774707
10 0.9686503719447398 0.546197509765625 0.020191285866099896 0.020191285866099896
10 0.18809776833156217 0.480352783203125 0.021253985122210415 0.020191285866099896
2 0.3820403825717322 0.612042236328125 0.04782146652497343 0.06482465462274176
2 0.29277364505844844 0.6125732421875 0.04994686503719448 0.06588735387885228
4 0.8490967056323061 0.692755126953125 0.044633368756641874 0.02656748140276302
12 0.7348565356004251 0.413446044921875 0.04357066950053135 0.08395324123273114
10 0.18862911795961743 0.3916748046875 0.020191285866099896 0.021253985122210415
14 0.8490967056323061 0.614166259765625 0.05313496280552604 0.028692879914984058
0 0.5823591923485654 0.3470703125 0.051009564293305 0.06376195536663123
4 0.9330499468650372 0.686383056640625 0.04675876726886291 0.028692879914984058
0 0.0924548352816153 0.34600830078125 0.051009564293305 0.06588735387885228
8 0.07173219978746015 0.565313720703125 0.07545164718384698 0.07545164718384698
6 0.9325185972369819 0.613104248046875 0.03931987247608927 0.07332624867162593
2 0.7290116896918172 0.613104248046875 0.051009564293305 0.0669500531349628
9 0.3374070138150903 0.387957763671875 0.020191285866099896 0.013815090329436768
0 0.2497343251859724 0.47982177734375 0.048884165781083955 0.06376195536663123
0 0.42561105207226363 0.47982177734375 0.04994686503719448 0.06376195536663123
2 0.5818278427205101 0.6125732421875 0.04994686503719448 0.06376195536663123
5 0.6036131774707758 0.28228759765625 0.01700318809776833 0.01700318809776833
5 0.3379383634431456 0.28441162109375 0.01700318809776833 0.01700318809776833
