14 0.5985 0.6301769770408164 0.05700000000000001 0.03
15 0.5295 0.4497345344387755 0.41100000000000003 0.449
21 0.713 0.7376426977040815 0.096 0.035
14 0.1895 0.3477670599489796 0.031 0.05700000000000001
14 0.7165 0.8785977359693877 0.033 0.059
14 0.4875 0.8755986926020409 0.033 0.059
14 0.772 0.45873166454081626 0.032 0.059
10 0.5225 0.6651658163265306 0.028999999999999998 0.03
14 0.289 0.5547010522959183 0.032 0.059
21 0.5795 0.8111192602040816 0.037 0.1
10 0.525 0.06185825892857143 0.028000000000000004 0.027000000000000003
14 0.1855 0.912586894132653 0.05500000000000001 0.027000000000000003
4 0.6085 0.3182764668367347 0.063 0.038
4 0.601 0.6981552933673469 0.06 0.04
10 0.129 0.34676737882653064 0.03 0.028999999999999998
4 0.189 0.9685690369897959 0.064 0.039
14 0.4600000000000001 0.7381425382653062 0.03 0.06
21 0.1875 0.6501705994897959 0.037 0.10400000000000001
10 0.983 0.45873166454081626 0.03 0.028999999999999998
21 0.521 0.2692920918367347 0.038 0.098
21 0.187 0.8246149553571429 0.036 0.101
14 0.6045 0.23980149872448978 0.059 0.031
