6 0.6405367231638418 0.19160128066378065 0.026836158192090398 0.05649717514124294
6 0.9781073446327684 0.18101551226551227 0.026836158192090398 0.05790960451977402
6 0.8114406779661018 0.18101551226551227 0.026836158192090398 0.05790960451977402
4 0.3975988700564972 0.9791824494949495 0.04096045197740113 0.019774011299435033
10 0.02966101694915254 0.6856038059163059 0.02824858757062147 0.02542372881355932
10 0.04943502824858757 0.1266752344877345 0.02824858757062147 0.02542372881355932
10 0.153954802259887 0.04128336940836941 0.02824858757062147 0.02401129943502825
12 0.6271186440677966 0.579746121933622 0.0480225988700565 0.062146892655367235
6 0.7097457627118644 0.8443903318903319 0.026836158192090398 0.05790960451977402
12 0.797316384180791 0.5811575577200576 0.046610169491525424 0.062146892655367235
6 0.3961864406779661 0.8401560245310244 0.026836158192090398 0.05790960451977402
10 0.713276836158192 0.11891233766233766 0.02824858757062147 0.02401129943502825
0 0.1942090395480226 0.11185515873015872 0.03531073446327684 0.04943502824858757
0 0.3827683615819209 0.2614673520923521 0.03389830508474576 0.04943502824858757
0 0.655367231638418 0.27275883838383835 0.03389830508474576 0.04943502824858757
0 0.8008474576271187 0.2713474025974026 0.03389830508474576 0.04943502824858757
0 0.9661016949152541 0.2734645562770563 0.03389830508474576 0.05084745762711864
0 0.8008474576271187 0.1047979797979798 0.03389830508474576 0.04943502824858757
2 0.19562146892655366 0.5959776334776336 0.02966101694915254 0.04943502824858757
2 0.19562146892655366 0.790755772005772 0.02966101694915254 0.04943502824858757
2 0.6306497175141242 0.4520111832611833 0.02966101694915254 0.04943502824858757
2 0.798728813559322 0.45342261904761905 0.02966101694915254 0.04943502824858757
6 0.643361581920904 0.6679608585858585 0.026836158192090398 0.05790960451977402
6 0.3975988700564972 0.5014114357864358 0.026836158192090398 0.05790960451977402
