10 0.8775720164609053 0.5267087765957447 0.03909465020576132 0.0411522633744856
17 0.6512345679012346 0.5071908244680852 0.10493827160493827 0.07613168724279835
10 0.07818930041152264 0.6869614361702128 0.037037037037037035 0.037037037037037035
17 0.21296296296296297 0.6653889627659575 0.10905349794238683 0.0720164609053498
4 0.32510288065843623 0.9365857712765958 0.08641975308641975 0.05555555555555556
14 0.5174897119341564 0.2555119680851064 0.10905349794238683 0.05761316872427984
10 0.7736625514403292 0.8954953457446807 0.0411522633744856 0.03909465020576132
2 0.7335390946502057 0.6859341755319148 0.09670781893004116 0.1213991769547325
14 0.4104938271604938 0.6869614361702128 0.05555555555555556 0.102880658436214
17 0.3004115226337449 0.8092054521276596 0.06995884773662552 0.10905349794238683
0 0.7335390946502057 0.3335837765957447 0.09670781893004116 0.12345679012345678
17 0.49382716049382713 0.4414461436170213 0.06995884773662552 0.1131687242798354
10 0.7736625514403292 0.13326795212765957 0.03292181069958848 0.03909465020576132
