14 0.5898161244695899 0.607308111050626 0.04922206506364922 0.017256011315417256
13 0.5493635077793494 0.28284227000544365 0.016973125884016973 0.01895332390381895
13 0.9772277227722771 0.5881056069678824 0.02065063649222065 0.017256011315417256
9 0.7281471004243282 0.4334972101252041 0.015275813295615276 0.010183875530410185
12 0.9138613861386139 0.5926238432226456 0.018387553041018388 0.025742574257425745
9 0.7282885431400283 0.5025415078933043 0.01555869872701556 0.010466760961810467
9 0.9222065063649222 0.5022591181273816 0.01640735502121641 0.010466760961810467
12 0.9138613861386139 0.6575734893848666 0.01951909476661952 0.026874115983026876
14 0.4247524752475248 0.4558060016330975 0.04893917963224894 0.016407355021216406
9 0.8247524752475247 0.5024003130103429 0.01555869872701556 0.00961810466760962
19 0.23521923620933521 0.5461707267283614 0.039886845827439885 0.0214992927864215
14 0.42489391796322484 0.6070257212847033 0.04809052333804809 0.01669024045261669
12 0.27864214992927866 0.6555967610234077 0.01923620933521924 0.026308345120226312
9 0.09363507779349363 0.5024003130103429 0.015841584158415842 0.010183875530410185
14 0.5103253182461103 0.5328984077299946 0.047524752475247525 0.01471004243281471
9 0.28727015558698726 0.5024003130103429 0.014992927864214994 0.00961810466760962
12 0.08628005657708628 0.6570087098530213 0.018104667609618104 0.02743988684582744
12 0.7210749646393211 0.5920590636908003 0.02036775106082037 0.028005657708628007
19 0.7753889674681754 0.5464531164942842 0.03903818953323904 0.020933521923620933
19 0.14186704384724186 0.5457471420794773 0.039321074964639324 0.01951909476661952
2 0.8178217821782179 0.40398747958628195 0.018104667609618104 0.02461103253182461
9 0.19024045261669023 0.5025415078933043 0.01555869872701556 0.009900990099009901
2 0.8175388967468177 0.46780756668481216 0.01867043847241867 0.02461103253182461
9 0.2867043847241867 0.4334972101252041 0.01555869872701556 0.010183875530410185
12 0.2790664780763791 0.5922002585737616 0.01895332390381895 0.026591230551626592
12 0.08571428571428572 0.5924826483396842 0.02036775106082037 0.02545968882602546
13 0.4657708628005658 0.36600605606967884 0.01669024045261669 0.01923620933521924
13 0.5496463932107496 0.36614725095264017 0.016973125884016973 0.01951909476661952
12 0.7209335219236209 0.655314371257485 0.02065063649222065 0.02857142857142857
14 0.5900990099009901 0.45608839139902013 0.05035360678925036 0.015841584158415842
19 0.8698727015558699 0.5470178960261295 0.03847241867043848 0.019801980198019802
13 0.672984441301273 0.5982716385410995 0.02036775106082037 0.017821782178217824
13 0.03818953323903819 0.5876820223189984 0.02036775106082037 0.01753889674681754
13 0.7428571428571429 0.6579970740337506 0.019801980198019802 0.016973125884016973
13 0.2851485148514851 0.46950190528034846 0.019801980198019802 0.017256011315417256
10 0.7059405940594059 0.5931886227544909 0.005940594059405941 0.005940594059405941
13 0.5202263083451202 0.3292953864997278 0.019801980198019802 0.016973125884016973
10 0.8038189533239037 0.46950190528034846 0.005940594059405941 0.005940594059405941
10 0.9001414427157002 0.5944593767011431 0.006223479490806224 0.005657708628005658
10 0.803960396039604 0.40582301306477947 0.006223479490806224 0.005657708628005658
13 0.46647807637906646 0.28425421883505714 0.019801980198019802 0.017256011315417256
13 0.10735502121640736 0.6591266330974415 0.01951909476661952 0.016973125884016973
13 0.29957567185289957 0.5941769869352205 0.019801980198019802 0.016973125884016973
13 0.10834512022630835 0.5941769869352205 0.019801980198019802 0.016973125884016973
13 0.7442715700141442 0.5934710125204138 0.019801980198019802 0.017256011315417256
13 0.19123055162659122 0.6642096488840501 0.019801980198019802 0.016973125884016973
13 0.34285714285714286 0.5991188078388677 0.019801980198019802 0.017256011315417256
12 0.5005657708628005 0.32887180185084375 0.02065063649222065 0.025742574257425745
12 0.18401697312588403 0.47034907457811653 0.02065063649222065 0.025742574257425745
12 0.1826025459688826 0.4059642079477409 0.02065063649222065 0.025742574257425745
13 0.34101838755304104 0.46921951551442564 0.02065063649222065 0.017821782178217824
10 0.8997171145685996 0.658138268916712 0.005940594059405941 0.005940594059405941
13 0.09405940594059406 0.4700666848121938 0.02065063649222065 0.017821782178217824
10 0.07185289957567186 0.6579970740337506 0.006223479490806224 0.005657708628005658
10 0.07157001414427157 0.5936122074033751 0.006223479490806224 0.005657708628005658
10 0.707072135785007 0.6565851252041373 0.005940594059405941 0.005657708628005658
10 0.16803394625176804 0.40539942841589555 0.006223479490806224 0.005940594059405941
10 0.16831683168316833 0.4702078796951552 0.006223479490806224 0.005657708628005658
10 0.2642149929278642 0.6571499047359826 0.006223479490806224 0.005657708628005658
10 0.26364922206506364 0.592765038105607 0.006223479490806224 0.005657708628005658
10 0.4864214992927865 0.3287306069678824 0.005940594059405941 0.005657708628005658
13 0.8251768033946252 0.6632212847033206 0.019801980198019802 0.017256011315417256
13 0.6732673267326733 0.4696431001633098 0.019801980198019802 0.016973125884016973
13 0.7284299858557284 0.47034907457811653 0.019801980198019802 0.017256011315417256
13 0.8379066478076378 0.46950190528034846 0.019801980198019802 0.017256011315417256
13 0.9213578500707215 0.47077265922700057 0.019801980198019802 0.016973125884016973
13 0.841018387553041 0.40582301306477947 0.019801980198019802 0.016973125884016973
13 0.9349363507779349 0.5934710125204138 0.019801980198019802 0.017256011315417256
13 0.20594059405940596 0.40582301306477947 0.019801980198019802 0.016973125884016973
13 0.9366336633663368 0.6599738023952095 0.019801980198019802 0.016973125884016973
13 0.30155586987270155 0.6564439303211758 0.019801980198019802 0.017256011315417256
13 0.20594059405940596 0.4702078796951552 0.019801980198019802 0.016973125884016973
