10 0.94189453125 0.22080209895052474 0.0107421875 0.011718749999999998
14 0.865234375 0.5448275862068966 0.037109375 0.0205078125
0 0.64111328125 0.30168665667166417 0.0380859375 0.052734374999999986
0 0.9072265625 0.43860569715142433 0.037109375 0.0517578125
2 0.6396484375 0.625712143928036 0.037109375 0.0517578125
10 0.02783203125 0.5068215892053972 0.0126953125 0.0126953125
10 0.46337890625 0.5073088455772113 0.0126953125 0.013671875
10 0.138671875 0.22128935532233882 0.013671875 0.0126953125
0 0.57666015625 0.46979010494752627 0.0380859375 0.0517578125
0 0.42529296875 0.5068215892053972 0.0380859375 0.0537109375
10 0.94189453125 0.7850449775112444 0.0146484375 0.013671875
10 0.49951171875 0.6261994002998501 0.0126953125 0.013671875
2 0.134765625 0.5063343328335832 0.037109375 0.05078125
0 0.548828125 0.30119940029985004 0.037109375 0.0537109375
2 0.90771484375 0.5726011994002999 0.0361328125 0.052734374999999986
10 0.14013671875 0.7874812593703149 0.0166015625 0.0166015625
5 0.2451171875 0.19887556221889055 0.029296875 0.0087890625
10 0.46142578125 0.3869565217391304 0.0126953125 0.0126953125
0 0.73681640625 0.25929535232383805 0.0361328125 0.0517578125
2 0.54931640625 0.625712143928036 0.0380859375 0.0517578125
0 0.0693359375 0.5068215892053972 0.037109375 0.0517578125
2 0.5478515625 0.704647676161919 0.037109375 0.0498046875
0 0.8125 0.3757496251874063 0.037109375 0.052734374999999986
4 0.24462890625 0.81428035982009 0.0361328125 0.021484375
10 0.18017578125 0.747038980509745 0.0126953125 0.011718749999999998
2 0.64404296875 0.536544227886057 0.0380859375 0.05078125
14 0.865234375 0.468815592203898 0.037109375 0.0205078125
2 0.81396484375 0.7475262368815592 0.0380859375 0.0517578125
2 0.22900390625 0.7480134932533733 0.0380859375 0.05078125
0 0.701171875 0.47027736131934034 0.0390625 0.052734374999999986
2 0.736328125 0.7109820089955023 0.037109375 0.05078125
2 0.640625 0.704160419790105 0.037109375 0.05078125
2 0.359375 0.5058470764617692 0.0390625 0.0517578125
2 0.736328125 0.6237631184407796 0.037109375 0.0517578125
0 0.640625 0.3874437781109445 0.037109375 0.052734374999999986
2 0.5205078125 0.536544227886057 0.037109375 0.05078125
0 0.2314453125 0.25783358320839583 0.0390625 0.052734374999999986
0 0.548828125 0.3874437781109445 0.0390625 0.052734374999999986
10 0.93798828125 0.5063343328335832 0.0126953125 0.013671875
10 0.16943359375 0.258808095952024 0.0126953125 0.013671875
0 0.81298828125 0.27976011994003 0.0380859375 0.0517578125
