11 0.8178571428571428 0.627599366359447 0.018571428571428572 0.032857142857142856
11 0.44214285714285706 0.6675187211981567 0.024285714285714285 0.041428571428571426
6 0.5314285714285715 0.25691964285714286 0.017142857142857144 0.041428571428571426
0 0.18642857142857142 0.41231998847926266 0.02142857142857143 0.03571428571428571
14 0.12857142857142856 0.4786146313364055 0.011428571428571429 0.019999999999999997
8 0.625 0.6946068548387097 0.044285714285714275 0.04428571428571428
6 0.195 0.25691964285714286 0.015714285714285715 0.04428571428571428
6 0.5314285714285715 0.7003096198156682 0.017142857142857144 0.041428571428571426
6 0.3157142857142857 0.6325892857142857 0.014285714285714285 0.04285714285714286
8 0.6257142857142857 0.26333525345622116 0.045714285714285714 0.045714285714285714
6 0.7392857142857143 0.291136232718894 0.04142857142857142 0.012857142857142855
12 0.8192857142857143 0.33105558755760367 0.018571428571428572 0.032857142857142856
12 0.8185714285714287 0.627599366359447 0.017142857142857144 0.032857142857142856
12 0.3221428571428571 0.3880832373271889 0.02142857142857143 0.041428571428571426
12 0.18642857142857142 0.5441964285714286 0.02142857142857143 0.037142857142857144
11 0.6164285714285714 0.41231998847926266 0.02142857142857143 0.032857142857142856
6 0.3157142857142857 0.701022465437788 0.014285714285714285 0.04285714285714286
10 0.054285714285714284 0.4786146313364055 0.019999999999999997 0.019999999999999997
6 0.2621428571428571 0.701022465437788 0.015714285714285715 0.04285714285714286
6 0.19428571428571428 0.49429723502304146 0.017142857142857144 0.022857142857142857
0 0.44142857142857145 0.2904233870967742 0.022857142857142857 0.037142857142857144
6 0.45071428571428573 0.5128312211981567 0.015714285714285715 0.039999999999999994
6 0.565 0.546334965437788 0.03857142857142857 0.012857142857142855
12 0.5221428571428571 0.5727102534562212 0.02142857142857143 0.03142857142857143
13 0.7421428571428571 0.6261736751152074 0.027142857142857142 0.027142857142857142
11 0.5221428571428571 0.3845190092165899 0.02142857142857143 0.037142857142857144
10 0.9142857142857143 0.4786146313364055 0.019999999999999997 0.019999999999999997
6 0.33 0.25620679723502304 0.017142857142857144 0.04285714285714286
6 0.39071428571428574 0.4116071428571429 0.04142857142857142 0.014285714285714285
6 0.195 0.7017353110599078 0.015714285714285715 0.04428571428571428
6 0.35642857142857143 0.44439804147465434 0.015714285714285715 0.039999999999999994
0 0.6164285714285714 0.5441964285714286 0.02142857142857143 0.03428571428571429
6 0.2621428571428571 0.25691964285714286 0.015714285714285715 0.04428571428571428
6 0.3292857142857143 0.32463997695852537 0.015714285714285715 0.04285714285714286
12 0.3078571428571429 0.5705717165898617 0.018571428571428572 0.032857142857142856
6 0.4514285714285714 0.4451108870967742 0.014285714285714285 0.03857142857142857
6 0.3557142857142857 0.5121183755760368 0.014285714285714285 0.03857142857142857
13 0.7428571428571429 0.33105558755760367 0.02571428571428571 0.024285714285714285
6 0.7385714285714285 0.5869671658986175 0.04285714285714286 0.014285714285714285
