9 0.49383313978040544 0.3420647149460709 0.029275808936825888 0.02157164869029276
14 0.49460251266891897 0.6147919876733436 0.08012326656394453 0.046224961479198766
0 0.7761929898648648 0.34514637904468415 0.07395993836671802 0.09244992295839753
10 0.49383313978040544 0.06086286594761171 0.029275808936825888 0.029275808936825888
0 0.20993454391891894 0.2026194144838213 0.07704160246533129 0.09399075500770418
17 0.415357105152027 0.187211093990755 0.0785824345146379 0.0539291217257319
10 0.6723276499155405 0.5154083204930663 0.029275808936825888 0.029275808936825888
2 0.20916517103040538 0.34514637904468415 0.07550077041602465 0.09553158705701079
9 0.49460251266891897 0.6810477657935285 0.03081664098613251 0.02157164869029276
17 0.5776947846283784 0.187211093990755 0.08012326656394453 0.0539291217257319
0 0.20916517103040538 0.34514637904468415 0.07550077041602465 0.09553158705701079
17 0.5784641575168918 0.5015408320493067 0.0785824345146379 0.05701078582434514
2 0.7769623627533784 0.6833590138674884 0.07550077041602465 0.09399075500770418
2 0.20993454391891894 0.8289676425269645 0.07704160246533129 0.09553158705701079
17 0.5753866659628379 0.8120184899845917 0.0785824345146379 0.055469953775038515
10 0.49383313978040544 0.9699537750385208 0.029275808936825888 0.032357473035439135
8 0.18146774704391894 0.514637904468413 0.11248073959938368 0.11093990755007703
17 0.413818359375 0.812788906009245 0.0785824345146379 0.05701078582434514
2 0.21070391680743245 0.6841294298921418 0.07550077041602465 0.09244992295839753
10 0.893137668918919 0.5154083204930663 0.027734976887519257 0.029275808936825888
2 0.7769623627533784 0.827426810477658 0.07550077041602465 0.09553158705701079
14 0.49383313978040544 0.41987673343605547 0.0785824345146379 0.04160246533127889
0 0.7769623627533784 0.20184899845916796 0.07550077041602465 0.09553158705701079
17 0.41458773226351353 0.5015408320493067 0.08012326656394453 0.05701078582434514
10 0.3130305109797297 0.514637904468413 0.03081664098613251 0.03081664098613251
