18 0.7729468599033816 0.6567743288590604 0.03864734299516908 0.03864734299516908
6 0.1316425120772947 0.4674391778523489 0.04589371980676328 0.021739130434782608
4 0.061594202898550734 0.6748636744966443 0.03140096618357488 0.016908212560386472
6 0.6388888888888888 0.4662332214765101 0.04589371980676328 0.01932367149758454
6 0.2922705314009662 0.7013947147651007 0.01932367149758454 0.04589371980676328
6 0.29106280193236717 0.28172189597315433 0.016908212560386472 0.04106280193236715
14 0.20893719806763283 0.4674391778523489 0.016908212560386472 0.03140096618357488
11 0.4975845410628019 0.6205956375838926 0.024154589371980676 0.043478260869565216
7 0.061594202898550734 0.5422084731543624 0.060386473429951695 0.060386473429951695
4 0.8671497584541064 0.4674391778523489 0.01932367149758454 0.03140096618357488
12 0.4987922705314009 0.34081375838926176 0.03140096618357488 0.05314009661835749
18 0.7717391304347826 0.2527789429530201 0.04106280193236715 0.04106280193236715
13 0.29106280193236717 0.5120595637583893 0.03140096618357488 0.033816425120772944
13 0.29106280193236717 0.41075922818791943 0.03140096618357488 0.033816425120772944
