10 0.42592592592592593 0.1964780745967742 0.022222222222222223 0.020740740740740744
6 0.42740740740740735 0.31196446572580644 0.02814814814814815 0.0651851851851852
6 0.2659259259259259 0.38229271673387094 0.02814814814814815 0.0637037037037037
14 0.7081481481481482 0.6154863911290323 0.06518518518518518 0.044444444444444446
6 0.6466666666666666 0.7768712197580646 0.05777777777777778 0.029629629629629627
6 0.42666666666666664 0.6413967993951613 0.029629629629629627 0.06666666666666668
14 0.15555555555555556 0.5148059475806452 0.035555555555555556 0.07407407407407408
6 0.26666666666666666 0.6228893649193549 0.029629629629629627 0.0651851851851852
6 0.6125925925925926 0.6043819304435484 0.02814814814814815 0.06666666666666668
10 0.902962962962963 0.37044795866935487 0.01925925925925926 0.02518518518518519
4 0.42592592592592593 0.7413369455645161 0.03111111111111111 0.023703703703703706
12 0.4140740740740741 0.5140656502016129 0.03703703703703704 0.06962962962962962
12 0.6014814814814815 0.4444776965725806 0.03851851851851852 0.06962962962962962
7 0.08962962962962963 0.6103043094758064 0.06074074074074074 0.05777777777777778
6 0.6148148148148148 0.3112241683467742 0.029629629629629627 0.06666666666666668
