0 0.5893089960886571 0.21805903892455855 0.06258148631029989 0.07692307692307693
10 0.10625814863102997 0.5232995585874799 0.024771838331160367 0.026075619295958273
6 0.288135593220339 0.5252520565810593 0.09126466753585398 0.056062581486310305
0 0.34419817470664926 0.21870987158908503 0.06258148631029989 0.07561929595827901
5 0.6153846153846154 0.15948409911717495 0.028683181225554112 0.014341590612777056
2 0.5880052151238592 0.7933951143659711 0.06779661016949153 0.07953063885267274
9 0.1694915254237288 0.5200453952648475 0.031290743155149944 0.022164276401564535
6 0.37027379400260757 0.605304474317817 0.05215123859191656 0.0938722294654498
0 0.711864406779661 0.21805903892455855 0.06258148631029989 0.07692307692307693
6 0.5325945241199479 0.5232995585874799 0.08996088657105607 0.052151238591916546
8 0.16753585397653195 0.7022785413322633 0.09517601043024773 0.09517601043024773
2 0.3956975228161669 0.7940459470304976 0.06649282920469361 0.07822685788787484
6 0.16623207301173404 0.4048480136436597 0.048239895697522815 0.09126466753585398
2 0.394393741851369 0.7113901986356341 0.06649282920469361 0.07953063885267274
2 0.8748370273794002 0.7699651384430176 0.0651890482398957 0.08213820078226858
0 0.19295958279009126 0.21740820626003207 0.06258148631029989 0.07822685788787484
2 0.7614080834419817 0.7706159711075442 0.0651890482398957 0.08344198174706649
0 0.5893089960886571 0.2994131219903692 0.06258148631029989 0.07561929595827901
2 0.5886571056062582 0.7100885333065811 0.06649282920469361 0.07953063885267274
10 0.9445893089960886 0.5239503912520064 0.024771838331160367 0.024771838331160367
5 0.7353324641460235 0.15948409911717495 0.02607561929595828 0.011734028683181226
0 0.19165580182529335 0.2994131219903692 0.06258148631029989 0.08344198174706649
2 0.8741851368970013 0.44194547552166935 0.06388526727509779 0.07953063885267274
0 0.3455019556714472 0.30071478731942214 0.0651890482398957 0.07822685788787484
9 0.7372881355932204 0.4380404795345104 0.027379400260756193 0.01694915254237288
