6 0.40707964601769914 0.6314103739002932 0.03982300884955752 0.09292035398230089
10 0.8617256637168141 0.3707982038123167 0.01991150442477876 0.022123893805309734
4 0.6847345132743363 0.8191394794721407 0.05088495575221239 0.048672566371681415
4 0.13274336283185842 0.6170546187683283 0.048672566371681415 0.037610619469026545
4 0.7599557522123894 0.5397543988269795 0.046460176991150445 0.037610619469026545
6 0.7566371681415929 0.4469941348973608 0.03982300884955752 0.09070796460176991
6 0.6836283185840708 0.6347232404692081 0.03982300884955752 0.09070796460176991
6 0.5530973451327433 0.6358275293255131 0.03982300884955752 0.09292035398230089
6 0.5553097345132744 0.2868722507331378 0.03982300884955752 0.09292035398230089
6 0.40486725663716816 0.2934979838709677 0.03982300884955752 0.09292035398230089
6 0.20243362831858408 0.4657670454545455 0.081858407079646 0.04424778761061947
14 0.28982300884955753 0.46355846774193543 0.048672566371681415 0.07079646017699115
14 0.6703539823008849 0.37631964809384166 0.04424778761061947 0.07743362831858407
14 0.6847345132743363 0.7418392595307919 0.06858407079646017 0.05752212389380531
7 0.12831858407079647 0.5364415322580645 0.07964601769911504 0.08407079646017698
2 0.5243362831858407 0.46355846774193543 0.07079646017699115 0.09292035398230089
