6 0.37184115523465705 0.35391791044776116 0.02888086642599278 0.06498194945848376
12 0.5351985559566786 0.5036069651741293 0.048736462093862815 0.07942238267148014
5 0.5523465703971119 0.20783582089552238 0.10469314079422383 0.018050541516245487
14 0.26985559566787004 0.5036069651741293 0.03429602888086643 0.04693140794223827
7 0.15703971119133575 0.6352611940298507 0.05776173285198556 0.05776173285198556
6 0.8501805054151624 0.6190298507462686 0.02888086642599278 0.06859205776173286
6 0.37274368231046934 0.6532960199004976 0.030685920577617327 0.06859205776173286
6 0.5532490974729242 0.3367848258706468 0.030685920577617327 0.0667870036101083
4 0.5532490974729242 0.8246268656716417 0.03790613718411552 0.02527075812274368
14 0.6967509025270758 0.4368781094527363 0.03249097472924188 0.04332129963898917
6 0.5523465703971119 0.6523942786069651 0.02888086642599278 0.0667870036101083
