7 0.0803680981595092 0.6188725490196079 0.06748466257668712 0.0687116564417178
6 0.7570552147239263 0.5974264705882353 0.022085889570552148 0.052760736196319026
4 0.4552147239263803 0.22549019607843138 0.03680981595092025 0.022085889570552148
14 0.6429447852760736 0.5447303921568627 0.017177914110429453 0.03803680981595092
12 0.5226993865030675 0.5147058823529412 0.026993865030674847 0.051533742331288344
6 0.17730061349693252 0.5128676470588236 0.052760736196319026 0.025766871165644172
18 0.4558282208588957 0.30575980392156865 0.052760736196319026 0.04049079754601227
6 0.5319018404907976 0.6433823529411764 0.023312883435582823 0.053987730061349694
10 0.09877300613496932 0.5410539215686274 0.028220858895705518 0.025766871165644172
4 0.4558282208588957 0.7745098039215687 0.03803680981595093 0.01717791411042945
4 0.0803680981595092 0.7144607843137255 0.03803680981595093 0.01717791411042945
4 0.8754601226993867 0.6985294117647058 0.03803680981595093 0.01717791411042945
6 0.38220858895705523 0.6574754901960784 0.023312883435582823 0.05521472392638037
14 0.298159509202454 0.5147058823529412 0.017177914110429453 0.0392638036809816
14 0.8754601226993867 0.5968137254901961 0.03803680981595093 0.0196319018404908
6 0.38220858895705523 0.4466911764705882 0.023312883435582823 0.052760736196319026
