14 0.24511930585683298 0.4959663120567376 0.039045553145336226 0.08676789587852494
4 0.5368763557483731 0.8949320330969266 0.09327548806941431 0.052060737527114966
7 0.0737527114967462 0.6455784574468085 0.0824295010845987 0.08676789587852494
6 0.5368763557483731 0.2823895537825059 0.04121475054229935 0.11930585683297179
5 0.5357917570498916 0.11001034278959812 0.04772234273318872 0.013015184381778741
6 0.5368763557483731 0.7073747783687943 0.0368763557483731 0.12364425162689804
9 0.34273318872017355 0.49488216607565005 0.026030368763557483 0.028199566160520606
14 0.6507592190889371 0.7052064864066193 0.0824295010845987 0.0368763557483731
12 0.5162689804772235 0.4959663120567376 0.05639913232104121 0.09544468546637744
6 0.3438177874186551 0.28130540780141844 0.04121475054229935 0.12147505422993492
6 0.3438177874186551 0.7442357417257683 0.04121475054229935 0.12364425162689804
6 0.8839479392624728 0.628232121749409 0.04121475054229935 0.13015184381778744
14 0.7093275488069414 0.41790780141843964 0.039045553145336226 0.0824295010845987
4 0.07158351409978309 0.8981844710401891 0.09544468546637744 0.05422993492407809
4 0.3405639913232104 0.8960161790780141 0.09544468546637744 0.05422993492407809
4 0.8806941431670282 0.7832649970449173 0.09544468546637744 0.05422993492407809
