7 0.07910271546635184 0.6425321691176471 0.06611570247933884 0.06729634002361276
6 0.42916174734356555 0.4473192401960784 0.024793388429752067 0.049586776859504134
6 0.6322314049586777 0.3452895220588236 0.02243211334120425 0.05076741440377804
4 0.6310507674144038 0.7622549019607843 0.03659976387249114 0.018890200708382526
6 0.8630460448642265 0.5340150122549019 0.023612750885478158 0.05076741440377804
4 0.935064935064935 0.2857230392156863 0.03541912632821724 0.01652892561983471
6 0.6322314049586777 0.6501991421568627 0.02243211334120425 0.049586776859504134
14 0.7426210153482881 0.43965226715686273 0.023612750885478158 0.03659976387249114
6 0.15879574970484062 0.5110140931372549 0.05076741440377804 0.023612750885478158
6 0.42798110979929155 0.5924019607843137 0.024793388429752067 0.049586776859504134
14 0.7886658795749705 0.26626072303921566 0.04014167650531287 0.048406139315230225
14 0.7461629279811098 0.6525582107843138 0.03778040141676505 0.023612750885478158
12 0.6227863046044865 0.5127833946078432 0.02715466351829988 0.05076741440377804
14 0.28689492325855964 0.5121936274509804 0.023612750885478158 0.03778040141676505
6 0.4256198347107438 0.3034160539215686 0.029515938606847696 0.05430932703659976
