7 0.08320839580209895 0.6580238970588235 0.07946026986506746 0.07796101949025487
14 0.7503748125937032 0.6055882352941176 0.022488755622188907 0.04497751124437781
6 0.39655172413793105 0.6685110294117647 0.028485757121439283 0.06296851574212894
6 0.5869565217391305 0.6670128676470588 0.028485757121439283 0.05997001499250375
4 0.8290854572713643 0.29996323529411767 0.041979010494752625 0.017991004497751123
18 0.4820089955022489 0.22580422794117644 0.05847076461769115 0.046476761619190406
4 0.8800599700149924 0.8355560661764706 0.041979010494752625 0.022488755622188904
6 0.881559220389805 0.6834926470588235 0.029985007496251874 0.06296851574212894
4 0.4820089955022489 0.16662683823529412 0.04047976011994002 0.026986506746626688
6 0.39655172413793105 0.4063327205882352 0.028485757121439283 0.05997001499250375
14 0.2646176911544228 0.5022150735294117 0.022488755622188907 0.04497751124437781
14 0.767616191904048 0.2774908088235294 0.020989505247376312 0.041979010494752625
4 0.08320839580209895 0.8025965073529413 0.043478260869565216 0.022488755622188904
12 0.5764617691154422 0.5022150735294117 0.03148425787106447 0.05997001499250375
