14 0.28851540616246496 0.5622242647058824 0.016806722689075633 0.036414565826330535
14 0.7528011204481793 0.4642156862745098 0.018207282913165267 0.036414565826330535
7 0.0700280112044818 0.6749341299019608 0.06162464985994398 0.06302521008403361
6 0.5931372549019608 0.3711075367647059 0.02380952380952381 0.05182072829131653
6 0.17507002801120447 0.5622242647058824 0.05042016806722689 0.022408963585434174
18 0.4789915966386554 0.22549479166666667 0.04481792717086835 0.037815126050420166
6 0.35294117647058826 0.3711075367647059 0.022408963585434174 0.04901960784313726
14 0.7598039215686274 0.7512408088235294 0.0350140056022409 0.016806722689075633
4 0.9005602240896359 0.7085370710784313 0.033613445378151266 0.015406162464985995
4 0.07072829131652661 0.7365395220588236 0.0350140056022409 0.015406162464985995
6 0.3536414565826331 0.6833348651960784 0.02380952380952381 0.04901960784313726
6 0.9019607843137255 0.6546323529411764 0.022408963585434174 0.05322128851540616
4 0.4775910364145658 0.8198468137254903 0.036414565826330535 0.016806722689075633
4 0.7598039215686274 0.806545649509804 0.0350140056022409 0.015406162464985995
6 0.592436974789916 0.7260386029411764 0.022408963585434174 0.05042016806722689
12 0.5840336134453782 0.5622242647058824 0.028011204481792718 0.05042016806722689
4 0.4789915966386554 0.1792907475490196 0.036414565826330535 0.02380952380952381
