10 0.8583333333333332 0.6523205157992564 0.01 0.013333333333333332
12 0.1475 0.6989167053903346 0.04166666666666667 0.06999999999999999
6 0.4725 0.746344969795539 0.021666666666666667 0.045
12 0.2791666666666667 0.6539846654275092 0.045 0.06999999999999999
11 0.6208333333333333 0.5965715032527881 0.045 0.06833333333333333
6 0.4725 0.1638925999070632 0.021666666666666667 0.045
6 0.7041666666666667 0.8894618378252789 0.021666666666666667 0.045
6 0.5391666666666667 0.5491432388475836 0.021666666666666667 0.04666666666666667
6 0.7516666666666667 0.3319717123605948 0.043333333333333335 0.021666666666666667
12 0.11583333333333332 0.3336358619888476 0.045 0.06833333333333333
12 0.14666666666666667 0.2030001161710037 0.04666666666666667 0.06999999999999999
6 0.47333333333333333 0.6464959921003717 0.02 0.045
12 0.785 0.2362831087360595 0.04666666666666667 0.06999999999999999
10 0.86 0.3328037871747212 0.01 0.01
12 0.45499999999999996 0.3993697723048327 0.043333333333333335 0.06999999999999999
12 0.6208333333333333 0.2030001161710037 0.045 0.06999999999999999
6 0.16416666666666666 0.2953604205390335 0.021666666666666667 0.045
12 0.3775 0.334467936802974 0.045 0.06999999999999999
6 0.0325 0.1630605250929368 0.021666666666666667 0.04666666666666667
12 0.049166666666666664 0.3885527997211896 0.045 0.07166666666666667
6 0.6375 0.29452834572490705 0.025 0.04666666666666667
12 0.6858333333333333 0.762986466078067 0.045 0.07166666666666667
12 0.2341666666666667 0.5433187151486989 0.045 0.07166666666666667
6 0.6375 0.8120788801115243 0.021666666666666667 0.04666666666666667
6 0.7041666666666667 0.1630605250929368 0.021666666666666667 0.043333333333333335
12 0.31416666666666665 0.7971015334572491 0.04833333333333333 0.07333333333333333
6 0.39666666666666667 0.4492942611524164 0.02 0.04666666666666667
12 0.45499999999999996 0.8520184711895912 0.04666666666666667 0.07333333333333333
6 0.2966666666666667 0.29452834572490705 0.02 0.043333333333333335
11 0.7858333333333334 0.7080695283457249 0.045 0.06833333333333333
6 0.36666666666666664 0.9260731296468402 0.04666666666666667 0.021666666666666667
6 0.09833333333333333 0.4492942611524164 0.02 0.04666666666666667
10 0.8558333333333333 0.12228885920074348 0.011666666666666667 0.015
10 0.8591666666666666 0.927737279275093 0.011666666666666667 0.015
10 0.034166666666666665 0.6964204809479554 0.011666666666666667 0.015
10 0.0325 0.6514884409851301 0.011666666666666667 0.015
