12 0.36142322097378277 0.6121869459219857 0.0299625468164794 0.04307116104868915
6 0.6704119850187266 0.675673204787234 0.018726591760299626 0.03558052434456929
9 0.2649812734082397 0.7176861702127659 0.016853932584269662 0.011235955056179775
10 0.9569288389513109 0.27048149379432623 0.011235955056179775 0.013108614232209739
11 0.33614232209737827 0.31436170212765957 0.02808988764044944 0.04119850187265918
9 0.6198501872659176 0.6196559175531915 0.0149812734082397 0.009363295880149813
11 0.6573033707865169 0.5785765735815602 0.0299625468164794 0.03932584269662921
12 0.13670411985018727 0.5477670656028369 0.0299625468164794 0.04119850187265918
9 0.7359550561797753 0.6196559175531915 0.0149812734082397 0.009363295880149813
14 0.5131086142322098 0.4805463209219859 0.03745318352059925 0.02247191011235955
9 0.14887640449438203 0.35357380319148934 0.016853932584269662 0.011235955056179775
9 0.8249063670411985 0.5561696586879432 0.016853932584269662 0.009363295880149813
12 0.44943820224719105 0.6131205673758865 0.0299625468164794 0.04119850187265918
6 0.7462546816479401 0.4842808067375886 0.03932584269662921 0.02247191011235955
9 0.5945692883895131 0.4945506427304965 0.016853932584269662 0.009363295880149813
9 0.28651685393258425 0.31249445921985813 0.018726591760299626 0.011235955056179775
9 0.21629213483146068 0.5197584219858156 0.013108614232209739 0.011235955056179775
12 0.201310861423221 0.6252576462765957 0.031835205992509365 0.04307116104868915
12 0.7846441947565543 0.6644697473404255 0.0299625468164794 0.04307116104868915
12 0.7612359550561798 0.4516040558510639 0.031835205992509365 0.04307116104868915
6 0.8258426966292134 0.6906111480496454 0.018726591760299626 0.03932584269662921
12 0.07958801498127341 0.3881177969858156 0.031835205992509365 0.04307116104868915
9 0.5608614232209738 0.3087599734042553 0.016853932584269662 0.011235955056179775
12 0.2284644194756554 0.3881177969858156 0.033707865168539325 0.04307116104868915
12 0.7116104868913857 0.40679022606382975 0.033707865168539325 0.04307116104868915
12 0.5823970037453183 0.5458998226950355 0.0299625468164794 0.04119850187265918
12 0.10486891385767791 0.6252576462765957 0.033707865168539325 0.04307116104868915
12 0.8370786516853933 0.41052471187943257 0.0299625468164794 0.04307116104868915
6 0.34831460674157305 0.682208554964539 0.018726591760299626 0.03745318352059925
9 0.149812734082397 0.47027648492907803 0.0149812734082397 0.013108614232209739
6 0.150749063670412 0.6616688829787234 0.020599250936329586 0.03745318352059925
9 0.34925093632958804 0.5440325797872341 0.016853932584269662 0.011235955056179775
10 0.03464419475655431 0.659801640070922 0.009363295880149813 0.011235955056179775
6 0.8838951310861424 0.4842808067375886 0.018726591760299626 0.03745318352059925
6 0.29681647940074907 0.5458998226950355 0.03932584269662921 0.018726591760299626
9 0.46348314606741575 0.5440325797872341 0.013108614232209739 0.011235955056179775
6 0.21535580524344572 0.6859430407801418 0.018726591760299626 0.04119850187265918
6 0.09363295880149813 0.6859430407801418 0.018726591760299626 0.04119850187265918
9 0.6704119850187266 0.6187222960992907 0.0149812734082397 0.011235955056179775
12 0.8698501872659176 0.35264018173758865 0.031835205992509365 0.04307116104868915
11 0.47191011235955055 0.31062721631205675 0.026217228464419477 0.03745318352059925
6 0.46254681647940077 0.418927304964539 0.018726591760299626 0.03745318352059925
12 0.5411985018726592 0.6121869459219857 0.0299625468164794 0.04307116104868915
9 0.5608614232209738 0.36291001773049647 0.016853932584269662 0.011235955056179775
10 0.9569288389513109 0.4590730274822695 0.011235955056179775 0.013108614232209739
11 0.10580524344569289 0.4712101063829787 0.031835205992509365 0.04119850187265918
12 0.8726591760299625 0.5496343085106383 0.026217228464419477 0.03745318352059925
6 0.6198501872659176 0.675673204787234 0.018726591760299626 0.03558052434456929
10 0.03277153558052434 0.3881177969858156 0.013108614232209739 0.013108614232209739
11 0.201310861423221 0.47214372783687947 0.031835205992509365 0.04307116104868915
10 0.9569288389513109 0.7186197916666666 0.011235955056179775 0.013108614232209739
12 0.8361423220973784 0.5122894503546099 0.02808988764044944 0.03745318352059925
10 0.2649812734082397 0.7438275709219858 0.013108614232209739 0.0149812734082397
9 0.6582397003745318 0.4954842641843971 0.016853932584269662 0.011235955056179775
11 0.21629213483146068 0.31249445921985813 0.031835205992509365 0.04119850187265918
6 0.8838951310861424 0.4329316267730497 0.018726591760299626 0.03932584269662921
11 0.7247191011235955 0.570173980496454 0.026217228464419477 0.04119850187265918
11 0.647003745318352 0.31062721631205675 0.02808988764044944 0.03745318352059925
