6 0.3156708004509583 0.18703699272588054 0.018038331454340473 0.030439684329199544
4 0.899661781285231 0.25747511485451763 0.029312288613303268 0.018038331454340473
6 0.4470124013528748 0.4614639165390505 0.016910935738444193 0.029312288613303268
11 0.4470124013528748 0.5189414241960184 0.04622322435174746 0.04735062006764374
6 0.5355129650507328 0.7432164050535988 0.018038331454340473 0.033821871476888386
7 0.8990980834272829 0.19999760719754978 0.030439684329199544 0.03156708004509583
6 0.5355129650507328 0.18760049770290962 0.018038331454340473 0.033821871476888386
12 0.21251409244644873 0.4225820731240429 0.04847801578354002 0.04622322435174746
6 0.08624577226606539 0.4220185681470138 0.030439684329199544 0.018038331454340473
6 0.948139797068771 0.604594180704441 0.018038331454340473 0.033821871476888386
6 0.7051860202931229 0.49076617534456357 0.03269447576099211 0.018038331454340473
6 0.5856820744081173 0.5797999617151608 0.03269447576099211 0.018038331454340473
11 0.6629086809470124 0.6637622032924961 0.02705749718151071 0.043968432919954906
11 0.2209695603156708 0.6981360068912711 0.03156708004509583 0.04735062006764374
6 0.37767756482525366 0.59276057618683 0.018038331454340473 0.03494926719278467
6 0.21364148816234502 0.4806230857580398 0.016910935738444193 0.029312288613303268
8 0.020293122886133032 0.6051576856814702 0.029312288613303268 0.030439684329199544
6 0.7795941375422774 0.34763591117917303 0.030439684329199544 0.018038331454340473
11 0.5253664036076663 0.25127656010719757 0.02705749718151071 0.043968432919954906
4 0.8720405862457723 0.7302557905819296 0.02818489289740699 0.016910935738444193
6 0.7784667418263811 0.5961416060490046 0.030439684329199544 0.02142051860202931
11 0.7322435174746336 0.6299519046707504 0.02818489289740699 0.043968432919954906
4 0.020856820744081173 0.6553096286370598 0.030439684329199544 0.018038331454340473
6 0.640924464487035 0.5257034839203676 0.030439684329199544 0.015783540022547914
6 0.21307779030439683 0.7697011389739663 0.020293122886133032 0.03494926719278467
6 0.3156708004509583 0.4569558767228178 0.018038331454340473 0.038331454340473504
14 0.6133032694475761 0.5595137825421134 0.015783540022547914 0.006764374295377679
6 0.4470124013528748 0.7691376339969371 0.019165727170236752 0.03156708004509583
4 0.947576099210823 0.6355869544410414 0.02593010146561443 0.016910935738444193
12 0.5253664036076663 0.6840483824655437 0.029312288613303268 0.043968432919954906
6 0.7412626832018039 0.3932798143185299 0.016910935738444193 0.03269447576099211
11 0.4430665163472379 0.21746626148545176 0.029312288613303268 0.043968432919954906
8 0.020293122886133032 0.5426086332312404 0.029312288613303268 0.029312288613303268
11 0.8207440811724915 0.5950145960949464 0.02705749718151071 0.043968432919954906
6 0.8314543404735062 0.41356599349157736 0.019165727170236752 0.03269447576099211
12 0.5450958286358512 0.5268304938744258 0.02818489289740699 0.04284103720405862
11 0.3258173618940248 0.42089155819295565 0.029312288613303268 0.038331454340473504
7 0.899661781285231 0.7426529000765696 0.029312288613303268 0.030439684329199544
11 0.29988726042841035 0.739271870214395 0.029312288613303268 0.04622322435174746
6 0.673055242390079 0.37862868491577334 0.018038331454340473 0.03269447576099211
11 0.8201803833145436 0.34819941615620215 0.02818489289740699 0.043968432919954906
11 0.7316798196166855 0.31326210758039813 0.029312288613303268 0.043968432919954906
6 0.5349492671927847 0.4614639165390505 0.016910935738444193 0.029312288613303268
6 0.6076662908680946 0.4225820731240429 0.03156708004509583 0.016910935738444193
6 0.6719278466741826 0.5645853273353751 0.018038331454340473 0.03269447576099211
11 0.6634723788049606 0.2856503637059724 0.02818489289740699 0.04509582863585118
11 0.3060879368658399 0.2738167591883614 0.02818489289740699 0.04622322435174746
6 0.40698985343855687 0.36059652565084227 0.03156708004509583 0.019165727170236752
6 0.5794813979706878 0.31269860260336907 0.03156708004509583 0.018038331454340473
6 0.21307779030439683 0.18590998277182236 0.018038331454340473 0.030439684329199544
6 0.5868094701240135 0.6423490141653905 0.03269447576099211 0.019165727170236752
11 0.45659526493799324 0.7167316711332312 0.02705749718151071 0.04622322435174746
11 0.22266065388951523 0.2394429555895865 0.02593010146561443 0.04284103720405862
6 0.830890642615558 0.5166874042879019 0.018038331454340473 0.033821871476888386
