10 0.9096989966555183 0.4114314742152466 0.013377926421404684 0.01226309921962096
12 0.6683389074693422 0.4559942544843049 0.032329988851727984 0.05239687848383501
14 0.6003344481605352 0.7267131446188342 0.023411371237458196 0.03455964325529544
14 0.7731326644370122 0.4114314742152466 0.021181716833890748 0.03455964325529544
21 0.8812709030100334 0.5473479540358743 0.021181716833890748 0.05016722408026756
14 0.20066889632107024 0.4548801849775785 0.020066889632107024 0.03455964325529544
14 0.43701226309921964 0.604722533632287 0.033444816053511704 0.022296544035674472
14 0.7525083612040134 0.5919107343049328 0.03567447045707915 0.023411371237458196
21 0.7307692307692307 0.7261561098654709 0.05016722408026756 0.020066889632107024
12 0.33835005574136007 0.45543721973094176 0.032329988851727984 0.053511705685618735
21 0.3500557413600892 0.5328650504484305 0.020066889632107024 0.05016722408026756
21 0.2497212931995541 0.5629449271300448 0.022296544035674472 0.05016722408026756
21 0.5512820512820513 0.5629449271300448 0.021181716833890748 0.05016722408026756
21 0.5512820512820513 0.3607413116591928 0.021181716833890748 0.04905239687848384
21 0.08472686733556299 0.4543231502242152 0.04682274247491639 0.020066889632107024
21 0.35061315496098105 0.3468154428251121 0.021181716833890748 0.05016722408026756
21 0.3511705685618729 0.6058366031390134 0.020066889632107024 0.04905239687848384
21 0.6794871794871795 0.5907966647982063 0.021181716833890748 0.05016722408026756
21 0.6800445930880713 0.3468154428251121 0.022296544035674472 0.05016722408026756
14 0.47212931995540697 0.4543231502242152 0.021181716833890748 0.03567447045707915
10 0.9091415830546266 0.28331348094170405 0.01226309921962096 0.01226309921962096
10 0.020624303232998884 0.6548556614349776 0.01226309921962096 0.013377926421404684
21 0.1505016722408027 0.5635019618834081 0.022296544035674472 0.04905239687848384
10 0.020624303232998884 0.4543231502242152 0.01226309921962096 0.013377926421404684
4 0.8818283166109253 0.6682244955156951 0.031215161649944263 0.013377926421404684
21 0.25027870680044595 0.3239770179372197 0.021181716833890748 0.05128205128205129
21 0.25027870680044595 0.40753223094170404 0.021181716833890748 0.05128205128205129
