14 0.8544642857142858 0.4330357142857143 0.01607142857142857 0.03214285714285714
14 0.05982142857142857 0.4125 0.01607142857142857 0.033928571428571426
21 0.9071428571428571 0.5625 0.02142857142857143 0.05178571428571428
14 0.40625 0.5830357142857142 0.01607142857142857 0.03571428571428571
14 0.2 0.5633928571428571 0.03214285714285714 0.02142857142857143
10 0.9607142857142857 0.3267857142857143 0.07142857142857142 0.026785714285714284
21 0.09464285714285714 0.5633928571428571 0.02142857142857143 0.05
21 0.09375 0.37142857142857144 0.019642857142857142 0.04821428571428571
10 0.15 0.6696428571428571 0.07142857142857142 0.026785714285714284
21 0.24196428571428572 0.5625 0.019642857142857142 0.04821428571428571
14 0.24375 0.625 0.033928571428571426 0.019642857142857142
14 0.54375 0.6241071428571429 0.033928571428571426 0.02142857142857143
14 0.8205357142857143 0.5517857142857142 0.033928571428571426 0.01607142857142857
10 0.9616071428571429 0.43392857142857144 0.06964285714285715 0.026785714285714284
15 0.6473214285714286 0.4330357142857143 0.09821428571428571 0.09285714285714285
10 0.015178571428571427 0.4125 0.0125 0.0125
21 0.2446428571428571 0.4116071428571429 0.05 0.02142857142857143
10 0.9616071428571429 0.6696428571428571 0.06964285714285715 0.026785714285714284
21 0.2 0.47678571428571426 0.02142857142857143 0.04821428571428571
21 0.54375 0.5616071428571429 0.019642857142857142 0.05
10 0.01607142857142857 0.6696428571428571 0.014285714285714285 0.01607142857142857
21 0.45625 0.5830357142857142 0.04821428571428571 0.02142857142857143
15 0.37142857142857144 0.4348214285714286 0.09642857142857142 0.09285714285714285
21 0.4142857142857143 0.5214285714285715 0.05 0.02321428571428571
21 0.6732142857142858 0.5196428571428571 0.05 0.02321428571428571
21 0.7803571428571429 0.4321428571428571 0.05 0.02321428571428571
