10 0.6434782608695652 0.5238031914893617 0.014492753623188406 0.014492753623188406
0 0.5927536231884057 0.3488198138297872 0.05217391304347826 0.07246376811594203
2 0.31666666666666665 0.523080119680851 0.053623188405797106 0.07101449275362319
0 0.8297101449275364 0.347373670212766 0.050724637681159424 0.07246376811594203
10 0.9144927536231883 0.5122340425531915 0.014492753623188406 0.014492753623188406
0 0.08043478260869565 0.3495428856382979 0.050724637681159424 0.07101449275362319
8 0.45942028985507244 0.6821559175531915 0.043478260869565216 0.04492753623188406
2 0.5934782608695652 0.523080119680851 0.050724637681159424 0.07101449275362319
0 0.31666666666666665 0.3488198138297872 0.050724637681159424 0.06956521739130435
4 0.45942028985507244 0.787001329787234 0.03768115942028986 0.02318840579710145
2 0.07391304347826087 0.6857712765957447 0.06086956521739131 0.06956521739130435
10 0.2594202898550725 0.5238031914893617 0.014492753623188406 0.014492753623188406
2 0.8297101449275364 0.6864943484042554 0.053623188405797106 0.07101449275362319
10 0.45652173913043476 0.2215591755319149 0.034782608695652174 0.0318840579710145
