4 0.5653067791762014 0.647887323943662 0.0482897384305835 0.02414486921529175
6 0.3291976544622426 0.8219315895372233 0.030181086519114685 0.0704225352112676
6 0.28398526887871856 0.1841046277665996 0.03219315895372234 0.0704225352112676
13 0.4176129862700229 0.3008048289738431 0.04225352112676056 0.04627766599597585
6 0.2076265732265446 0.5975855130784709 0.07645875251509054 0.03219315895372234
10 0.28298054919908466 0.047283702213279676 0.014084507042253521 0.014084507042253521
13 0.41861770594965675 0.40744466800804824 0.04024144869215292 0.04627766599597585
15 0.6939108981693364 0.5362173038229376 0.1448692152917505 0.13883299798792756
10 0.9109303489702517 0.53420523138833 0.01609657947686117 0.014084507042253521
6 0.3372354118993135 0.493963782696177 0.0704225352112676 0.030181086519114685
13 0.4065610697940503 0.7072434607645876 0.04024144869215292 0.05030181086519114
13 0.40555635011441654 0.6006036217303823 0.04225352112676056 0.05030181086519114
6 0.2849899885583524 0.8219315895372233 0.030181086519114685 0.0704225352112676
6 0.20963601258581238 0.7052313883299799 0.07645875251509054 0.03420523138832998
10 0.08806493135011442 0.4929577464788732 0.014084507042253521 0.01609657947686117
6 0.20963601258581238 0.30181086519114686 0.07645875251509054 0.03219315895372234
6 0.3291976544622426 0.1841046277665996 0.030181086519114685 0.0704225352112676
6 0.20863129290617852 0.4064386317907445 0.07847082494969819 0.03219315895372234
6 0.6848684210526316 0.40945674044265595 0.08249496981891348 0.03420523138832998
10 0.2849899885583524 0.959758551307847 0.018108651911468814 0.01609657947686117
