4 0.5026086956521739 0.6953125 0.059130434782608696 0.034782608695652174
6 0.46173913043478254 0.5755208333333334 0.04695652173913043 0.09391304347826088
8 0.7104347826086956 0.5746527777777778 0.09565217391304348 0.09565217391304348
8 0.2965217391304348 0.5746527777777778 0.09565217391304348 0.09565217391304348
10 0.8452173913043477 0.4930555555555555 0.02434782608695652 0.02608695652173913
8 0.7104347826086956 0.4097222222222222 0.09217391304347826 0.12347826086956522
10 0.1617391304347826 0.4930555555555555 0.02434782608695652 0.02608695652173913
6 0.5452173913043479 0.5755208333333334 0.05043478260869565 0.09391304347826088
6 0.5443478260869565 0.4088541666666667 0.04869565217391304 0.09391304347826088
6 0.46173913043478254 0.4097222222222222 0.05043478260869565 0.09217391304347826
10 0.5017391304347826 0.2960069444444445 0.022608695652173914 0.02434782608695652
8 0.2956521739130435 0.4105902777777778 0.09391304347826086 0.12173913043478261
