6 0.8288863109048725 0.4229082661290322 0.012761020881670531 0.033642691415313224
6 0.7354988399071926 0.38639112903225803 0.037122969837587005 0.01392111368909513
6 0.7981438515081206 0.3858114919354839 0.03944315545243619 0.012761020881670531
10 0.28132250580046403 0.7463457661290323 0.015081206496519723 0.015081206496519723
10 0.8689095127610209 0.715625 0.02088167053364269 0.018561484918793503
10 0.3561484918793503 0.7469254032258064 0.016241299303944315 0.02088167053364269
10 0.8689095127610209 0.38523185483870964 0.018561484918793503 0.016241299303944315
10 0.8735498839907192 0.2148185483870968 0.016241299303944315 0.01392111368909513
4 0.09164733178654293 0.3620463709677419 0.02320185614849188 0.025522041763341063
4 0.830046403712297 0.5550655241935484 0.022041763341067284 0.024361948955916472
6 0.642691415313225 0.6269405241935484 0.013921113689095127 0.033642691415313224
11 0.24361948955916474 0.3916078629032258 0.03248259860788863 0.04756380510440835
11 0.3051044083526682 0.38870967741935486 0.03248259860788863 0.04640371229698376
11 0.4060324825986079 0.3904485887096774 0.03248259860788863 0.04756380510440835
11 0.505800464037123 0.3904485887096774 0.03248259860788863 0.04756380510440835
11 0.5771461716937355 0.2727822580645161 0.031322505800464036 0.04640371229698376
11 0.6902552204176334 0.2739415322580645 0.03248259860788863 0.04640371229698376
11 0.8190255220417633 0.4768145161290322 0.03248259860788863 0.04640371229698376
11 0.4425754060324826 0.5255040322580646 0.031322505800464036 0.04640371229698376
12 0.7540603248259861 0.31567540322580645 0.03480278422273782 0.051044083526682126
12 0.816705336426914 0.3510332661290323 0.03480278422273782 0.04988399071925754
12 0.7494199535962877 0.5249243951612903 0.03480278422273782 0.04988399071925754
12 0.6925754060324826 0.5255040322580646 0.03480278422273782 0.051044083526682126
12 0.5904872389791184 0.5081149193548387 0.03480278422273782 0.051044083526682126
14 0.3503480278422274 0.3614667338709677 0.018561484918793503 0.02668213457076566
14 0.6519721577726219 0.4768145161290322 0.016241299303944315 0.02784222737819026
11 0.10440835266821344 0.2739415322580645 0.03248259860788863 0.04640371229698376
11 0.24245939675174016 0.2739415322580645 0.03248259860788863 0.04640371229698376
11 0.3433874709976798 0.2745211693548387 0.03248259860788863 0.04756380510440835
11 0.46635730858468677 0.26930443548387095 0.03248259860788863 0.04640371229698376
11 0.17633410672853828 0.3295866935483871 0.03248259860788863 0.04640371229698376
10 0.06380510440835267 0.4530493951612904 0.013921113689095127 0.015081206496519723
10 0.06380510440835267 0.3939264112903226 0.016241299303944315 0.015081206496519723
13 0.7053364269141531 0.3463961693548387 0.025522041763341063 0.022041763341067284
13 0.7360788863109049 0.4356602822580645 0.024361948955916472 0.01740139211136891
13 0.31960556844547566 0.6037550403225806 0.019721577726218097 0.024361948955916472
6 0.31786542923433875 0.3330645161290323 0.013921113689095127 0.03480278422273782
6 0.39269141531322505 0.3313256048387097 0.012761020881670531 0.033642691415313224
6 0.31960556844547566 0.6704133064516129 0.012761020881670531 0.03480278422273782
6 0.39443155452436196 0.6721522177419355 0.013921113689095127 0.033642691415313224
