10 0.08875739644970414 0.39070273631840796 0.011834319526627219 0.011834319526627219
6 0.8857988165680475 0.4409203980099502 0.020118343195266272 0.04378698224852071
12 0.3248520710059172 0.6364738805970149 0.04615384615384615 0.07100591715976332
14 0.7976331360946746 0.5289490049751244 0.03550295857988166 0.016568047337278104
12 0.1591715976331361 0.4432835820895522 0.04615384615384615 0.06982248520710059
10 0.08698224852071006 0.16265547263681593 0.008284023668639052 0.009467455621301775
12 0.2378698224852071 0.44387437810945274 0.047337278106508875 0.06863905325443788
16 0.7284023668639054 0.39661069651741293 0.07218934911242604 0.0757396449704142
12 0.44733727810650886 0.6388370646766168 0.04260355029585799 0.06863905325443788
11 0.4449704142011834 0.34580223880597016 0.04260355029585799 0.06863905325443788
6 0.6106508875739645 0.7292288557213931 0.04497041420118343 0.020118343195266272
16 0.727810650887574 0.5809390547263681 0.07337278106508874 0.0757396449704142
8 0.30650887573964497 0.21759950248756219 0.0378698224852071 0.05562130177514794
14 0.8124260355029586 0.4361940298507463 0.03905325443786982 0.01775147928994083
15 0.6124260355029586 0.5070895522388059 0.07218934911242604 0.07455621301775148
6 0.7088757396449704 0.7103233830845771 0.047337278106508875 0.020118343195266272
8 0.5100591715976331 0.3138992537313433 0.0378698224852071 0.054437869822485205
11 0.3242603550295858 0.34639303482587064 0.04497041420118343 0.06982248520710059
8 0.1970414201183432 0.5360385572139303 0.03905325443786982 0.0591715976331361
6 0.8869822485207101 0.5336753731343282 0.020118343195266272 0.04497041420118343
10 0.08757396449704143 0.44210199004975126 0.011834319526627219 0.01301775147928994
8 0.4621301775147929 0.21759950248756219 0.03668639053254437 0.05562130177514794
10 0.08757396449704143 0.7091417910447761 0.009467455621301775 0.008284023668639052
13 0.5094674556213018 0.19574004975124376 0.03195266272189349 0.03076923076923077
10 0.663905325443787 0.7788557213930348 0.009467455621301775 0.010650887573964497
13 0.5118343195266272 0.2394589552238806 0.03195266272189349 0.03076923076923077
10 0.7715976331360946 0.6807835820895523 0.009467455621301775 0.010650887573964497
10 0.9112426035502958 0.3972014925373134 0.009467455621301775 0.010650887573964497
10 0.5621301775147929 0.7587686567164179 0.009467455621301775 0.010650887573964497
10 0.9124260355029585 0.5815298507462686 0.009467455621301775 0.010650887573964497
