14 0.718677494199536 0.5195178315839695 0.022041763341067284 0.06844547563805105
6 0.8938515081206496 0.576355260019084 0.033642691415313224 0.07076566125290022
14 0.2262180974477958 0.6053539479961831 0.02088167053364269 0.06612529002320186
6 0.37180974477958234 0.5479365458015267 0.033642691415313224 0.06960556844547564
8 0.8642691415313225 0.37220449666030536 0.06264501160092807 0.06148491879350347
7 0.08178654292343387 0.6645112714694656 0.06380510440835267 0.06380510440835266
4 0.5162412993039444 0.6958298544847328 0.051044083526682126 0.031322505800464036
14 0.5446635730858469 0.3710445491412214 0.06612529002320186 0.02668213457076566
4 0.08062645011600927 0.7555671517175573 0.05220417633410672 0.030162412993039445
19 0.6902552204176334 0.36930462786259544 0.03944315545243619 0.08584686774941995
4 0.8642691415313225 0.46442032442748094 0.051044083526682126 0.030162412993039445
4 0.8932714617169374 0.6668311665076335 0.051044083526682126 0.031322505800464036
12 0.4947795823665893 0.6024540791984733 0.0568445475638051 0.10208816705336425
