13 0.15 0.4122252541866029 0.028000000000000004 0.022
6 0.6 0.3362309360047847 0.028000000000000004 0.05
17 0.493 0.7202022278708133 0.03 0.041999999999999996
6 0.22400000000000003 0.45222226375598085 0.024 0.05
13 0.075 0.4122252541866029 0.03 0.022
6 0.414 0.7122028259569377 0.024 0.05
6 0.22400000000000003 0.2642363187799043 0.024 0.05
6 0.326 0.7931967703349282 0.052000000000000005 0.024
6 0.414 0.5072181519138756 0.024 0.052000000000000005
10 0.039 0.11424753289473684 0.026000000000000002 0.022
12 0.244 0.6462077601674642 0.076 0.074
10 0.9549999999999998 0.439223235645933 0.041999999999999996 0.028000000000000004
6 0.15 0.30223347787081345 0.024 0.05
2 0.842 0.34723011363636364 0.08 0.076
6 0.075 0.3202321321770335 0.022 0.05
10 0.9549999999999998 0.5522147876794259 0.046 0.03
6 0.7 0.34723011363636364 0.052000000000000005 0.024
4 0.05700000000000001 0.8631915370813399 0.038 0.02
11 0.392 0.3442303379186603 0.076 0.082
