6 0.5044444444444445 0.3002155172413793 0.03111111111111111 0.07111111111111111
6 0.2322222222222222 0.6054418103448276 0.03333333333333334 0.07333333333333333
6 0.6766666666666666 0.2380603448275862 0.07333333333333333 0.035555555555555556
4 0.5044444444444445 0.6742564655172414 0.026666666666666665 0.015555555555555555
10 0.04555555555555556 0.4167564655172414 0.011111111111111112 0.011111111111111112
6 0.09444444444444444 0.5022198275862069 0.03777777777777778 0.08
6 0.2311111111111111 0.49889008620689657 0.035555555555555556 0.08222222222222222
6 0.9022222222222223 0.6043318965517241 0.035555555555555556 0.07555555555555556
14 0.5988888888888889 0.5055495689655173 0.04666666666666667 0.024444444444444446
4 0.7533333333333333 0.6742564655172414 0.026666666666666665 0.015555555555555555
14 0.8488888888888889 0.5022198275862069 0.026666666666666665 0.04888888888888889
6 0.5044444444444445 0.5011099137931034 0.035555555555555556 0.07777777777777778
6 0.30444444444444446 0.4145366379310345 0.07555555555555556 0.03777777777777778
4 0.6 0.6742564655172414 0.026666666666666665 0.015555555555555555
14 0.1622222222222222 0.41564655172413795 0.022222222222222223 0.04888888888888889
4 0.23000000000000004 0.673146551724138 0.02888888888888889 0.017777777777777778
14 0.39 0.5011099137931034 0.04666666666666667 0.02
4 0.09444444444444444 0.6742564655172414 0.02888888888888889 0.015555555555555555
4 0.9011111111111111 0.6742564655172414 0.02888888888888889 0.015555555555555555
8 0.4677777777777778 0.41009698275862067 0.06444444444444444 0.06444444444444444
4 0.39 0.6742564655172414 0.02888888888888889 0.015555555555555555
6 0.7533333333333333 0.5011099137931034 0.035555555555555556 0.07777777777777778
10 0.7666666666666667 0.2380603448275862 0.013333333333333332 0.013333333333333332
10 0.9355555555555556 0.5022198275862069 0.013333333333333332 0.013333333333333332
