6 0.5408333333333334 0.35760995370370374 0.04166666666666667 0.07833333333333334
6 0.8183333333333334 0.49750192901234563 0.04 0.07833333333333334
11 0.5683333333333334 0.617409336419753 0.07 0.11166666666666666
14 0.8191666666666666 0.7389821244855967 0.04166666666666667 0.034999999999999996
6 0.6283333333333333 0.42922132201646085 0.08333333333333334 0.04166666666666667
10 0.12666666666666668 0.42755594135802466 0.04666666666666667 0.03833333333333333
6 0.05750000000000001 0.28849665637860084 0.04166666666666667 0.08333333333333334
6 0.5416666666666666 0.7406475051440329 0.043333333333333335 0.08166666666666667
6 0.8883333333333333 0.49750192901234563 0.04 0.07833333333333334
12 0.5683333333333334 0.617409336419753 0.07 0.11166666666666666
6 0.6808333333333333 0.7406475051440329 0.04166666666666667 0.08166666666666667
14 0.05583333333333333 0.5666152263374485 0.04166666666666667 0.03666666666666667
12 0.7241666666666666 0.5682806069958848 0.06833333333333333 0.11000000000000001
6 0.5408333333333334 0.25269097222222225 0.04166666666666667 0.07833333333333334
10 0.975 0.4283886316872428 0.04666666666666667 0.04
10 0.4083333333333333 0.810593492798354 0.02 0.021666666666666667
10 0.9566666666666667 0.8055973508230452 0.02 0.021666666666666667
10 0.10333333333333332 0.8122588734567902 0.02 0.021666666666666667
14 0.44000000000000006 0.46086355452674893 0.043333333333333335 0.03833333333333333
10 0.5408333333333334 0.1427758487654321 0.04833333333333333 0.04166666666666667
10 0.054166666666666675 0.14610661008230452 0.04833333333333333 0.04166666666666667
10 0.011666666666666667 0.8089281121399177 0.02 0.021666666666666667
