6 0.3572621035058431 0.6183333333333333 0.0333889816360601 0.07846410684474123
6 0.7095158597662772 0.3091666666666667 0.0333889816360601 0.07679465776293823
12 0.41318864774624375 0.46333333333333326 0.07178631051752922 0.07178631051752922
18 0.05926544240400668 0.28833333333333333 0.035058430717863104 0.018363939899833055
4 0.06010016694490818 0.37333333333333335 0.03672787979966611 0.025041736227045076
6 0.4332220367278798 0.6183333333333333 0.03171953255425709 0.07846410684474123
14 0.5467445742904842 0.475 0.018363939899833055 0.038397328881469114
6 0.333889816360601 0.29833333333333334 0.0333889816360601 0.07846410684474123
14 0.27128547579298834 0.46333333333333326 0.018363939899833055 0.038397328881469114
10 0.9507512520868113 0.3975 0.025041736227045076 0.026711185308848077
12 0.6878130217028381 0.47416666666666674 0.07011686143572621 0.07011686143572621
6 0.6101836393989983 0.3091666666666667 0.03171953255425709 0.08013355592654423
4 0.5767946577629383 0.77 0.035058430717863104 0.028380634390651083
14 0.7879799666110183 0.3983333333333333 0.020033388981636056 0.038397328881469114
10 0.14941569282136896 0.4658333333333333 0.028380634390651083 0.026711185308848077
17 0.19198664440734559 0.22166666666666668 0.12020033388981635 0.07512520868113523
10 0.14774624373956594 0.7075 0.028380634390651083 0.026711185308848077
10 0.9524207011686144 0.7075 0.028380634390651083 0.026711185308848077
