19 0.5466998754669987 0.4284608644859813 0.017434620174346202 0.0572851805728518
4 0.491282689912827 0.8091734813084113 0.033623910336239106 0.0224159402241594
14 0.541095890410959 0.5597196261682242 0.033623910336239106 0.0186799501867995
14 0.12515566625155666 0.5534988317757008 0.0186799501867995 0.033623910336239106
14 0.21793275217932756 0.6716939252336449 0.034869240348692404 0.0186799501867995
7 0.043586550435865505 0.6524094626168224 0.052303860523038606 0.052303860523038606
14 0.6102117061021171 0.5031103971962617 0.017434620174346202 0.034869240348692404
6 0.39227895392278955 0.6530315420560748 0.024906600249066 0.0510585305105853
6 0.043586550435865505 0.440902453271028 0.024906600249066 0.049813200498132
12 0.38293897882938976 0.5528767523364486 0.0286425902864259 0.049813200498132
6 0.7397260273972602 0.21695385514018692 0.049813200498132 0.024906600249066
14 0.3929016189290162 0.43530373831775704 0.033623910336239106 0.0186799501867995
4 0.8032378580323785 0.26298773364485983 0.0323785803237858 0.0224159402241594
14 0.8275217932752179 0.5479001168224299 0.033623910336239106 0.017434620174346202
6 0.21793275217932756 0.440902453271028 0.024906600249066 0.049813200498132
14 0.9520547945205479 0.5479001168224299 0.0510585305105853 0.017434620174346202
