0 0.23466092572658775 0.28146121742671004 0.05382131324004306 0.06566200215285253
2 0.07158234660925726 0.7190757328990228 0.0527448869752422 0.0667384284176534
2 0.8030139935414425 0.7201496335504887 0.05166846071044133 0.06458557588805167
0 0.8035522066738429 0.28199816775244296 0.05059203444564048 0.06458557588805167
0 0.8030139935414425 0.39959028908794786 0.05166846071044133 0.06350914962325081
2 0.23304628632938643 0.48281758957654725 0.0527448869752422 0.0667384284176534
9 0.5548977395048439 0.27985036644951145 0.020452099031216364 0.015069967707212056
9 0.6894510226049516 0.2793134161237785 0.020452099031216364 0.013993541442411194
9 0.689989235737352 0.7158540309446254 0.019375672766415504 0.015069967707212056
9 0.5548977395048439 0.7158540309446254 0.020452099031216364 0.015069967707212056
2 0.5339074273412271 0.6175921213355049 0.05166846071044133 0.06566200215285253
10 0.4709364908503767 0.48442844055374595 0.01829924650161464 0.020452099031216364
4 0.8918191603875133 0.5928924063517915 0.04628632938643703 0.02475780409041981
0 0.07104413347685684 0.28199816775244296 0.05166846071044133 0.0667384284176534
2 0.40796555435952636 0.48389149022801303 0.05166846071044133 0.0667384284176534
10 0.2368137782561895 0.6181290716612378 0.019375672766415504 0.019375672766415504
0 0.6684607104413348 0.4001272394136808 0.05166846071044133 0.0667384284176534
0 0.5764262648008611 0.39905333876221494 0.0527448869752422 0.06458557588805167
9 0.3202368137782562 0.7158540309446254 0.020452099031216364 0.015069967707212056
10 0.17115177610333693 0.48442844055374595 0.019375672766415504 0.020452099031216364
2 0.802475780409042 0.600946661237785 0.05059203444564048 0.06458557588805167
10 0.9224973089343379 0.48442844055374595 0.019375672766415504 0.020452099031216364
2 0.2981700753498385 0.6192029723127035 0.05166846071044133 0.06458557588805167
14 0.8918191603875133 0.5306061685667752 0.054897739504843925 0.029063509149623253
5 0.38697524219590956 0.2170271783387622 0.03336921420882669 0.009687836383207752
2 0.7115177610333692 0.6020205618892508 0.05166846071044133 0.06458557588805167
0 0.407427341227126 0.28146121742671004 0.0527448869752422 0.06566200215285253
5 0.5543595263724435 0.21541632736156352 0.03444564047362755 0.015069967707212056
5 0.6910656620021528 0.2175641286644951 0.03444564047362755 0.015069967707212056
5 0.2529601722282024 0.21810107899022801 0.03444564047362755 0.016146393972012917
