6 0.6997578692493946 0.19685997596153845 0.07263922518159806 0.043583535108958835
4 0.5569007263922519 0.7749699519230769 0.048426150121065374 0.029055690072639223
15 0.6961259079903148 0.4399564302884615 0.21065375302663436 0.26876513317191286
4 0.14527845036319612 0.4508413461538462 0.048426150121065374 0.029055690072639223
6 0.5569007263922519 0.6358849158653846 0.0387409200968523 0.07506053268765132
14 0.25302663438256656 0.6237905649038462 0.07021791767554479 0.031476997578692496
4 0.25181598062953997 0.7580378605769231 0.048426150121065374 0.03389830508474576
6 0.42130750605326883 0.5028470552884615 0.07263922518159806 0.04116222760290557
10 0.6949152542372882 0.5669471153846154 0.029055690072639223 0.029055690072639223
4 0.8849878934624698 0.7592472956730769 0.05084745762711864 0.031476997578692496
6 0.3619854721549637 0.37948467548076925 0.07021791767554479 0.04116222760290557
10 0.8849878934624698 0.6600736177884616 0.031476997578692496 0.031476997578692496
10 0.6961259079903148 0.3190129206730769 0.031476997578692496 0.031476997578692496
10 0.8837772397094431 0.5209885817307692 0.03389830508474576 0.03389830508474576
