10 0.3285198555956679 0.4343722393992932 0.021660649819494584 0.021660649819494584
9 0.7208182912154031 0.5274389907243815 0.021660649819494584 0.015643802647412754
2 0.634777376654633 0.7171750772968197 0.05174488567990373 0.07099879663056559
2 0.28038507821901326 0.71777550795053 0.055354993983152835 0.06979542719614923
0 0.1022864019253911 0.29207017446996464 0.055354993983152835 0.06859205776173286
10 0.6486161251504212 0.4343722393992932 0.021660649819494584 0.021660649819494584
0 0.28038507821901326 0.29207017446996464 0.055354993983152835 0.07099879663056559
2 0.5830324909747292 0.43377180874558297 0.05415162454873647 0.06859205776173286
2 0.4789410348977136 0.6829505300353358 0.055354993983152835 0.06979542719614923
9 0.45487364620938636 0.5556592314487633 0.024067388688327317 0.016847172081829124
2 0.8760529482551144 0.7183759386042403 0.05776173285198556 0.07340553549939832
2 0.8128760529482552 0.7183759386042403 0.05174488567990373 0.07340553549939832
9 0.45487364620938636 0.5280394213780919 0.024067388688327317 0.016847172081829124
2 0.1648616125150421 0.71777550795053 0.052948255114320095 0.07220216606498195
2 0.3423586040914561 0.7171750772968197 0.05174488567990373 0.07099879663056559
2 0.697352587244284 0.7183759386042403 0.05415162454873647 0.07099879663056559
0 0.697352587244284 0.2914697438162544 0.05415162454873647 0.06979542719614923
2 0.3941034897713598 0.4343722393992932 0.05415162454873647 0.06979542719614923
2 0.10048134777376654 0.71777550795053 0.05655836341756919 0.07220216606498195
0 0.3953068592057762 0.2914697438162544 0.05655836341756919 0.06979542719614923
5 0.8977135980746089 0.22121935733215548 0.024067388688327317 0.010830324909747292
0 0.8760529482551144 0.2914697438162544 0.055354993983152835 0.06979542719614923
0 0.5812274368231047 0.2914697438162544 0.055354993983152835 0.06979542719614923
5 0.5577617328519856 0.22302064929328624 0.02527075812274368 0.012033694344163659
5 0.4157641395908544 0.2218197879858657 0.02527075812274368 0.012033694344163659
5 0.7178098676293622 0.2218197879858657 0.02527075812274368 0.012033694344163659
10 0.9127557160048136 0.7892267557420495 0.022864019253910954 0.022864019253910954
10 0.5445246690734056 0.6823500993816254 0.022864019253910954 0.022864019253910954
10 0.0631768953068592 0.788025894434629 0.022864019253910954 0.022864019253910954
5 0.2581227436823105 0.2218197879858657 0.02527075812274368 0.012033694344163659
5 0.07882069795427196 0.22302064929328624 0.02527075812274368 0.012033694344163659
