13 0.28345498783454987 0.5467233009708738 0.0170316301703163 0.017031630170316305
8 0.22871046228710462 0.36468446601941745 0.026763990267639905 0.029197080291970802
8 0.6447688564476886 0.3658980582524272 0.026763990267639905 0.029197080291970802
8 0.7907542579075426 0.3671116504854369 0.026763990267639905 0.029197080291970802
8 0.718978102189781 0.6013349514563107 0.026763990267639905 0.029197080291970802
8 0.5802919708029197 0.6025485436893204 0.026763990267639905 0.029197080291970802
8 0.3357664233576642 0.6025485436893204 0.026763990267639905 0.029197080291970802
10 0.1721411192214112 0.33737864077669905 0.013381995133819952 0.013381995133819952
10 0.17274939172749393 0.5012135922330098 0.014598540145985403 0.013381995133819952
10 0.17274939172749393 0.5594660194174758 0.014598540145985403 0.015815085158150853
10 0.2962287104622871 0.6231796116504855 0.013381995133819952 0.012165450121654502
10 0.9452554744525548 0.470873786407767 0.012165450121654502 0.013381995133819952
13 0.28284671532846717 0.4617718446601941 0.015815085158150853 0.017031630170316305
13 0.4087591240875913 0.4617718446601941 0.0170316301703163 0.017031630170316305
13 0.2281021897810219 0.5273058252427184 0.015815085158150853 0.017031630170316305
13 0.22871046228710462 0.5467233009708738 0.0170316301703163 0.017031630170316305
13 0.28345498783454987 0.5279126213592233 0.0170316301703163 0.015815085158150853
13 0.49209245742092456 0.4963592233009709 0.015815085158150853 0.015815085158150853
13 0.49391727493917276 0.5266990291262136 0.0170316301703163 0.015815085158150853
13 0.49391727493917276 0.5564320388349515 0.0170316301703163 0.017031630170316305
13 0.7566909975669099 0.4908980582524272 0.0170316301703163 0.017031630170316305
13 0.6167883211678832 0.5964805825242718 0.0170316301703163 0.017031630170316305
6 0.4604622871046229 0.3567961165048544 0.013381995133819952 0.020681265206812655
6 0.33637469586374696 0.3567961165048544 0.013381995133819952 0.020681265206812655
6 0.3351581508515815 0.3974514563106796 0.013381995133819952 0.021897810218978103
6 0.4628953771289538 0.3974514563106796 0.013381995133819952 0.021897810218978103
6 0.8558394160583942 0.3725728155339806 0.013381995133819952 0.020681265206812655
6 0.9008515815085157 0.44538834951456313 0.013381995133819952 0.020681265206812655
6 0.8996350364963505 0.4951456310679612 0.013381995133819952 0.020681265206812655
6 0.8546228710462287 0.6007281553398058 0.013381995133819952 0.020681265206812655
6 0.820559610705596 0.6007281553398058 0.013381995133819952 0.020681265206812655
6 0.19768856447688565 0.5594660194174758 0.023114355231143555 0.010948905109489052
6 0.19951338199513383 0.5012135922330098 0.019464720194647202 0.010948905109489052
6 0.5413625304136253 0.5115291262135923 0.012165450121654502 0.019464720194647202
14 0.541970802919708 0.4890776699029127 0.020681265206812655 0.010948905109489052
14 0.6447688564476886 0.4751213592233009 0.012165450121654502 0.021897810218978103
14 0.5401459854014599 0.3743932038834951 0.019464720194647202 0.012165450121654502
12 0.6666666666666666 0.5703883495145631 0.019464720194647202 0.03527980535279805
12 0.8503649635036495 0.5703883495145631 0.021897810218978103 0.03527980535279805
12 0.8163017031630171 0.5455097087378641 0.021897810218978103 0.0364963503649635
12 0.8156934306569343 0.5024271844660195 0.020681265206812655 0.032846715328467155
12 0.8941605839416058 0.41140776699029125 0.019464720194647202 0.03527980535279805
12 0.725669099756691 0.433252427184466 0.020681265206812655 0.030413625304136254
12 0.5723844282238443 0.43567961165048547 0.020681265206812655 0.030413625304136254
12 0.4537712895377129 0.5588592233009708 0.0170316301703163 0.0364963503649635
12 0.45559610705596115 0.47815533980582525 0.020681265206812655 0.03527980535279805
12 0.32968369829683697 0.5133495145631068 0.021897810218978103 0.032846715328467155
12 0.3302919708029197 0.48118932038834955 0.020681265206812655 0.03406326034063261
11 0.38017031630170317 0.47876213592233013 0.023114355231143555 0.03406326034063261
11 0.23540145985401456 0.47876213592233013 0.020681265206812655 0.03406326034063261
11 0.893552311435523 0.5212378640776699 0.020681265206812655 0.03406326034063261
11 0.6782238442822385 0.4550970873786408 0.01824817518248175 0.032846715328467155
11 0.6113138686131386 0.4538834951456311 0.020681265206812655 0.032846715328467155
