10 0.09031877213695395 0.49881953983516486 0.02243211334120425 0.023612750885478158
6 0.5690672963400236 0.32411143543956045 0.05430932703659976 0.08028335301062574
6 0.3417945690672963 0.6640839629120878 0.053128689492325853 0.08028335301062574
14 0.2113341204250295 0.5 0.03778040141676505 0.08736717827626919
6 0.34238488783943327 0.37546145260989017 0.05430932703659976 0.08146399055489964
4 0.34297520661157027 0.8305288461538461 0.06493506493506493 0.03778040141676505
10 0.5684769775678866 0.2119677197802198 0.024793388429752067 0.023612750885478158
4 0.5696576151121606 0.8299386160714285 0.06729634002361276 0.03659976387249114
10 0.8400236127508854 0.39729996565934067 0.02243211334120425 0.023612750885478158
6 0.5678866587957497 0.6127339457417582 0.05430932703659976 0.07910271546635182
4 0.7550177095631642 0.8305288461538461 0.06729634002361276 0.03778040141676505
14 0.7538370720188902 0.7496673248626373 0.08146399055489964 0.034238488783943324
14 0.7621015348288076 0.40025111607142866 0.034238488783943324 0.08146399055489964
6 0.5684769775678866 0.7526184752747253 0.05076741440377804 0.07792207792207792
12 0.538961038961039 0.49822930975274726 0.12396694214876033 0.12632821723730814
