9 0.8074245939675174 0.2453377016129032 0.025522041763341063 0.01740139211136891
2 0.7824825986078886 0.6765877016129032 0.05220417633410672 0.06844547563805105
9 0.8056844547563806 0.6023941532258065 0.024361948955916472 0.01740139211136891
2 0.1136890951276102 0.6777469758064516 0.05336426914153132 0.06844547563805105
2 0.2819025522041763 0.6052923387096774 0.05336426914153132 0.06960556844547564
0 0.175754060324826 0.39140625 0.054524361948955914 0.06844547563805105
2 0.7233178654292344 0.6058719758064516 0.05220417633410672 0.07076566125290024
0 0.8915313225058006 0.2482358870967742 0.054524361948955914 0.06960556844547564
9 0.6995359628770301 0.7449848790322581 0.02320185614849188 0.01740139211136891
9 0.19953596287703015 0.316633064516129 0.025522041763341063 0.01624129930394432
0 0.42517401392111365 0.3201108870967742 0.054524361948955914 0.06960556844547564
5 0.44779582366589327 0.17809979838709677 0.030162412993039445 0.015081206496519723
0 0.8915313225058006 0.39140625 0.054524361948955914 0.06844547563805105
9 0.44837587006960555 0.244758064516129 0.024361948955916472 0.01624129930394432
0 0.1131090487238979 0.3201108870967742 0.054524361948955914 0.06728538283062645
0 0.3277262180974478 0.2482358870967742 0.054524361948955914 0.06728538283062645
9 0.6989559164733179 0.244758064516129 0.024361948955916472 0.01624129930394432
0 0.8277262180974478 0.39140625 0.05220417633410672 0.06844547563805105
0 0.6769141531322506 0.3201108870967742 0.054524361948955914 0.06960556844547564
9 0.3056844547563805 0.7455645161290323 0.024361948955916472 0.01624129930394432
2 0.42517401392111365 0.6771673387096774 0.05220417633410672 0.06960556844547564
9 0.3068445475638051 0.6736895161290323 0.024361948955916472 0.01624129930394432
0 0.5783062645011601 0.2499747983870968 0.0568445475638051 0.07076566125290024
9 0.19895591647331787 0.673109879032258 0.024361948955916472 0.01740139211136891
10 0.9576566125290024 0.4997983870967742 0.022041763341067284 0.02320185614849188
10 0.04582366589327146 0.49921875 0.022041763341067284 0.022041763341067284
2 0.1131090487238979 0.6052923387096774 0.054524361948955914 0.06960556844547564
2 0.5783062645011601 0.7490423387096774 0.05220417633410672 0.06960556844547564
0 0.11136890951276102 0.39140625 0.05336426914153132 0.06844547563805105
9 0.44837587006960555 0.7449848790322581 0.024361948955916472 0.01740139211136891
9 0.6989559164733179 0.6736895161290323 0.024361948955916472 0.01624129930394432
2 0.22099767981438517 0.7490423387096774 0.05220417633410672 0.07192575406032482
9 0.19837587006960558 0.6023941532258065 0.025522041763341063 0.01740139211136891
9 0.5568445475638051 0.673109879032258 0.02320185614849188 0.015081206496519723
2 0.8903712296983759 0.6058719758064516 0.054524361948955914 0.07076566125290024
9 0.8062645011600929 0.7444052419354839 0.02320185614849188 0.018561484918793503
2 0.8903712296983759 0.7496219758064516 0.054524361948955914 0.07076566125290024
9 0.5562645011600929 0.3160534274193548 0.024361948955916472 0.01740139211136891
5 0.30452436194895594 0.17752016129032258 0.031322505800464036 0.01624129930394432
5 0.19663573085846867 0.17752016129032258 0.031322505800464036 0.01624129930394432
5 0.5539443155452436 0.17867943548387097 0.031322505800464036 0.01624129930394432
5 0.6954756380510441 0.17983870967741936 0.031322505800464036 0.01624129930394432
5 0.8091647331786543 0.17983870967741936 0.031322505800464036 0.01624129930394432
