10 0.5650969529085873 0.208301183127572 0.0221606648199446 0.0221606648199446
10 0.5664819944598338 0.7543724279835391 0.024930747922437674 0.024930747922437674
12 0.5373961218836565 0.4958526234567901 0.07756232686980609 0.10526315789473684
6 0.8919667590027702 0.5027649176954732 0.038781163434903045 0.09141274238227146
7 0.110803324099723 0.6064493312757202 0.09418282548476455 0.0997229916897507
6 0.3975069252077562 0.30369084362139914 0.036011080332409975 0.08587257617728532
6 0.5664819944598338 0.2898662551440329 0.036011080332409975 0.08587257617728532
4 0.10803324099722991 0.7294881687242798 0.07202216066481995 0.04155124653739612
4 0.7354570637119113 0.6493055555555556 0.074792243767313 0.04155124653739612
6 0.5664819944598338 0.6824845679012346 0.036011080332409975 0.08587257617728532
6 0.20914127423822712 0.4958526234567901 0.08587257617728532 0.038781163434903045
14 0.6509695290858726 0.5857124485596708 0.0332409972299169 0.07479224376731301
6 0.3975069252077562 0.6645126028806585 0.04155124653739612 0.0886426592797784
4 0.889196675900277 0.61059670781893 0.07202216066481995 0.04155124653739612
14 0.32132963988919666 0.4972350823045268 0.038781163434903045 0.08033240997229917
14 0.7077562326869806 0.3852559156378601 0.04155124653739612 0.07756232686980609
