4 0.650375939849624 0.7266473642172524 0.046992481203007516 0.021616541353383457
6 0.650375939849624 0.3123003194888179 0.045112781954887216 0.09586466165413533
14 0.40366541353383456 0.44322084664536743 0.02913533834586466 0.047932330827067667
6 0.16024436090225563 0.44322084664536743 0.09492481203007518 0.047932330827067667
14 0.7514097744360902 0.30338458466453677 0.047932330827067667 0.02913533834586466
4 0.06860902255639098 0.7266473642172524 0.045112781954887216 0.021616541353383457
14 0.7250939849624061 0.5061002396166134 0.02725563909774436 0.047932330827067667
6 0.49953007518796994 0.3207468051118211 0.046052631578947366 0.09586466165413533
6 0.6508458646616542 0.5924420926517572 0.046052631578947366 0.09680451127819548
6 0.49859022556390975 0.5727336261980831 0.046052631578947366 0.09680451127819548
7 0.0681390977443609 0.5816493610223642 0.06484962406015037 0.06390977443609022
6 0.8280075187969926 0.5886880990415335 0.045112781954887216 0.09304511278195489
12 0.6132518796992481 0.4413438498402556 0.11372180451127818 0.1080827067669173
