10 0.5824949698189135 0.21634064885496188 0.026156941649899394 0.022132796780684104
6 0.3672032193158954 0.7202886450381679 0.05432595573440644 0.08048289738430583
6 0.5835010060362174 0.7192827608142494 0.056338028169014086 0.08249496981891348
10 0.8480885311871227 0.45171755725190843 0.022132796780684104 0.022132796780684104
14 0.2575452716297787 0.5281647582697201 0.03621730382293763 0.08249496981891348
4 0.5824949698189135 0.8591006679389313 0.06237424547283702 0.03621730382293763
10 0.14587525150905434 0.5271588740458015 0.022132796780684104 0.02012072434607646
4 0.3682092555331992 0.8580947837150127 0.06036217303822937 0.03420523138832998
4 0.7706237424547284 0.8580947837150127 0.06438631790744467 0.03822937625754527
6 0.5824949698189135 0.3652115139949109 0.05432595573440644 0.08249496981891348
14 0.7706237424547284 0.7162651081424937 0.08048289738430583 0.03621730382293763
14 0.7595573440643864 0.45372932569974556 0.03420523138832998 0.08249496981891348
6 0.3672032193158954 0.41651160941475834 0.05432595573440644 0.08450704225352113
