14 0.6976744186046512 0.6141399416909621 0.06765327695560254 0.03594080338266385
4 0.3276955602536998 0.8001457725947521 0.08456659619450317 0.04439746300211416
6 0.8784355179704016 0.5930029154518951 0.040169133192389 0.09513742071881606
4 0.8752642706131079 0.7842930029154519 0.08456659619450317 0.042283298097251586
4 0.6997885835095138 0.7874635568513119 0.08456659619450317 0.04439746300211416
6 0.3298097251585624 0.5782069970845481 0.042283298097251586 0.09513742071881606
10 0.5221987315010571 0.19139941690962098 0.021141649048625793 0.023255813953488372
4 0.07822410147991543 0.8033163265306122 0.08879492600422832 0.046511627906976744
14 0.21987315010570824 0.45666909620991253 0.03382663847780127 0.06765327695560254
6 0.5243128964059197 0.2537536443148688 0.03805496828752643 0.08879492600422832
14 0.7135306553911205 0.3319606413994169 0.03171247357293869 0.06342494714587738
7 0.080338266384778 0.5465014577259476 0.08456659619450317 0.08668076109936576
4 0.5221987315010571 0.7938046647230321 0.08456659619450317 0.040169133192389
6 0.5243128964059197 0.6151967930029155 0.042283298097251586 0.09302325581395349
7 0.5116279069767442 0.42707725947521863 0.13107822410147993 0.13530655391120508
