0 0.45788849347568206 0.33926809210526315 0.05931198102016607 0.06998813760379596
2 0.45729537366548045 0.6733872441520468 0.05812574139976275 0.07236061684460261
2 0.7811387900355872 0.5993360136452242 0.05575326215895611 0.0711743772241993
15 0.17200474495848161 0.4500487329434698 0.12336892052194544 0.1209964412811388
10 0.07354685646500593 0.47848440545808957 0.021352313167259787 0.021352313167259787
0 0.5972716488730724 0.3398605019493178 0.05812574139976275 0.0711743772241993
2 0.4098457888493476 0.5057352582846004 0.05575326215895611 0.06880189798339265
2 0.5960854092526691 0.6733872441520468 0.05575326215895611 0.07236061684460261
10 0.9139976275207593 0.5252847831384015 0.022538552787663108 0.022538552787663108
9 0.26868327402135234 0.4476790935672515 0.027283511269276396 0.0166073546856465
9 0.6215895610913404 0.4470866837231968 0.02609727164887307 0.01542111506524318
4 0.8795966785290629 0.6876050804093568 0.051008303677342826 0.029655990510083035
18 0.267497034400949 0.34815423976608184 0.05812574139976275 0.0498220640569395
14 0.8795966785290629 0.6005208333333333 0.06287069988137604 0.033214709371293
10 0.07354685646500593 0.4239826998050682 0.021352313167259787 0.021352313167259787
0 0.7805456702253856 0.4506411427875244 0.05693950177935943 0.06998813760379596
9 0.4353499406880189 0.4476790935672515 0.02609727164887307 0.0166073546856465
5 0.4347568208778173 0.26877132066276804 0.03202846975088968 0.0166073546856465
5 0.6186239620403321 0.26995614035087717 0.03202846975088968 0.0166073546856465
5 0.26986951364175565 0.26758650097465886 0.03202846975088968 0.0166073546856465
