12 0.3274336283185841 0.40607734806629836 0.053097345132743355 0.07300884955752213
6 0.3495575221238938 0.26464088397790053 0.026548672566371678 0.059734513274336286
14 0.7588495575221239 0.5917127071823204 0.061946902654867256 0.033185840707964605
4 0.42477876106194684 0.8602209944751381 0.061946902654867256 0.026548672566371678
9 0.42920353982300885 0.561878453038674 0.026548672566371678 0.017699115044247787
6 0.5088495575221239 0.26464088397790053 0.026548672566371678 0.059734513274336286
10 0.9446902654867257 0.35082872928176795 0.017699115044247787 0.01991150442477876
4 0.5055309734513275 0.1839779005524862 0.059734513274336286 0.026548672566371678
6 0.8517699115044248 0.5928176795580111 0.030973451327433628 0.061946902654867256
18 0.4823008849557522 0.13756906077348066 0.022123893805309734 0.05752212389380531
4 0.16150442477876106 0.6756906077348066 0.05752212389380531 0.024336283185840708
6 0.8506637168141593 0.2889502762430939 0.033185840707964605 0.06415929203539823
4 0.1084070796460177 0.7165745856353591 0.061946902654867256 0.026548672566371678
7 0.10730088495575221 0.6436464088397791 0.06415929203539823 0.061946902654867256
4 0.9424778761061947 0.53646408839779 0.05752212389380531 0.028761061946902654
4 0.8495575221238937 0.6900552486187845 0.05752212389380531 0.026548672566371678
12 0.4081858407079646 0.669060773480663 0.05088495575221239 0.06858407079646017
12 0.5276548672566371 0.40607734806629836 0.05088495575221239 0.06858407079646017
12 0.26216814159292035 0.669060773480663 0.05088495575221239 0.06858407079646017
14 0.4269911504424779 0.7939226519337017 0.05752212389380531 0.022123893805309734
12 0.831858407079646 0.47127071823204414 0.053097345132743355 0.07079646017699115
6 0.19690265486725664 0.6016574585635359 0.061946902654867256 0.030973451327433628
4 0.7566371681415929 0.6900552486187845 0.05752212389380531 0.026548672566371678
7 0.10730088495575221 0.48011049723756904 0.06415929203539823 0.061946902654867256
12 0.7323008849557522 0.40718232044198893 0.053097345132743355 0.07079646017699115
