6 0.13495145631067962 0.4612676056338028 0.08737864077669902 0.04660194174757281
6 0.5854368932038835 0.5997359154929578 0.040776699029126215 0.0912621359223301
6 0.5854368932038835 0.3421654929577465 0.04466019417475728 0.0912621359223301
14 0.670873786407767 0.5910211267605634 0.04466019417475728 0.02718446601941747
14 0.3524271844660194 0.4612676056338028 0.02524271844660194 0.04271844660194175
4 0.05145631067961165 0.7236795774647887 0.040776699029126215 0.021359223300970873
14 0.7242718446601941 0.4060739436619718 0.027184466019417475 0.04466019417475728
8 0.5553398058252427 0.4602992957746479 0.09708737864077668 0.09514563106796116
4 0.5844660194174758 0.7236795774647887 0.04271844660194175 0.021359223300970873
6 0.4446601941747573 0.5842429577464788 0.04271844660194175 0.0912621359223301
10 0.7951456310679612 0.3363556338028169 0.009708737864077669 0.009708737864077669
6 0.4466019417475728 0.3518485915492958 0.04271844660194175 0.08737864077669902
6 0.841747572815534 0.5058098591549296 0.040776699029126215 0.09320388349514562
7 0.04951456310679612 0.5910211267605634 0.06407766990291261 0.062135922330097085
