14 0.7427385892116183 0.8031306887135923 0.08713692946058091 0.035269709543568464
10 0.5601659751037344 0.1942695691747573 0.02904564315352697 0.024896265560165977
14 0.7800829875518672 0.41727662317961156 0.03734439834024896 0.0892116182572614
10 0.8734439834024897 0.4141648968446602 0.024896265560165977 0.024896265560165977
10 0.07157676348547717 0.5199635922330097 0.022821576763485476 0.024896265560165977
6 0.5622406639004149 0.7325982251213593 0.05394190871369294 0.08091286307053942
4 0.5612033195020747 0.888184541868932 0.06431535269709543 0.043568464730290454
12 0.5363070539419087 0.5210008343446602 0.12240663900414936 0.11825726141078838
4 0.7448132780082988 0.8892217839805825 0.06639004149377593 0.04149377593360996
6 0.3278008298755187 0.39030832827669903 0.05809128630705394 0.08506224066390042
14 0.19294605809128632 0.5210008343446602 0.03734439834024896 0.0892116182572614
4 0.3278008298755187 0.8892217839805825 0.06639004149377593 0.04149377593360996
6 0.5601659751037344 0.3322227700242718 0.05809128630705394 0.08506224066390042
6 0.3288381742738589 0.7305237408980583 0.056016597510373446 0.08091286307053942
