10 0.8950120192307691 0.32906626506024095 0.02560240963855422 0.02560240963855422
6 0.34650961538461533 0.5609939759036144 0.04819277108433735 0.10391566265060241
6 0.7016442307692308 0.8524096385542169 0.10542168674698796 0.05120481927710844
6 0.34726201923076927 0.22665662650602408 0.04969879518072289 0.10692771084337349
10 0.4894663461538462 0.050451807228915665 0.027108433734939756 0.02560240963855422
14 0.24418269230769232 0.4118975903614458 0.045180722891566265 0.0707831325301205
10 0.07263461538461538 0.4096385542168674 0.024096385542168676 0.024096385542168676
4 0.4894663461538462 0.7628012048192772 0.07530120481927711 0.04066265060240964
6 0.6354326923076923 0.5745481927710844 0.045180722891566265 0.10692771084337349
6 0.6361850961538462 0.21762048192771086 0.046686746987951805 0.10692771084337349
12 0.5985649038461538 0.411144578313253 0.08885542168674698 0.12048192771084336
14 0.28782211538461533 0.8493975903614459 0.0391566265060241 0.06325301204819277
