9 0.4083333333333333 0.43596927966101695 0.016666666666666666 0.02
4 0.6758333333333333 0.6555031779661017 0.05166666666666666 0.03
14 0.10916666666666666 0.38025423728813557 0.06166666666666667 0.021666666666666667
6 0.2708333333333333 0.3536440677966102 0.03166666666666666 0.065
6 0.1625 0.7303442796610169 0.06833333333333333 0.03
4 0.10916666666666666 0.46590572033898303 0.05166666666666666 0.03
6 0.5408333333333334 0.5166313559322034 0.03166666666666666 0.065
6 0.4050000000000001 0.5157997881355932 0.03333333333333333 0.06666666666666667
6 0.6758333333333333 0.3536440677966102 0.03166666666666666 0.065
12 0.6541666666666667 0.5698516949152542 0.05166666666666666 0.09166666666666666
12 0.2925 0.5698516949152542 0.05166666666666666 0.09166666666666666
4 0.27 0.6555031779661017 0.05 0.03
10 0.009166666666666667 0.735333686440678 0.018333333333333333 0.02
10 0.9933333333333334 0.5157997881355932 0.013333333333333332 0.02
