10 0.9149159663865547 0.47165673503325944 0.023109243697478993 0.02100840336134454
6 0.2615546218487395 0.7508903824833704 0.0861344537815126 0.03781512605042017
4 0.16281512605042017 0.9597907427937915 0.04411764705882353 0.027310924369747903
11 0.740546218487395 0.14623406319290463 0.08193277310924371 0.13865546218487396
6 0.6922268907563025 0.6249203159645232 0.09033613445378152 0.03781512605042017
6 0.16281512605042017 0.8516664356984478 0.03571428571428571 0.08823529411764706
6 0.5913865546218487 0.3992239467849224 0.03571428571428571 0.0861344537815126
12 0.5609243697478992 0.22496535476718407 0.07983193277310925 0.1365546218487395
15 0.2972689075630252 0.4748059866962306 0.19957983193277312 0.17857142857142858
6 0.6911764705882353 0.32259215631929045 0.08403361344537816 0.03781512605042017
11 0.5619747899159664 0.7277958702882483 0.07773109243697479 0.13865546218487396
6 0.5913865546218487 0.5493382760532151 0.03571428571428571 0.08403361344537816
12 0.740546218487395 0.8012784090909092 0.07773109243697479 0.13445378151260506
10 0.6428571428571429 0.04545800997782705 0.02100840336134454 0.02100840336134454
4 0.5399159663865546 0.534641768292683 0.046218487394957986 0.029411764705882353
