6 0.5694444444444444 0.3101851851851852 0.03518518518518519 0.07037037037037037
10 0.8574074074074074 0.287962962962963 0.05185185185185185 0.029629629629629627
7 0.8 0.25462962962962965 0.06296296296296296 0.06296296296296296
6 0.425 0.3101851851851852 0.03518518518518519 0.07037037037037037
12 0.5472222222222223 0.4851851851851851 0.0611111111111111 0.10185185185185183
14 0.7416666666666667 0.42592592592592593 0.024074074074074074 0.06481481481481481
4 0.42592592592592593 0.775 0.05555555555555556 0.03333333333333333
14 0.6842592592592592 0.6842592592592592 0.06481481481481481 0.025925925925925918
7 0.08055555555555556 0.5981481481481482 0.06481481481481481 0.06481481481481481
14 0.2537037037037037 0.4833333333333334 0.02222222222222222 0.06481481481481481
6 0.8574074074074074 0.5685185185185185 0.037037037037037035 0.07592592592592592
6 0.42592592592592593 0.6842592592592592 0.037037037037037035 0.07407407407407407
6 0.5685185185185185 0.6851851851851852 0.037037037037037035 0.07222222222222222
