6 0.2571428571428571 0.3103563474387528 0.046753246753246755 0.08311688311688312
6 0.6246753246753247 0.3694164114699332 0.046753246753246755 0.08701298701298701
14 0.7603896103896104 0.4940266564587973 0.08181818181818182 0.032467532467532464
6 0.6246753246753247 0.6387562639198218 0.04415584415584416 0.08571428571428572
6 0.37402597402597404 0.31100535913140315 0.046753246753246755 0.08441558441558442
4 0.37272727272727274 0.7542803452115813 0.05194805194805195 0.028571428571428574
6 0.2571428571428571 0.6400542873051225 0.04935064935064935 0.08831168831168831
14 0.37272727272727274 0.6484914393095769 0.046753246753246755 0.02207792207792208
11 0.4805194805194805 0.5407554983296213 0.06753246753246753 0.1103896103896104
11 0.34025974025974026 0.4369136275055679 0.06753246753246753 0.1025974025974026
12 0.5396103896103897 0.6517364977728286 0.07402597402597402 0.12727272727272726
