15 0.7145127118644068 0.5417547568710359 0.07944915254237288 0.07627118644067796
6 0.725635593220339 0.3821353065539112 0.08050847457627118 0.046610169491525424
6 0.2086864406779661 0.5063424947145878 0.07627118644067796 0.04766949152542373
4 0.04078389830508475 0.7114164904862579 0.04978813559322034 0.026483050847457622
4 0.326271186440678 0.6929175475687104 0.046610169491525424 0.02542372881355932
6 0.4046610169491525 0.3118393234672304 0.08050847457627118 0.04766949152542373
4 0.6276483050847458 0.6929175475687104 0.04766949152542373 0.02542372881355932
7 0.04025423728813559 0.5856236786469344 0.07627118644067796 0.07944915254237288
10 0.909427966101695 0.5417547568710359 0.011652542372881356 0.01271186440677966
6 0.565677966101695 0.523784355179704 0.07627118644067796 0.046610169491525424
15 0.4290254237288136 0.523784355179704 0.08050847457627118 0.07838983050847456
10 0.715042372881356 0.4704016913319239 0.01271186440677966 0.013771186440677966
10 0.4343220338983051 0.45665961945031713 0.01271186440677966 0.013771186440677966
