13 0.3839378238341969 0.47956845238095236 0.02590673575129534 0.02694300518134715
4 0.6766839378238342 0.7779427083333333 0.06010362694300518 0.036269430051813475
6 0.2538860103626943 0.43768229166666667 0.03730569948186528 0.08393782383419687
4 0.24507772020725388 0.8079352678571429 0.05492227979274612 0.03419689119170984
6 0.677720207253886 0.6740029761904762 0.04145077720207254 0.0849740932642487
10 0.8761658031088084 0.5881622023809523 0.021761658031088083 0.02487046632124353
4 0.10518134715025906 0.32805431547619046 0.05699481865284974 0.036269430051813475
12 0.22538860103626943 0.6491815476190477 0.0694300518134715 0.122279792746114
12 0.6528497409326425 0.5328311011904763 0.07253886010362695 0.1233160621761658
6 0.3854922279792746 0.3916592261904762 0.03523316062176166 0.0766839378238342
6 0.1145077720207254 0.5576525297619048 0.0383419689119171 0.08393782383419687
10 0.08134715025906736 0.6486644345238095 0.019689119170984457 0.023834196891191713
10 0.10829015544041451 0.4671577380952381 0.021761658031088083 0.02072538860103627
