4 0.7339449541284404 0.5851370782208589 0.029357798165137616 0.01651376146788991
4 0.1926605504587156 0.5219708588957055 0.029357798165137616 0.01834862385321101
6 0.3688073394495413 0.679428680981595 0.029357798165137616 0.05504587155963303
12 0.28256880733944956 0.40204658742331284 0.03669724770642202 0.06422018348623854
12 0.3559633027522936 0.5787289110429448 0.04036697247706422 0.062385321100917435
6 0.43761467889908257 0.29768500766871164 0.027522935779816515 0.05321100917431193
14 0.8229357798165138 0.4414110429447852 0.02018348623853211 0.029357798165137616
12 0.7220183486238532 0.3416267254601227 0.03486238532110092 0.06422018348623854
6 0.2981651376146789 0.29768500766871164 0.027522935779816515 0.05321100917431193
6 0.7348623853211009 0.5155626917177913 0.027522935779816515 0.05321100917431193
4 0.5596330275229358 0.42310199386503067 0.029357798165137616 0.01834862385321101
12 0.4504587155963303 0.39563842024539875 0.03486238532110092 0.062385321100917435
8 0.1926605504587156 0.4597200920245399 0.05504587155963303 0.05504587155963303
6 0.08990825688073395 0.673020513803681 0.029357798165137616 0.056880733944954145
6 0.08990825688073395 0.3004313650306748 0.029357798165137616 0.05504587155963303
10 0.059633027522935776 0.2519123849693251 0.01651376146788991 0.02018348623853211
10 0.865137614678899 0.25099693251533745 0.01651376146788991 0.01834862385321101
10 0.8688073394495411 0.7279476610429448 0.01651376146788991 0.02018348623853211
10 0.8568807339449542 0.4432419478527607 0.01834862385321101 0.01834862385321101
10 0.05779816513761469 0.7279476610429448 0.01651376146788991 0.02018348623853211
