6 0.5287037037037037 0.638888888888889 0.03518518518518519 0.07222222222222222
14 0.6962962962962963 0.2777777777777778 0.06296296296296296 0.024074074074074074
14 0.6962962962962963 0.4453703703703704 0.06296296296296296 0.025925925925925918
12 0.45 0.5305555555555556 0.05555555555555556 0.1
4 0.4722222222222222 0.7287037037037037 0.05555555555555556 0.029629629629629627
19 0.5287037037037037 0.41666666666666663 0.03888888888888888 0.07962962962962963
14 0.8629629629629629 0.41666666666666663 0.06666666666666667 0.024074074074074074
6 0.36203703703703705 0.41574074074074074 0.03518518518518519 0.07037037037037037
14 0.3055555555555556 0.5277777777777779 0.02222222222222222 0.06481481481481481
8 0.08148148148148149 0.5277777777777779 0.06666666666666667 0.06481481481481481
6 0.36018518518518516 0.638888888888889 0.03518518518518519 0.07222222222222222
