15 0.6920122887864824 0.43087923728813565 0.08141321044546851 0.08141321044546851
6 0.1543778801843318 0.47388771186440676 0.03533026113671275 0.05376344086021505
7 0.4470046082949309 0.5860169491525424 0.07987711213517665 0.07526881720430108
6 0.6835637480798771 0.34102224576271184 0.05837173579109063 0.03379416282642089
7 0.1543778801843318 0.5860169491525424 0.07834101382488479 0.07526881720430108
4 0.5560675883256528 0.6820180084745763 0.03686635944700461 0.027649769585253458
6 0.4470046082949309 0.47235169491525425 0.03686635944700461 0.05683563748079877
7 0.30184331797235026 0.5860169491525424 0.08141321044546851 0.07526881720430108
10 0.8402457757296468 0.42934322033898303 0.021505376344086023 0.023041474654377885
6 0.30184331797235026 0.47311970338983056 0.03533026113671275 0.055299539170506916
10 0.8410138248847925 0.6466896186440678 0.02304147465437788 0.021505376344086023
