15 0.6423913043478261 0.44275439981949455 0.1282608695652174 0.1326086956521739
10 0.8782608695652174 0.44166854693140795 0.030434782608695653 0.034782608695652174
14 0.19456521739130433 0.46881486913357406 0.03260869565217391 0.05
14 0.3793478260869565 0.46772901624548735 0.03260869565217391 0.05217391304347826
6 0.27065217391304347 0.34937105144404335 0.041304347826086954 0.10217391304347825
10 0.8793478260869565 0.6382079196750902 0.03260869565217391 0.03260869565217391
6 0.47717391304347834 0.5502538357400721 0.03695652173913043 0.09565217391304348
10 0.1 0.46881486913357406 0.030434782608695653 0.03260869565217391
10 0.10217391304347827 0.6382079196750902 0.034782608695652174 0.03260869565217391
10 0.658695652173913 0.3439417870036101 0.030434782608695653 0.04782608695652174
10 0.6608695652173913 0.5372236010830325 0.030434782608695653 0.04782608695652174
