10 0.9158333333333333 0.6981460336538461 0.06166666666666667 0.03166666666666666
10 0.026666666666666665 0.45510516826923075 0.05333333333333333 0.03166666666666666
6 0.17916666666666667 0.4201472355769231 0.075 0.03833333333333333
15 0.45166666666666666 0.45011117788461535 0.16666666666666669 0.16499999999999998
9 0.5816666666666667 0.3893509615384615 0.013333333333333332 0.023333333333333334
4 0.05750000000000001 0.6407151442307691 0.058333333333333334 0.03333333333333333
7 0.05583333333333333 0.5425 0.06833333333333333 0.06999999999999999
6 0.24166666666666664 0.48090745192307693 0.07666666666666666 0.03666666666666667
6 0.6691666666666667 0.5117037259615385 0.035 0.075
6 0.3325 0.5425 0.035 0.07666666666666666
7 0.9158333333333333 0.45094350961538454 0.07166666666666667 0.07333333333333333
4 0.3325 0.6390504807692308 0.058333333333333334 0.03333333333333333
6 0.45666666666666667 0.29945913461538465 0.07666666666666666 0.03333333333333333
10 0.6708333333333333 0.607421875 0.058333333333333334 0.03333333333333333
10 0.7258333333333333 0.452608173076923 0.025 0.023333333333333334
