4 0.9035 0.491501708199357 0.033 0.020999999999999998
14 0.608 0.4705059284565916 0.026000000000000002 0.035
4 0.4525 0.491001808681672 0.033 0.02
21 0.1315 0.6769644292604502 0.020999999999999998 0.05
14 0.4885 0.526994573954984 0.028999999999999998 0.034
12 0.26 0.5839831189710611 0.036 0.057999999999999996
21 0.1885 0.5849829180064308 0.047 0.018
14 0.094 0.584483018488746 0.014000000000000002 0.033
14 0.331 0.3630275321543408 0.034 0.03
21 0.7025 0.6624673432475884 0.020999999999999998 0.051000000000000004
21 0.274 0.4480104501607717 0.022 0.05
21 0.582 0.5849829180064308 0.048 0.018
14 0.7675 0.4990002009646302 0.033 0.016
14 0.8175000000000001 0.3765248191318328 0.028999999999999998 0.035
4 0.417 0.7419513665594855 0.034 0.022
14 0.217 0.2915419011254019 0.034 0.031
10 0.8100000000000002 0.22755476286173634 0.02 0.019
21 0.5825 0.22705486334405145 0.049 0.018
21 0.5455 0.4055189911575563 0.019 0.049
4 0.7675 0.5629873392282958 0.033 0.02
14 0.552 0.712957194533762 0.016 0.034
21 0.45200000000000007 0.2765449155948553 0.018 0.049
21 0.4165 0.4700060289389068 0.020999999999999998 0.04800000000000001
21 0.767 0.420016077170418 0.02 0.04800000000000001
2 0.6795 0.5694860329581994 0.045 0.049
21 0.9025000000000001 0.420016077170418 0.019 0.05
4 0.1305 0.748450060289389 0.035 0.020999999999999998
4 0.703 0.7414514670418006 0.034 0.020999999999999998
2 0.6795 0.32653486736334403 0.047 0.049
14 0.66 0.5199959807073955 0.016 0.034
10 0.05 0.5849829180064308 0.018 0.018
21 0.331 0.2770448151125402 0.02 0.05
4 0.331 0.4270146704180064 0.032 0.02
4 0.2165 0.3630275321543408 0.033 0.02
21 0.7025 0.4340132636655948 0.019 0.04800000000000001
4 0.2735 0.748450060289389 0.035 0.020999999999999998
21 0.274 0.6769644292604502 0.02 0.05
21 0.131 0.5344930667202572 0.02 0.049
21 0.5525 0.7704456390675241 0.049 0.019
21 0.5795 0.3405320538585209 0.049 0.019
21 0.417 0.6559686495176849 0.026000000000000002 0.052000000000000005
21 0.453 0.4120176848874598 0.026000000000000002 0.052000000000000005
