17 0.28551607883817426 0.5717592592592593 0.08641975308641975 0.041666666666666664
10 0.35572484439834023 0.849537037037037 0.023148148148148147 0.023148148148148147
4 0.2060490145228216 0.28703703703703703 0.044753086419753084 0.033950617283950615
6 0.4915132261410788 0.4375 0.0632716049382716 0.035493827160493825
6 0.4236190352697095 0.5223765432098766 0.06635802469135801 0.035493827160493825
4 0.20527748962655604 0.4066358024691358 0.046296296296296294 0.032407407407407406
10 0.3603539937759336 0.18441358024691357 0.023148148148148147 0.023148148148148147
14 0.8001231846473029 0.7492283950617284 0.050925925925925916 0.032407407407407406
15 0.6712785269709542 0.48302469135802467 0.15123456790123455 0.16358024691358025
4 0.20527748962655604 0.6419753086419753 0.043209876543209874 0.033950617283950615
14 0.7376296680497926 0.32175925925925924 0.033950617283950615 0.050925925925925916
6 0.5486060684647303 0.6612654320987654 0.06635802469135801 0.035493827160493825
10 0.43827800829875513 0.18518518518518517 0.021604938271604937 0.021604938271604937
10 0.8001231846473029 0.8587962962962962 0.023148148148148147 0.023148148148148147
19 0.7268283195020747 0.14429012345679013 0.10802469135802469 0.0632716049382716
4 0.20682053941908712 0.7638888888888888 0.046296296296296294 0.033950617283950615
17 0.28628760373443984 0.4598765432098765 0.08796296296296295 0.043209876543209874
10 0.47068205394190865 0.6620370370370371 0.024691358024691357 0.024691358024691357
