14 0.5123456790123457 0.39688553370786517 0.02292768959435626 0.03527336860670194
14 0.35185185185185186 0.2849578651685393 0.02292768959435626 0.03350970017636684
14 0.47442680776014107 0.560811095505618 0.021164021164021163 0.03527336860670194
14 0.2125220458553792 0.7238553370786517 0.02292768959435626 0.03350970017636684
6 0.5291005291005291 0.13248946629213482 0.05291005291005291 0.021164021164021163
6 0.6931216931216931 0.7282619382022472 0.05291005291005291 0.021164021164021163
4 0.07583774250440917 0.7115168539325842 0.04938271604938271 0.029982363315696647
10 0.8783068783068784 0.5158637640449438 0.010582010582010581 0.008818342151675485
15 0.31305114638447973 0.561692415730337 0.13580246913580246 0.14991181657848324
6 0.29365079365079366 0.40217345505617974 0.037037037037037035 0.06349206349206349
6 0.5123456790123457 0.46739115168539325 0.054673721340388004 0.021164021164021163
4 0.46384479717813043 0.4964747191011236 0.04938271604938271 0.029982363315696647
13 0.7742504409171076 0.35810744382022475 0.031746031746031744 0.024691358024691357
6 0.291005291005291 0.33166783707865166 0.021164021164021163 0.05291005291005291
6 0.8536155202821869 0.464747191011236 0.021164021164021163 0.05467372134038799
14 0.2239858906525573 0.28407654494382023 0.021164021164021163 0.03527336860670194
4 0.28835978835978837 0.4621032303370787 0.047619047619047616 0.02821869488536155
15 0.6763668430335097 0.5167450842696629 0.13580246913580246 0.15167548500881833
6 0.11992945326278659 0.6092837078651685 0.05291005291005291 0.02292768959435626
6 0.8518518518518519 0.3545821629213483 0.021164021164021163 0.05291005291005291
6 0.22222222222222224 0.21797752808988763 0.05291005291005291 0.019400352733686066
13 0.30687830687830686 0.7256179775280899 0.031746031746031744 0.026455026455026454
10 0.6904761904761905 0.29288974719101124 0.012345679012345678 0.010582010582010581
