6 0.5790354793233082 0.2451669595782074 0.08435852372583481 0.19507908611599298
6 0.36476151315789473 0.7179261862917399 0.06326889279437611 0.1388400702987698
6 0.5781573073308272 0.6669595782073814 0.06854130052724078 0.12126537785588754
4 0.686172462406015 0.9209138840070299 0.05272407732864676 0.03163444639718806
4 0.5825481672932331 0.984182776801406 0.0562390158172232 0.03163444639718806
4 0.36388334116541354 0.8506151142355008 0.05096660808435853 0.03163444639718806
4 0.15487840695488725 0.8145869947275923 0.05096660808435853 0.029876977152899824
0 0.5474212875939849 0.48330404217926193 0.0913884007029877 0.1476274165202109
7 0.1557565789473684 0.6616871704745168 0.08084358523725835 0.08611599297012304
6 0.5851826832706767 0.8321616871704747 0.05799648506151143 0.13181019332161686
10 0.8310708411654136 0.3462214411247803 0.02636203866432338 0.024604569420035152
10 0.5816699953007518 0.0641476274165202 0.03690685413005273 0.040421792618629174
14 0.7133957941729323 0.34885764499121263 0.033391915641476276 0.08611599297012304
14 0.25762453007518793 0.5333919156414763 0.038664323374340955 0.08611599297012304
14 0.6896851503759398 0.8233743409490334 0.08084358523725835 0.043936731107205626
6 0.35949248120300753 0.3295254833040422 0.05975395430579965 0.11072056239015818
