14 0.638626575630252 0.3844444444444444 0.024444444444444446 0.011111111111111112
4 0.5069944852941177 0.33555555555555555 0.027777777777777783 0.015555555555555555
4 0.45867384453781507 0.9827777777777778 0.02888888888888889 0.01666666666666667
21 0.5192134978991596 0.8883333333333333 0.014444444444444446 0.043333333333333335
4 0.5964154411764706 0.8461111111111113 0.017777777777777778 0.03
8 0.38758140756302517 0.23333333333333334 0.02888888888888889 0.02888888888888889
14 0.41757352941176473 0.6538888888888889 0.013333333333333332 0.02555555555555556
4 0.5192134978991596 0.9466666666666667 0.03 0.017777777777777778
8 0.2548384978991597 0.6533333333333333 0.027777777777777783 0.02888888888888889
4 0.8008061974789916 0.06444444444444444 0.017777777777777778 0.02888888888888889
14 0.38702599789915965 0.31222222222222223 0.027777777777777783 0.011111111111111112
4 0.5008849789915967 0.06555555555555556 0.017777777777777778 0.02888888888888889
14 0.6391819852941176 0.5522222222222222 0.02555555555555556 0.011111111111111112
8 0.5914167542016806 0.35333333333333333 0.052222222222222225 0.05111111111111112
10 0.7885871848739495 0.2688888888888889 0.017777777777777778 0.02888888888888889
4 0.6391819852941176 0.5988888888888889 0.027777777777777783 0.015555555555555555
10 0.7891425945378152 0.4372222222222223 0.01888888888888889 0.03
4 0.4831118697478992 0.3111111111111111 0.02888888888888889 0.015555555555555555
14 0.7463760504201681 0.5211111111111111 0.015555555555555555 0.026666666666666665
14 0.5486502100840336 0.845 0.013333333333333332 0.02777777777777778
8 0.5075498949579831 0.7966666666666666 0.05111111111111112 0.05111111111111112
4 0.38758140756302517 0.35944444444444446 0.02888888888888889 0.01666666666666667
14 0.7463760504201681 0.0661111111111111 0.017777777777777778 0.02555555555555556
14 0.5503164390756302 0.0661111111111111 0.014444444444444446 0.02555555555555556
21 0.5797531512605042 0.2761111111111111 0.015555555555555555 0.043333333333333335
21 0.5853072478991597 0.7488888888888889 0.042222222222222223 0.015555555555555555
14 0.7413773634453782 0.27 0.012222222222222223 0.026666666666666665
4 0.638626575630252 0.4305555555555555 0.02888888888888889 0.01888888888888889
4 0.25594931722689074 0.7305555555555555 0.03 0.01888888888888889
14 0.5375420168067226 0.2338888888888889 0.011111111111111112 0.02555555555555556
21 0.5797531512605042 0.10777777777777778 0.015555555555555555 0.042222222222222223
14 0.7463760504201681 0.35333333333333333 0.015555555555555555 0.026666666666666665
8 0.5192134978991596 0.7011111111111111 0.052222222222222225 0.05111111111111112
14 0.7408219537815126 0.4377777777777777 0.011111111111111112 0.026666666666666665
8 0.5908613445378151 0.5211111111111111 0.05111111111111112 0.05111111111111112
19 0.5419852941176471 0.6044444444444445 0.015555555555555555 0.05333333333333333
19 0.5197689075630253 0.6055555555555555 0.015555555555555555 0.05333333333333333
19 0.3381499474789916 0.6755555555555556 0.014444444444444446 0.05333333333333333
19 0.31426733193277306 0.6755555555555556 0.015555555555555555 0.05333333333333333
19 0.4542305672268908 0.9166666666666666 0.015555555555555555 0.05333333333333333
21 0.4597846638655462 0.8388888888888889 0.015555555555555555 0.044444444444444446
21 0.7119406512605042 0.47888888888888886 0.015555555555555555 0.044444444444444446
21 0.7119406512605042 0.39666666666666667 0.015555555555555555 0.044444444444444446
21 0.7119406512605042 0.31 0.015555555555555555 0.044444444444444446
21 0.7119406512605042 0.22777777777777777 0.015555555555555555 0.044444444444444446
21 0.506439075630252 0.27666666666666667 0.015555555555555555 0.044444444444444446
19 0.46756039915966385 0.25666666666666665 0.015555555555555555 0.05333333333333333
19 0.44701024159663866 0.25666666666666665 0.014444444444444446 0.05333333333333333
19 0.5853072478991597 0.18333333333333332 0.015555555555555555 0.05333333333333333
5 0.5786423319327731 0.018333333333333333 0.017777777777777778 0.014444444444444446
