4 0.6933333333333334 0.9047056686046512 0.09 0.05
4 0.8816666666666666 0.9030402131782946 0.09 0.05333333333333333
6 0.8825 0.24268713662790695 0.058333333333333334 0.12833333333333333
6 0.8791666666666667 0.7614765019379844 0.065 0.13
6 0.04083333333333333 0.5782764050387598 0.05500000000000001 0.12333333333333334
6 0.0375 0.3909126695736434 0.05500000000000001 0.12166666666666666
15 0.5066666666666667 0.43088359980620156 0.25 0.255
4 0.5066666666666667 0.5816073158914727 0.08666666666666667 0.043333333333333335
4 0.04083333333333333 0.7190073885658915 0.08166666666666667 0.04833333333333333
14 0.6975 0.7581455910852714 0.11499999999999999 0.04
10 0.2633333333333333 0.43837814922480617 0.08 0.09666666666666666
10 0.9283333333333333 0.11278161337209303 0.09333333333333334 0.08499999999999999
10 0.5558333333333333 0.2976471656976744 0.09833333333333333 0.08833333333333333
10 0.08083333333333333 0.25018168604651164 0.095 0.08666666666666667
12 0.8466666666666667 0.435047238372093 0.09333333333333334 0.16
