10 0.3072916666666667 0.7771645911654136 0.019345238095238092 0.019345238095238092
10 0.5550595238095238 0.7816230028195489 0.017857142857142856 0.019345238095238092
2 0.7507440476190477 0.6456414473684211 0.0550595238095238 0.07440476190476189
5 0.35267857142857145 0.18568197838345862 0.03571428571428571 0.02232142857142857
2 0.9151785714285714 0.6567874765037593 0.05357142857142857 0.07589285714285714
0 0.2113095238095238 0.5081737546992481 0.05654761904761905 0.07291666666666666
4 0.6324404761904762 0.8537006578947368 0.038690476190476185 0.023809523809523808
0 0.32961309523809523 0.38779664003759395 0.0550595238095238 0.07589285714285714
2 0.7507440476190477 0.5126321663533834 0.0550595238095238 0.07589285714285714
2 0.6078869047619048 0.7823660714285714 0.0550595238095238 0.07440476190476189
2 0.4977678571428571 0.6411830357142858 0.0550595238095238 0.07440476190476189
5 0.9375 0.3097744360902256 0.03571428571428571 0.023809523809523808
10 0.27901785714285715 0.3892827772556391 0.01636904761904762 0.019345238095238092
0 0.913690476190476 0.37739367951127817 0.05654761904761905 0.07291666666666666
10 0.15922619047619047 0.6426691729323308 0.017857142857142856 0.017857142857142856
5 0.7738095238095238 0.30903136748120297 0.038690476190476185 0.02232142857142857
10 0.96875 0.5126321663533834 0.017857142857142856 0.019345238095238092
4 0.3869047619047619 0.8306655310150376 0.03571428571428571 0.02232142857142857
10 0.061755952380952384 0.6426691729323308 0.019345238095238092 0.017857142857142856
2 0.3630952380952381 0.7779076597744361 0.05654761904761905 0.07440476190476189
0 0.21205357142857145 0.6426691729323308 0.0550595238095238 0.07440476190476189
10 0.6971726190476191 0.5118890977443609 0.01636904761904762 0.017857142857142856
10 0.2760416666666667 0.2540442904135338 0.019345238095238092 0.019345238095238092
4 0.23660714285714285 0.851471452067669 0.03571428571428571 0.02232142857142857
0 0.32961309523809523 0.2547873590225564 0.0550595238095238 0.07440476190476189
4 0.9352678571428571 0.7102884163533834 0.03422619047619048 0.02232142857142857
0 0.7507440476190477 0.37739367951127817 0.05803571428571428 0.07291666666666666
2 0.21428571428571427 0.7771645911654136 0.05357142857142857 0.07589285714285714
