8 0.4252774151436031 0.41732283464566927 0.14763779527559057 0.14173228346456693
8 0.2099583877284595 0.6013779527559056 0.14173228346456693 0.13976377952755906
10 0.4252774151436031 0.10236220472440945 0.03740157480314961 0.03937007874015748
4 0.6396132506527415 0.9714566929133859 0.08464566929133857 0.053149606299212594
6 0.6386300587467363 0.8080708661417322 0.07480314960629922 0.13976377952755906
10 0.6396132506527415 0.10137795275590551 0.03740157480314961 0.03740157480314961
8 0.6396132506527415 0.2322834645669291 0.1437007874015748 0.14173228346456693
10 0.7172854112271541 0.343503937007874 0.03543307086614173 0.03740157480314961
6 0.6396132506527415 0.6240157480314961 0.07677165354330709 0.1377952755905512
6 0.6386300587467363 0.43799212598425197 0.07480314960629922 0.13976377952755906
10 0.2099583877284595 0.10236220472440945 0.03937007874015748 0.03937007874015748
