6 0.2062937062937063 0.5341243315508022 0.044289044289044295 0.09324009324009325
19 0.2062937062937063 0.734249665775401 0.1048951048951049 0.02797202797202798
15 0.5174825174825175 0.41311831550802136 0.23310023310023312 0.26107226107226106
6 0.5116550116550117 0.13620070187165773 0.09557109557109558 0.046620046620046623
4 0.20745920745920748 0.6632749832887701 0.06060606060606061 0.03962703962703963
19 0.5093240093240093 0.7330861463903743 0.1048951048951049 0.030303030303030304
10 0.9382284382284383 0.4189359124331551 0.030303030303030304 0.03496503496503497
14 0.3578088578088578 0.8575827205882351 0.030303030303030304 0.06060606060606061
6 0.1351981351981352 0.3700680982620321 0.09324009324009325 0.04895104895104895
10 0.5128205128205128 0.5283067346256685 0.03263403263403264 0.030303030303030304
10 0.5151515151515151 0.30607453208556146 0.03263403263403264 0.037296037296037296
