4 0.4338959212376934 0.8622928176795579 0.02672292545710267 0.02109704641350211
0 0.1990154711673699 0.35817219152854507 0.03797468354430379 0.057665260196905765
9 0.7728551336146273 0.40732044198895034 0.029535864978902954 0.01828410689170183
4 0.06680731364275667 0.8629949355432782 0.02672292545710267 0.019690576652601967
9 0.42827004219409287 0.42487338858195206 0.029535864978902954 0.016877637130801686
0 0.3509142053445851 0.357470073664825 0.035161744022503515 0.05625879043600562
6 0.0639943741209564 0.2303867403314917 0.04360056258790436 0.0661040787623066
10 0.9718706047819972 0.4782343462246777 0.016877637130801683 0.025316455696202535
6 0.8354430379746836 0.4838512891344383 0.04219409282700422 0.06188466947960618
6 0.689873417721519 0.5898710865561695 0.04360056258790436 0.06047819971870605
2 0.19760900140646975 0.794889502762431 0.03797468354430379 0.05485232067510548
9 0.3368495077355837 0.42487338858195206 0.029535864978902954 0.016877637130801686
12 0.5154711673699015 0.6909760589318601 0.029535864978902954 0.0661040787623066
2 0.5914205344585092 0.21283379373848987 0.035161744022503515 0.05625879043600562
2 0.42053445850914206 0.7927831491712707 0.039381153305203934 0.05907172995780591
2 0.05203938115330521 0.44944751381215475 0.03656821378340366 0.0520393811533052
2 0.052742616033755275 0.6762315837937385 0.035161744022503515 0.06188466947960618
0 0.4943741209563994 0.357470073664825 0.035161744022503515 0.05625879043600562
6 0.7651195499296765 0.7906767955801105 0.04219409282700422 0.06329113924050632
2 0.05344585091420535 0.794889502762431 0.03656821378340366 0.06047819971870605
12 0.32770745428973275 0.6881675874769797 0.025316455696202535 0.057665260196905765
6 0.689873417721519 0.4838512891344383 0.04360056258790436 0.06188466947960618
2 0.05203938115330521 0.5631906077348067 0.03656821378340366 0.0520393811533052
4 0.18565400843881857 0.8629949355432782 0.025316455696202535 0.019690576652601967
9 0.509142053445851 0.5280847145488029 0.03094233473980309 0.01828410689170183
12 0.6842475386779184 0.6874654696132596 0.02672292545710267 0.05907172995780591
4 0.7679324894514767 0.861590699815838 0.02812939521800281 0.02250351617440225
9 0.3368495077355837 0.5273825966850828 0.029535864978902954 0.019690576652601967
0 0.7580872011251758 0.35817219152854507 0.03656821378340366 0.057665260196905765
0 0.9578059071729956 0.35676795580110493 0.03656821378340366 0.05485232067510548
12 0.830520393811533 0.6867633517495396 0.029535864978902954 0.06047819971870605
9 0.6919831223628692 0.5484461325966851 0.03094233473980309 0.016877637130801686
10 0.6054852320675106 0.14472836095764272 0.03234880450070324 0.029535864978902954
