6 0.6181948424068768 0.7427261777301928 0.0988538681948424 0.06590257879656161
14 0.7406876790830945 0.7448741970021413 0.04297994269340974 0.0673352435530086
10 0.16332378223495703 0.4570396145610278 0.07163323782234957 0.058739255014326655
19 0.416189111747851 0.5286402569593147 0.07020057306590258 0.09025787965616046
4 0.9555873925501432 0.5229122055674519 0.054441260744985676 0.04154727793696275
14 0.2979942693409742 0.4570396145610278 0.028653295128939833 0.06160458452722063
19 0.6181948424068768 0.7427261777301928 0.0988538681948424 0.06590257879656161
4 0.663323782234957 0.6517933618843683 0.054441260744985676 0.04154727793696275
2 0.6124641833810889 0.4570396145610278 0.11031518624641834 0.11318051575931232
2 0.8531518624641834 0.46205165952890787 0.1189111747851003 0.11461318051575933
19 0.7585959885386819 0.28305005353319057 0.0673352435530086 0.09169054441260746
19 0.6848137535816619 0.5637245717344754 0.0659025787965616 0.08882521489971347
10 0.3868194842406877 0.6031049250535332 0.022922636103151865 0.01862464183381089
10 0.7320916905444126 0.21932548179871522 0.017191977077363897 0.01575931232091691
10 0.2607449856733524 0.8128948072805139 0.028653295128939833 0.02578796561604585
