4 0.3333333333333333 0.5309303977272728 0.02968960863697706 0.01754385964912281
6 0.5661268556005398 0.4546875 0.025641025641025644 0.026990553306342778
6 0.6889338731443995 0.5639914772727272 0.022941970310391364 0.026990553306342778
14 0.3340080971659919 0.3548295454545455 0.031039136302294202 0.016194331983805668
6 0.49865047233468285 0.6139204545454545 0.022941970310391364 0.026990553306342778
6 0.9473684210526315 0.38316761363636365 0.024291497975708502 0.026990553306342778
8 0.8792172739541162 0.4074573863636363 0.03643724696356275 0.03508771929824562
6 0.3616734143049933 0.4830255681818182 0.021592442645074227 0.024291497975708502
7 0.033738191632928474 0.4938210227272727 0.03508771929824562 0.03508771929824562
6 0.7564102564102564 0.4243252840909091 0.025641025641025644 0.02834008097165992
6 0.16869095816464239 0.6152698863636363 0.024291497975708502 0.026990553306342778
8 0.6889338731443995 0.4074573863636363 0.03643724696356275 0.03508771929824562
6 0.6882591093117408 0.6186434659090909 0.024291497975708502 0.025641025641025644
8 0.16936572199730093 0.4074573863636363 0.03643724696356275 0.03508771929824562
4 0.3333333333333333 0.6746448863636363 0.032388663967611336 0.016194331983805668
6 0.8785425101214575 0.48977272727272725 0.024291497975708502 0.026990553306342778
14 0.9473684210526315 0.5531960227272728 0.032388663967611336 0.016194331983805668
6 0.10256410256410256 0.45536221590909093 0.024291497975708502 0.02834008097165992
8 0.49730094466936575 0.4074573863636363 0.03643724696356275 0.03508771929824562
8 0.305668016194332 0.4816761363636363 0.02834008097165992 0.026990553306342778
10 0.26450742240215924 0.5450994318181819 0.008097165991902834 0.008097165991902834
10 0.4014844804318488 0.5450994318181819 0.0067476383265856945 0.008097165991902834
10 0.9959514170040485 0.45401278409090906 0.008097165991902834 0.0067476383265856945
