6 0.2892998678996037 0.4755867434662999 0.07133421400264202 0.05019815059445178
14 0.844121532364597 0.22485600068775788 0.026420079260237782 0.04755614266842801
6 0.25033025099075296 0.1661322214580468 0.0488771466314399 0.06737120211360634
4 0.5092470277410832 0.9031486416781294 0.05151915455746368 0.02906208718626156
0 0.6565389696169088 0.22683545392022006 0.0845442536327609 0.09907529722589167
0 0.35865257595772787 0.22683545392022006 0.08586525759577279 0.09907529722589167
5 0.5099075297225891 0.11202716643741403 0.05019815059445178 0.022457067371202115
2 0.6472919418758256 0.6405411795048144 0.07133421400264202 0.10039630118890357
6 0.7311756935270806 0.4755867434662999 0.0726552179656539 0.05019815059445178
14 0.29458388375165123 0.7309362104539202 0.026420079260237782 0.0488771466314399
6 0.7523117569352709 0.1661322214580468 0.0488771466314399 0.06737120211360634
14 0.8527080581241744 0.7955983493810178 0.02774108322324967 0.0488771466314399
10 0.09379128137384413 0.47624656121045394 0.026420079260237782 0.02509907529722589
14 0.29458388375165123 0.317230484869326 0.026420079260237782 0.04755614266842801
10 0.9346103038309115 0.47624656121045394 0.02509907529722589 0.02509907529722589
10 0.7569352708058125 0.9255824449793673 0.021136063408190225 0.021136063408190225
14 0.17040951122853368 0.7955983493810178 0.026420079260237782 0.0488771466314399
14 0.7186261558784677 0.7124613136176066 0.026420079260237782 0.0488771466314399
2 0.6479524438573315 0.7955983493810178 0.07001321003963014 0.09643328929986791
10 0.2509907529722589 0.0955317228335626 0.021136063408190225 0.023778071334214005
14 0.17173051519154559 0.22485600068775788 0.026420079260237782 0.05019815059445178
2 0.36723910171730517 0.7949385316368638 0.07133421400264202 0.0977542932628798
10 0.43527080581241745 0.4755867434662999 0.02509907529722589 0.026420079260237782
6 0.2536327608982827 0.8543221286107292 0.05019815059445178 0.06605019815059446
14 0.7206076618229855 0.2842395976616231 0.02774108322324967 0.04755614266842801
0 0.35997357992073975 0.3825524415405777 0.08850726552179658 0.09907529722589167
10 0.25297225891677677 0.9255824449793673 0.022457067371202115 0.021136063408190225
10 0.5766182298546896 0.47624656121045394 0.02509907529722589 0.02509907529722589
10 0.7523117569352709 0.0955317228335626 0.022457067371202115 0.023778071334214005
2 0.3678996036988111 0.6392215440165062 0.07001321003963014 0.0977542932628798
0 0.6558784676354029 0.3825524415405777 0.08586525759577279 0.09907529722589167
6 0.7569352708058125 0.8536623108665748 0.05019815059445178 0.06737120211360634
