14 0.8706896551724139 0.5175363149847094 0.08189655172413793 0.06034482758620689
4 0.6584051724137931 0.8235474006116208 0.07543103448275863 0.04741379310344827
6 0.3728448275862069 0.5660239870030581 0.10775862068965518 0.07974137931034483
2 0.6120689655172413 0.4431885512232416 0.1120689655172414 0.15732758620689655
7 0.1875 0.37638331422018345 0.10344827586206898 0.10129310344827587
2 0.7058189655172413 0.6845494074923548 0.10991379310344829 0.15732758620689655
7 0.19181034482758622 0.5638689793577981 0.10344827586206898 0.10560344827586207
6 0.3706896551724138 0.3753058103975535 0.10775862068965518 0.07758620689655174
4 0.04849137931034483 0.4733586582568807 0.04956896551724138 0.07543103448275863
6 0.5657327586206896 0.2729429472477064 0.10560344827586207 0.07543103448275863
10 0.7176724137931034 0.27509795489296635 0.034482758620689655 0.03663793103448276
