14 0.46785304247990817 0.5864379320276498 0.03329506314580942 0.019517795637198625
14 0.46613088404133174 0.38322292626728116 0.03444316877152698 0.02066590126291619
19 0.3760045924225029 0.3173927131336406 0.0746268656716418 0.040183696900114814
10 0.8915040183696901 0.44447364631336406 0.019517795637198625 0.019517795637198625
4 0.2904707233065442 0.6494059619815669 0.03444316877152698 0.019517795637198625
10 0.8915040183696901 0.4021133352534562 0.019517795637198625 0.019517795637198625
19 0.37543053960964407 0.5211801555299539 0.07577497129735936 0.03788748564867968
4 0.4672789896670494 0.6494059619815669 0.03444316877152698 0.019517795637198625
13 0.18369690011481057 0.5858654953917051 0.03673938002296211 0.03673938002296211
20 0.7548794489092997 0.42329349078341016 0.10907003444316879 0.11481056257175662
14 0.2904707233065442 0.5875828052995391 0.03444316877152698 0.019517795637198625
16 0.6096440872560276 0.5206077188940093 0.10103329506314582 0.11481056257175662
13 0.1819747416762342 0.38207805299539166 0.040183696900114814 0.03673938002296211
4 0.2870264064293915 0.4461909562211982 0.03444316877152698 0.018369690011481057
4 0.182548794489093 0.6494059619815669 0.03444316877152698 0.019517795637198625
4 0.18140068886337543 0.44561851958525345 0.03444316877152698 0.019517795637198625
16 0.6061997703788748 0.3173927131336406 0.10332950631458096 0.11366245694603905
14 0.2876004592422503 0.38322292626728116 0.03329506314580942 0.02066590126291619
4 0.46613088404133174 0.4461909562211982 0.03444316877152698 0.018369690011481057
