6 0.2025993883792049 0.2769618353344768 0.041284403669724766 0.07186544342507645
4 0.7163608562691132 0.8872614708404802 0.047400611620795105 0.024464831804281346
6 0.7163608562691132 0.27848949399656947 0.041284403669724766 0.07492354740061162
6 0.5175840978593272 0.27619800600343053 0.041284403669724766 0.07339449541284404
19 0.2025993883792049 0.4037575042881647 0.05351681957186544 0.0963302752293578
19 0.7163608562691132 0.404521333619211 0.05657492354740061 0.09785932721712538
19 0.35856269113149847 0.5786744210977701 0.0963302752293578 0.05504587155963303
14 0.1811926605504587 0.7619934605488851 0.04434250764525994 0.027522935779816515
4 0.10779816513761468 0.8887891295025729 0.04434250764525994 0.024464831804281346
6 0.7155963302752294 0.7757423885077187 0.04281345565749235 0.0764525993883792
4 0.2025993883792049 0.6695701114922813 0.047400611620795105 0.02599388379204893
2 0.16896024464831805 0.5779105917667239 0.0779816513761468 0.1055045871559633
4 0.5168195718654435 0.8872614708404802 0.04587155963302752 0.024464831804281346
4 0.8853211009174313 0.6130467409948542 0.04587155963302752 0.02599388379204893
14 0.8845565749235474 0.5328446612349914 0.04434250764525994 0.027522935779816515
8 0.10779816513761468 0.7612296312178388 0.05657492354740061 0.05657492354740061
14 0.8272171253822631 0.7879636578044598 0.04281345565749235 0.027522935779816515
4 0.8272171253822631 0.8872614708404802 0.04587155963302752 0.024464831804281346
6 0.5175840978593272 0.7956019511149227 0.041284403669724766 0.0764525993883792
19 0.5175840978593272 0.4037575042881647 0.05657492354740061 0.0963302752293578
10 0.9487767584097859 0.4809042667238422 0.02293577981651376 0.024464831804281346
4 0.1819571865443425 0.8887891295025729 0.04587155963302752 0.024464831804281346
5 0.36314984709480125 0.17766402229845626 0.05045871559633027 0.013761467889908258
2 0.4847094801223242 0.5794382504288165 0.0764525993883792 0.10244648318042812
2 0.6834862385321101 0.5763829331046313 0.0764525993883792 0.1055045871559633
