2 0.16390977443609023 0.5503053806954437 0.06315789473684211 0.07067669172932331
4 0.7796992481203008 0.7862054106714629 0.031578947368421054 0.031578947368421054
5 0.42857142857142855 0.22124737709832135 0.039097744360902256 0.02857142857142857
4 0.18571428571428572 0.7847028627098321 0.031578947368421054 0.03458646616541353
5 0.5909774436090226 0.2219986510791367 0.039097744360902256 0.02706766917293233
2 0.4052631578947368 0.5495541067146282 0.05864661654135338 0.06917293233082707
0 0.4556390977443609 0.289613309352518 0.05714285714285714 0.06917293233082707
5 0.1887218045112782 0.21974482913669063 0.03458646616541353 0.02857142857142857
10 0.09849624060150376 0.5503053806954437 0.04962406015037594 0.04360902255639097
2 0.162406015037594 0.7118292865707434 0.06015037593984962 0.07218045112781954
10 0.34135338345864663 0.7110780125899281 0.045112781954887216 0.04060150375939849
10 0.1 0.7110780125899281 0.04962406015037594 0.04360902255639097
2 0.6150375939849624 0.7133318345323741 0.05714285714285714 0.06917293233082707
2 0.7556390977443609 0.7133318345323741 0.05864661654135338 0.07218045112781954
10 0.34135338345864663 0.5480515587529975 0.045112781954887216 0.039097744360902256
2 0.4037593984962406 0.7133318345323741 0.05864661654135338 0.07218045112781954
4 0.5909774436090226 0.7854541366906476 0.03007518796992481 0.03007518796992481
10 0.9022556390977442 0.501472571942446 0.045112781954887216 0.03609022556390977
0 0.7548872180451128 0.289613309352518 0.05714285714285714 0.06917293233082707
4 0.43007518796992483 0.7847028627098321 0.03007518796992481 0.031578947368421054
0 0.5669172932330827 0.289613309352518 0.05413533834586466 0.06917293233082707
0 0.21203007518796993 0.2888620353717027 0.05714285714285714 0.07067669172932331
5 0.7781954887218046 0.21974482913669063 0.04962406015037594 0.03458646616541353
