10 0.31891348088531185 0.4755797773654916 0.018108651911468814 0.018108651911468814
11 0.6121730382293763 0.6013189935064934 0.039235412474849095 0.07847082494969819
14 0.8787726358148893 0.5862302875695733 0.05331991951710262 0.028169014084507043
10 0.5558350100603622 0.47608273423005565 0.019114688128772636 0.019114688128772636
14 0.7032193158953722 0.5228577226345084 0.028169014084507043 0.05231388329979879
4 0.4381287726358149 0.7547208371985158 0.04527162977867204 0.023138832997987926
2 0.48138832997987924 0.6651945153061225 0.047283702213279676 0.0613682092555332
0 0.6066398390342053 0.3493376043599258 0.05030181086519114 0.0613682092555332
0 0.795774647887324 0.3493376043599258 0.0482897384305835 0.05935613682092557
11 0.26458752515090544 0.6013189935064934 0.04024144869215292 0.07847082494969819
4 0.8782696177062375 0.6586560760667903 0.04225352112676056 0.022132796780684104
9 0.2505030181086519 0.6616738172541743 0.018108651911468814 0.012072434607645875
9 0.4381287726358149 0.6621767741187384 0.01710261569416499 0.011066398390342052
10 0.9089537223340042 0.5228577226345084 0.019114688128772636 0.02012072434607646
0 0.22937625754527163 0.3493376043599258 0.0482897384305835 0.05935613682092557
0 0.14336016096579476 0.34883464749536175 0.04929577464788733 0.06036217303822937
0 0.4180080482897385 0.3498405612244898 0.04929577464788733 0.06237424547283702
2 0.7967806841046278 0.6646915584415585 0.0482897384305835 0.06036217303822937
2 0.3953722334004024 0.6656974721706864 0.0482897384305835 0.06036217303822937
8 0.12374245472837023 0.5374434717068646 0.07243460764587525 0.07142857142857142
0 0.3953722334004024 0.4750768205009276 0.0482897384305835 0.05935613682092557
6 0.5638832997987927 0.5223547657699443 0.06941649899396378 0.039235412474849095
9 0.6282696177062375 0.5198399814471243 0.01710261569416499 0.012072434607645875
5 0.6272635814889336 0.2874739100185529 0.03319919517102616 0.014084507042253521
5 0.25201207243460766 0.2904916512059369 0.03319919517102616 0.014084507042253521
0 0.4793762575452717 0.4755797773654916 0.04929577464788733 0.06036217303822937
5 0.43611670020120724 0.2864679962894249 0.03319919517102616 0.014084507042253521
