10 0.3563262195121951 0.7388429752066116 0.01487603305785124 0.01652892561983471
5 0.5156885162601625 0.08512396694214876 0.049586776859504134 0.02809917355371901
0 0.49091717479674796 0.171900826446281 0.0628099173553719 0.07603305785123966
0 0.4942200203252033 0.27603305785123966 0.0628099173553719 0.07603305785123966
0 0.3918318089430894 0.4198347107438016 0.0628099173553719 0.07603305785123966
0 0.606516768292683 0.41652892561983473 0.0628099173553719 0.07603305785123966
2 0.39761178861788615 0.5950413223140496 0.06446280991735538 0.07603305785123966
2 0.6073424796747967 0.5950413223140496 0.06446280991735538 0.07603305785123966
2 0.4942200203252033 0.8404958677685951 0.0628099173553719 0.07768595041322315
4 0.5198170731707317 0.9322314049586777 0.06776859504132231 0.02975206611570248
10 0.3563262195121951 0.17768595041322313 0.011570247933884299 0.01818181818181818
10 0.3546747967479675 0.2768595041322314 0.01487603305785124 0.01818181818181818
10 0.3282520325203252 0.4198347107438016 0.01487603305785124 0.01652892561983471
10 0.4653201219512195 0.5074380165289256 0.02148760330578512 0.019834710743801654
10 0.3274263211382114 0.5917355371900826 0.01652892561983471 0.01652892561983471
10 0.5429369918699187 0.5942148760330579 0.01487603305785124 0.01818181818181818
10 0.541285569105691 0.4206611570247934 0.01487603305785124 0.01818181818181818
10 0.6808307926829269 0.5066115702479339 0.019834710743801658 0.021487603305785124
10 0.3563262195121951 0.8371900826446282 0.01487603305785124 0.01818181818181818
2 0.4933943089430894 0.7388429752066116 0.06446280991735538 0.07603305785123966
