0 0.4523411371237458 0.458318661971831 0.0451505016722408 0.05351170568561873
0 0.39464882943143814 0.24881004778672028 0.043478260869565216 0.05518394648829431
0 0.14046822742474915 0.45664927062374244 0.043478260869565216 0.05351170568561873
9 0.6872909698996655 0.7179090165995976 0.033444816053511704 0.021739130434782608
0 0.8854515050167224 0.3723450075452716 0.0451505016722408 0.05518394648829431
10 0.8444816053511705 0.518416750503018 0.016722408026755852 0.016722408026755852
2 0.705685618729097 0.8222459758551309 0.043478260869565216 0.05351170568561873
4 0.6889632107023411 0.8965338908450704 0.02341137123745819 0.018394648829431436
2 0.8871237458193979 0.8222459758551309 0.04180602006688963 0.05351170568561873
0 0.8862876254180602 0.21709161217303824 0.043478260869565216 0.05518394648829431
10 0.7466555183946488 0.518416750503018 0.015050167224080266 0.016722408026755852
4 0.15802675585284282 0.8956991951710261 0.021739130434782608 0.02006688963210702
6 0.1588628762541806 0.7020497987927565 0.016722408026755852 0.033444816053511704
5 0.7909698996655519 0.15031595824949698 0.04013377926421404 0.015050167224080266
10 0.07357859531772576 0.458318661971831 0.013377926421404682 0.013377926421404682
0 0.28511705685618727 0.45664927062374244 0.0451505016722408 0.05351170568561873
10 0.22742474916387959 0.4574839662977867 0.016722408026755852 0.015050167224080266
2 0.705685618729097 0.6619844064386318 0.043478260869565216 0.05351170568561873
9 0.689799331103679 0.32226326710261566 0.028428093645484948 0.018394648829431436
0 0.705685618729097 0.2179263078470825 0.043478260869565216 0.05351170568561873
10 0.524247491638796 0.4591533576458753 0.015050167224080266 0.015050167224080266
0 0.7048494983277592 0.37151031187122735 0.0451505016722408 0.05351170568561873
0 0.39548494983277593 0.3614939637826962 0.04180602006688963 0.056856187290969896
9 0.6889632107023411 0.26383456991951715 0.030100334448160532 0.018394648829431436
2 0.8862876254180602 0.6636537977867204 0.043478260869565216 0.05351170568561873
4 0.9021739130434783 0.8973685865191147 0.02508361204013378 0.02006688963210702
