5 0.5971093044263776 0.20970084798994976 0.05600722673893406 0.017163504968383016
10 0.950316169828365 0.5279915201005025 0.014453477868112014 0.014453477868112014
2 0.09530261969286359 0.6521474560301508 0.07136404697380307 0.08943089430894309
0 0.09349593495934959 0.35597911432160806 0.07136404697380307 0.08401084010840107
0 0.25474254742547425 0.40338410804020103 0.06865401987353206 0.07949412827461608
2 0.7028003613369467 0.6516959798994975 0.07407407407407407 0.08491418247515808
0 0.8626919602529359 0.35507616206030146 0.07046070460704607 0.08401084010840107
2 0.7014453477868112 0.5162531407035177 0.07136404697380307 0.08310749774164408
2 0.8626919602529359 0.6024850816582915 0.07046070460704607 0.08220415537488708
4 0.5966576332429991 0.8164847675879396 0.08220415537488708 0.04607046070460704
2 0.37759710930442636 0.466139290201005 0.07046070460704607 0.08220415537488708
2 0.491869918699187 0.6530504082914572 0.07317073170731707 0.08401084010840107
2 0.25383920505871727 0.6900714510050251 0.07046070460704607 0.08401084010840107
0 0.49322493224932257 0.35597911432160806 0.07407407407407407 0.08220415537488708
0 0.25383920505871727 0.5027088567839196 0.06684733514001806 0.08130081300813008
0 0.6996386630532972 0.3555276381909548 0.07136404697380307 0.08310749774164408
0 0.25248419150858176 0.6006791771356783 0.06775067750677506 0.08220415537488708
