10 0.931561996779388 0.6052678571428571 0.024154589371980676 0.025764895330112718
2 0.820450885668277 0.606875 0.07246376811594202 0.07729468599033815
10 0.08051529790660225 0.60125 0.025764895330112718 0.027375201288244767
8 0.714975845410628 0.6020535714285714 0.07729468599033815 0.07729468599033815
2 0.1859903381642512 0.41883928571428564 0.06924315619967794 0.07729468599033815
2 0.820450885668277 0.41883928571428564 0.07246376811594202 0.07729468599033815
10 0.0821256038647343 0.4180357142857143 0.025764895330112718 0.027375201288244767
2 0.30193236714975846 0.5104464285714285 0.07246376811594202 0.07729468599033815
10 0.927536231884058 0.41723214285714294 0.025764895330112718 0.025764895330112718
2 0.6288244766505636 0.5104464285714285 0.07246376811594202 0.07729468599033815
2 0.18679549114331723 0.60125 0.07085346215780998 0.0789049919484702
