14 0.29396325459317585 0.3768841911764706 0.06824146981627296 0.04199475065616798
19 0.17060367454068243 0.26031709558823535 0.13648293963254593 0.07611548556430446
10 0.984251968503937 0.26031709558823535 0.031496062992125984 0.02887139107611548
8 0.3110236220472441 0.6532398897058823 0.10236220472440945 0.10236220472440945
6 0.9251968503937007 0.3768841911764706 0.06036745406824147 0.11023622047244094
4 0.9238845144356954 0.5209558823529411 0.06824146981627296 0.047244094488188976
19 0.6509186351706037 0.6545496323529412 0.07874015748031496 0.13123359580052493
10 0.38320209973753283 0.8143382352941178 0.031496062992125984 0.031496062992125984
8 0.47375328083989493 0.3755744485294118 0.10236220472440945 0.10236220472440945
4 0.027559055118110236 0.26031709558823535 0.049868766404199474 0.06561679790026247
19 0.4540682414698162 0.6532398897058823 0.07874015748031496 0.13385826771653545
8 0.7913385826771654 0.6532398897058823 0.10236220472440945 0.10236220472440945
4 0.7217847769028871 0.81171875 0.06824146981627296 0.047244094488188976
