16 0.28433734939759037 0.34110331632653057 0.12289156626506023 0.12289156626506023
16 0.2849397590361446 0.5920878507653061 0.12168674698795182 0.12168674698795179
16 0.6897590361445783 0.5932916135204082 0.12409638554216869 0.12168674698795179
10 0.11506024096385543 0.34110331632653057 0.025301204819277112 0.026506024096385545
10 0.11506024096385543 0.5926897321428571 0.025301204819277112 0.026506024096385545
10 0.8656626506024097 0.34110331632653057 0.027710843373493978 0.028915662650602414
16 0.48674698795180726 0.34110331632653057 0.12289156626506023 0.12289156626506023
16 0.4879518072289157 0.5932916135204082 0.12289156626506023 0.12168674698795179
10 0.8656626506024097 0.5920878507653061 0.027710843373493978 0.027710843373493978
16 0.6897590361445783 0.34110331632653057 0.12168674698795182 0.12289156626506023
