2 0.8282312925170068 0.5569921875 0.03968253968253968 0.05215419501133787
2 0.27834467120181405 0.669140625 0.0419501133786848 0.04988662131519274
2 0.246031746031746 0.4765625 0.04308390022675737 0.04988662131519274
2 0.4404761904761905 0.55642578125 0.03968253968253968 0.05102040816326531
0 0.6292517006802721 0.26246093750000005 0.047619047619047616 0.04988662131519274
0 0.08956916099773243 0.261328125 0.04988662131519274 0.05215419501133787
4 0.36507936507936506 0.7586328125 0.05215419501133787 0.027210884353741492
5 0.36507936507936506 0.184296875 0.07256235827664399 0.011337868480725623
0 0.8236961451247165 0.26189453125 0.048752834467120185 0.05102040816326531
0 0.24149659863945577 0.26076171875 0.047619047619047616 0.05102040816326531
2 0.4399092970521542 0.40859375 0.04081632653061225 0.04988662131519274
2 0.6349206349206349 0.5569921875 0.04081632653061225 0.05215419501133787
2 0.6332199546485261 0.40859375 0.03968253968253968 0.04988662131519274
2 0.08390022675736962 0.47599609374999996 0.045351473922902494 0.05102040816326531
0 0.43594104308390025 0.26189453125 0.048752834467120185 0.048752834467120185
10 0.9682539682539681 0.4776953125 0.027210884353741492 0.029478458049886618
