2 0.3581267217630854 0.4739365734501348 0.023140495867768597 0.028650137741046834
0 0.47162534435261716 0.4379369524932614 0.023140495867768597 0.029201101928374655
0 0.4732782369146006 0.35274700977088946 0.026446280991735537 0.029201101928374655
0 0.6746556473829202 0.35274700977088946 0.02809917355371901 0.030303030303030304
5 0.5212121212121212 0.3087780070754717 0.04297520661157025 0.01046831955922865
14 0.5269972451790633 0.36951019204851754 0.023691460055096418 0.012121212121212121
0 0.13608815426997245 0.38077724898921833 0.028650137741046834 0.029201101928374655
0 0.13636363636363635 0.521203251347709 0.02809917355371901 0.029752066115702486
2 0.6774104683195592 0.5245009265498652 0.023691460055096418 0.029752066115702486
2 0.13333333333333333 0.5907292368598382 0.023140495867768597 0.029201101928374655
0 0.13636363636363635 0.45415052223719676 0.029201101928374655 0.028650137741046834
0 0.78732782369146 0.35274700977088946 0.026446280991735537 0.029201101928374655
2 0.7895316804407714 0.4379369524932614 0.023140495867768597 0.030303030303030304
0 0.5619834710743802 0.3524722035040431 0.027548209366391185 0.029752066115702486
2 0.790633608815427 0.5245009265498652 0.024242424242424242 0.03085399449035813
2 0.47134986225895315 0.5245009265498652 0.023691460055096418 0.029752066115702486
14 0.6068870523415978 0.33598382749326144 0.022589531680440773 0.011019283746556474
2 0.22672176308539943 0.47366176718328845 0.023691460055096418 0.029201101928374655
0 0.9002754820936639 0.3521973972371968 0.027548209366391185 0.030303030303030304
0 0.24848484848484848 0.38077724898921833 0.028650137741046834 0.029201101928374655
2 0.020385674931129475 0.521203251347709 0.024242424242424242 0.029752066115702486
2 0.2983471074380165 0.559401322439353 0.023691460055096418 0.029201101928374655
2 0.9027548209366392 0.5247757328167116 0.022589531680440773 0.03140495867768596
2 0.5650137741046832 0.4382117587601078 0.023691460055096418 0.029752066115702486
4 0.5209366391184573 0.6423928150269542 0.03140495867768596 0.015977961432506887
10 0.9845730027548211 0.47888308625336934 0.01652892561983471 0.016528925619834708
14 0.40771349862258954 0.5206536388140162 0.02534435261707989 0.012121212121212121
2 0.5840220385674931 0.5910040431266846 0.023140495867768597 0.029752066115702486
0 0.33636363636363636 0.38132686152291106 0.02809917355371901 0.029201101928374655
2 0.5644628099173554 0.5245009265498652 0.023691460055096418 0.03085399449035813
2 0.6768595041322314 0.4379369524932614 0.023691460055096418 0.030303030303030304
