4 0.7284300595238095 0.9528301886792454 0.10377358490566038 0.0440251572327044
10 0.46624999999999994 0.21540880503144652 0.04402515723270441 0.04716981132075472
10 0.46624999999999994 0.49371069182389943 0.050314465408805034 0.050314465408805034
6 0.46624999999999994 0.6446540880503144 0.09433962264150944 0.18238993710691823
2 0.6734821428571429 0.8050314465408805 0.13836477987421383 0.16352201257861637
10 0.8838541666666666 0.5094339622641509 0.04402515723270441 0.0440251572327044
14 0.29826636904761905 0.8018867924528303 0.05345911949685535 0.14465408805031446
5 0.7315699404761905 0.08018867924528301 0.0849056603773585 0.03459119496855346
0 0.6750520833333333 0.2138364779874214 0.1352201257861635 0.16352201257861637
10 0.12714285714285717 0.8050314465408805 0.05660377358490566 0.050314465408805034
