10 0.04579439252336449 0.10491543708240533 0.0616822429906542 0.03177570093457944
6 0.44299065420560746 0.41605999443207126 0.04859813084112149 0.08971962616822429
6 0.3205607476635514 0.7169265033407572 0.05046728971962616 0.08971962616822429
4 0.49252336448598133 0.8925876948775056 0.06542056074766354 0.022429906542056073
0 0.6214953271028038 0.19181166481069042 0.057943925233644854 0.07102803738317756
10 0.9728971962616824 0.5001531180400891 0.05420560747663551 0.02616822429906542
0 0.34205607476635513 0.19274603285077951 0.05607476635514018 0.07289719626168224
0 0.8626168224299067 0.19087729677060133 0.057943925233644854 0.07289719626168224
20 0.17570093457943925 0.261889267817372 0.12710280373831775 0.12897196261682242
12 0.3514018691588785 0.574902561247216 0.07850467289719626 0.08971962616822429
6 0.4934579439252336 0.7169265033407572 0.05233644859813084 0.08971962616822429
12 0.6140186915887851 0.5730338251670378 0.07663551401869159 0.08971962616822429
6 0.5205607476635514 0.41605999443207126 0.05046728971962616 0.08971962616822429
6 0.8841121495327103 0.6683393652561247 0.05233644859813084 0.09345794392523363
