14 0.5111505681818181 0.8415178571428571 0.12053571428571427 0.05357142857142857
10 0.7263565340909091 0.265625 0.020089285714285716 0.017857142857142856
2 0.1498721590909091 0.8549107142857142 0.08928571428571429 0.08482142857142858
5 0.3193607954545455 0.11607142857142858 0.11160714285714286 0.03125
4 0.8980752840909091 0.9587053571428571 0.09598214285714286 0.05133928571428572
0 0.3227059659090909 0.7555803571428571 0.08258928571428573 0.10044642857142858
4 0.11530539772727273 0.9587053571428571 0.09598214285714286 0.05133928571428572
14 0.8958451704545455 0.3359375 0.12276785714285714 0.06026785714285714
14 0.8958451704545455 0.6450892857142857 0.12276785714285714 0.05803571428571429
0 0.5568678977272727 0.265625 0.09598214285714286 0.08482142857142858
14 0.11530539772727273 0.5513392857142857 0.12276785714285714 0.05803571428571429
0 0.6929048295454545 0.7555803571428571 0.08705357142857142 0.09598214285714286
2 0.4765838068181818 0.6238839285714286 0.08705357142857142 0.08705357142857142
0 0.3617329545454545 0.19977678571428573 0.09821428571428573 0.08258928571428573
10 0.2680681818181818 0.5357142857142857 0.017857142857142856 0.017857142857142856
0 0.4698934659090909 0.45424107142857145 0.10044642857142858 0.08705357142857142
4 0.5133806818181819 0.9587053571428571 0.09375 0.05133928571428572
9 0.512265625 0.19196428571428573 0.046875 0.03125
2 0.8623934659090908 0.8549107142857142 0.09151785714285714 0.08482142857142858
10 0.32493607954545456 0.8895089285714286 0.015624999999999997 0.011160714285714286
