14 0.5954433497536946 0.47478390957446803 0.023399014778325126 0.038177339901477834
6 0.37192118226600984 0.47478390957446803 0.06157635467980296 0.0332512315270936
14 0.5566502463054187 0.2736702127659575 0.03694581280788178 0.024630541871921183
5 0.4642857142857143 0.18326130319148937 0.03940886699507389 0.013546798029556651
2 0.6884236453201971 0.47478390957446803 0.06157635467980296 0.08004926108374386
2 0.43842364532019706 0.5676529255319148 0.05911330049261084 0.07881773399014778
12 0.6945812807881774 0.6931183510638298 0.04679802955665025 0.07142857142857142
10 0.10775862068965517 0.5061502659574468 0.04064039408866995 0.034482758620689655
4 0.46366995073891626 0.8148936170212766 0.038177339901477834 0.027093596059113302
10 0.8848522167487685 0.5664228723404255 0.04310344827586207 0.03940886699507389
14 0.1705665024630542 0.5049202127659574 0.023399014778325126 0.03694581280788177
14 0.8245073891625616 0.5670378989361702 0.023399014778325126 0.038177339901477834
0 0.4402709359605911 0.3812998670212766 0.05788177339901478 0.07758620689655173
8 0.4642857142857143 0.2693650265957447 0.054187192118226604 0.05541871921182266
