10 0.9368351063829788 0.7737112226277373 0.02792553191489362 0.03191489361702128
2 0.4601063829787234 0.4262574133211679 0.07712765957446809 0.09441489361702128
10 0.9368351063829788 0.28475136861313866 0.02792553191489362 0.03191489361702128
2 0.7134308510638298 0.42692176094890505 0.07579787234042554 0.09574468085106383
2 0.7127659574468085 0.620246920620438 0.07712765957446809 0.09707446808510638
4 0.550531914893617 0.831509466240876 0.07712765957446809 0.04122340425531915
2 0.21808510638297873 0.42692176094890505 0.07712765957446809 0.09574468085106383
10 0.1875 0.17845574817518248 0.02127659574468085 0.02127659574468085
2 0.45944148936170215 0.6189182253649635 0.07579787234042554 0.09707446808510638
10 0.42686170212765956 0.17845574817518248 0.02127659574468085 0.02127659574468085
10 0.11236702127659574 0.7750399178832117 0.0199468085106383 0.02127659574468085
