10 0.9403669724770642 0.5824260013204225 0.03058103975535168 0.03211009174311927
2 0.21483180428134557 0.4793711487676056 0.0779816513761468 0.09785932721712538
10 0.9403669724770642 0.6847174845950704 0.03058103975535168 0.03211009174311927
0 0.6230886850152905 0.4289887764084507 0.0779816513761468 0.09480122324159021
2 0.418960244648318 0.5831893705985915 0.0764525993883792 0.09785932721712538
9 0.6559633027522935 0.501508857834507 0.03058103975535168 0.019877675840978593
0 0.7255351681957186 0.2503603653169014 0.07492354740061162 0.09785932721712538
10 0.11238532110091744 0.4793711487676056 0.0290519877675841 0.03058103975535168
4 0.34785932721712537 0.8610557878521128 0.05045871559633027 0.01834862385321101
2 0.6230886850152905 0.7610544124119718 0.08103975535168195 0.09938837920489296
2 0.3172782874617737 0.7610544124119718 0.0779816513761468 0.09938837920489296
2 0.8272171253822631 0.7610544124119718 0.0764525993883792 0.09938837920489296
0 0.42048929663608564 0.2518871038732394 0.0764525993883792 0.09785932721712538
0 0.8272171253822631 0.5060890735035211 0.0764525993883792 0.0963302752293578
0 0.21483180428134557 0.2511237345950704 0.0779816513761468 0.0963302752293578
9 0.4518348623853211 0.4251719300176056 0.0290519877675841 0.019877675840978593
9 0.8600917431192661 0.5778457856514084 0.0290519877675841 0.02293577981651376
9 0.2484709480122324 0.5763190470950704 0.0290519877675841 0.02293577981651376
10 0.11162079510703364 0.5816626320422535 0.03058103975535168 0.03058103975535168
5 0.4548929663608562 0.1526490977112676 0.05657492354740061 0.024464831804281346
10 0.154434250764526 0.7564741967429577 0.027522935779816515 0.02599388379204893
5 0.2423547400611621 0.1526490977112676 0.05657492354740061 0.024464831804281346
10 0.1559633027522936 0.8595290492957746 0.027522935779816515 0.027522935779816515
10 0.1529051987767584 0.2488336267605634 0.027522935779816515 0.027522935779816515
