14 0.47474747474747475 0.5281347656250001 0.05050505050505051 0.017676767676767676
8 0.9234006734006733 0.523935546875 0.05050505050505051 0.05134680134680134
19 0.21296296296296297 0.5260351562500001 0.028619528619528618 0.06734006734006734
8 0.1632996632996633 0.5319140625000001 0.05050505050505051 0.05218855218855219
19 0.2697811447811448 0.52771484375 0.02946127946127946 0.06734006734006734
19 0.6460437710437711 0.44541015625 0.06481481481481481 0.026936026936026935
14 0.7053872053872053 0.532333984375 0.05218855218855219 0.017676767676767676
6 0.5677609427609428 0.44541015625 0.054713804713804715 0.028619528619528618
7 0.06018518518518519 0.5310742187499999 0.05134680134680134 0.05050505050505051
6 0.8299663299663301 0.5264550781249999 0.026936026936026935 0.056397306397306404
7 0.3207070707070707 0.44708984375 0.05218855218855219 0.05218855218855219
19 0.3952020202020202 0.44541015625 0.0664983164983165 0.028619528619528618
