0 0.4940308988764045 0.3734238656195462 0.03300561797752809 0.0449438202247191
0 0.09796348314606741 0.37237265488656196 0.03300561797752809 0.04424157303370786
0 0.16748595505617977 0.3727230584642234 0.03441011235955056 0.0449438202247191
0 0.6292134831460674 0.4880058355148342 0.033707865168539325 0.04424157303370786
2 0.7054073033707865 0.5850676265270506 0.03160112359550561 0.0449438202247191
0 0.7320926966292135 0.4880058355148342 0.03300561797752809 0.04424157303370786
2 0.8788623595505618 0.585418030104712 0.03160112359550561 0.04424157303370786
0 0.8019662921348315 0.4880058355148342 0.03230337078651686 0.04424157303370786
10 0.9740168539325843 0.4890570462478185 0.03511235955056179 0.026685393258426966
0 0.8405898876404494 0.37237265488656196 0.033707865168539325 0.04424157303370786
2 0.1678370786516854 0.5857684336823735 0.03511235955056179 0.04634831460674157
0 0.2633426966292135 0.3734238656195462 0.03511235955056179 0.04634831460674157
2 0.4554073033707865 0.5861188372600349 0.03300561797752809 0.04564606741573034
0 0.45681179775280895 0.48765543193717276 0.03441011235955056 0.0449438202247191
2 0.5319522471910112 0.5857684336823735 0.03160112359550561 0.0449438202247191
0 0.6667837078651685 0.3727230584642234 0.03300561797752809 0.04353932584269663
2 0.8016151685393258 0.5857684336823735 0.03160112359550561 0.0449438202247191
8 0.08497191011235955 0.5177901396160559 0.042134831460674156 0.04353932584269663
0 0.9055477528089888 0.48765543193717276 0.03300561797752809 0.04353932584269663
2 0.6285112359550562 0.5864692408376964 0.03230337078651686 0.04634831460674157
0 0.557935393258427 0.48765543193717276 0.03441011235955056 0.04353932584269663
2 0.35990168539325845 0.5857684336823735 0.03441011235955056 0.0449438202247191
11 0.26264044943820225 0.5752563263525305 0.03792134831460674 0.06741573033707865
2 0.3595505617977528 0.4897578534031414 0.033707865168539325 0.0449438202247191
4 0.8936095505617978 0.6327225130890053 0.020365168539325844 0.012640449438202247
4 0.815308988764045 0.6334233202443281 0.019662921348314606 0.012640449438202247
4 0.7180477528089888 0.6337737238219896 0.020365168539325844 0.011938202247191011
4 0.6457162921348315 0.6327225130890053 0.020365168539325844 0.012640449438202247
4 0.5445926966292135 0.6330729166666667 0.020365168539325844 0.011938202247191011
4 0.4705056179775281 0.6327225130890053 0.019662921348314606 0.012640449438202247
4 0.375 0.6320217059336823 0.019662921348314606 0.012640449438202247
4 0.2777387640449438 0.6323721095113438 0.020365168539325844 0.011938202247191011
4 0.22823033707865167 0.6323721095113438 0.019662921348314606 0.011938202247191011
4 0.18223314606741572 0.6330729166666667 0.020365168539325844 0.011938202247191011
4 0.08567415730337079 0.6334233202443281 0.019662921348314606 0.012640449438202247
5 0.855688202247191 0.3257689790575916 0.020365168539325844 0.012640449438202247
5 0.6815308988764045 0.3268201897905759 0.020365168539325844 0.011938202247191011
5 0.5080758426966292 0.3254185754799302 0.020365168539325844 0.011938202247191011
5 0.37429775280898875 0.3257689790575916 0.019662921348314606 0.012640449438202247
5 0.27668539325842695 0.3247177683246073 0.019662921348314606 0.011938202247191011
5 0.18082865168539325 0.32611938263525303 0.020365168539325844 0.011938202247191011
5 0.0860252808988764 0.3254185754799302 0.020365168539325844 0.011938202247191011
