2 0.541340782122905 0.44008771929824564 0.09720670391061453 0.09162011173184358
4 0.3005586592178771 0.7731181469298246 0.08268156424581005 0.03687150837988827
8 0.44357541899441333 0.6119024122807017 0.0893854748603352 0.08715083798882682
14 0.3642458100558659 0.48694627192982454 0.04022346368715084 0.06256983240223464
0 0.7743016759776536 0.3050904605263158 0.09608938547486033 0.10502793296089388
5 0.5458100558659218 0.34748629385964913 0.059217877094972074 0.0223463687150838
5 0.8162011173184357 0.213046875 0.08379888268156424 0.02569832402234637
2 0.7754189944134078 0.6699177631578948 0.09608938547486033 0.1005586592178771
0 0.25977653631284914 0.3034169407894737 0.09497206703910614 0.10614525139664806
4 0.8162011173184357 0.7731181469298246 0.08379888268156424 0.03687150837988827
5 0.2988826815642458 0.2091419956140351 0.08156424581005586 0.01787709497206704
2 0.25977653631284914 0.6682442434210526 0.09720670391061453 0.10167597765363127
6 0.21284916201117315 0.4847149122807018 0.13072625698324022 0.055865921787709494
10 0.9435754189944134 0.4239103618421053 0.02346368715083799 0.016759776536312852
