14 0.907563025210084 0.5351806640625 0.05042016806722689 0.024009603841536616
4 0.7569027611044418 0.8636328124999999 0.0468187274909964 0.026410564225690276
0 0.2394957983193277 0.25527709960937506 0.04441776710684274 0.07563025210084033
0 0.773109243697479 0.39732666015625 0.04561824729891957 0.07923169267707084
0 0.2388955582232893 0.396727294921875 0.04321728691476591 0.078031212484994
2 0.39195678271308526 0.510606689453125 0.04441776710684274 0.078031212484994
2 0.7737094837935174 0.5393762207031251 0.04441776710684274 0.078031212484994
2 0.6206482593037215 0.5112060546875 0.04561824729891957 0.07923169267707084
4 0.9081632653061223 0.703602294921875 0.04921968787515006 0.025210084033613446
4 0.25570228091236497 0.8570397949218751 0.04801920768307323 0.027611044417767107
4 0.10264105642256902 0.710794677734375 0.0468187274909964 0.025210084033613446
2 0.2388955582232893 0.5399755859375 0.04321728691476591 0.07683073229291718
14 0.10324129651860744 0.540574951171875 0.04801920768307323 0.022809123649459785
2 0.2382953181272509 0.682025146484375 0.04441776710684274 0.078031212484994
0 0.7737094837935174 0.25467773437499996 0.0468187274909964 0.0816326530612245
10 0.8463385354141657 0.28164916992187494 0.009603841536614645 0.008403361344537816
2 0.4903961584633853 0.682025146484375 0.04441776710684274 0.078031212484994
4 0.5060024009603842 0.858238525390625 0.0468187274909964 0.027611044417767107
10 0.16806722689075632 0.28224853515625004 0.009603841536614645 0.009603841536614647
10 0.8445378151260504 0.424298095703125 0.010804321728691477 0.010804321728691477
10 0.846938775510204 0.7083972167968751 0.010804321728691477 0.010804321728691477
10 0.846938775510204 0.564549560546875 0.010804321728691477 0.010804321728691477
10 0.6932773109243697 0.5369787597656249 0.010804321728691477 0.010804321728691477
10 0.3187274909963986 0.5369787597656249 0.010804321728691477 0.010804321728691477
10 0.41956782713085233 0.709595947265625 0.010804321728691477 0.010804321728691477
10 0.1674669867947179 0.7083972167968751 0.010804321728691477 0.010804321728691477
10 0.1674669867947179 0.565748291015625 0.010804321728691477 0.010804321728691477
10 0.1674669867947179 0.424298095703125 0.010804321728691477 0.010804321728691477
2 0.7743097238895558 0.68142578125 0.04561824729891957 0.07923169267707084
