10 0.08413461538461539 0.772078215317919 0.01682692307692308 0.015625
2 0.8155048076923077 0.7714776011560693 0.06850961538461539 0.08413461538461539
14 0.5492788461538461 0.36305997109826593 0.05048076923076923 0.02403846153846154
9 0.2842548076923077 0.46276192196531785 0.02043269230769231 0.014423076923076922
10 0.9164663461538461 0.6195222182080925 0.015625 0.015625
10 0.9164663461538461 0.46576499277456646 0.015625 0.015625
0 0.4519230769230769 0.23212608381502892 0.06730769230769232 0.08653846153846154
10 0.08353365384615384 0.6189216040462429 0.015625 0.01682692307692308
0 0.18629807692307693 0.37507225433526015 0.06730769230769232 0.08413461538461539
4 0.24879807692307693 0.8916004335260116 0.052884615384615384 0.028846153846153844
2 0.22115384615384617 0.7714776011560693 0.06730769230769232 0.08653846153846154
2 0.3954326923076923 0.464563764450867 0.06730769230769232 0.08533653846153846
4 0.7854567307692307 0.8922010476878613 0.05168269230769231 0.030048076923076927
10 0.4236778846153847 0.8471549855491329 0.015625 0.01682692307692308
0 0.31310096153846156 0.6189216040462429 0.06610576923076923 0.08653846153846154
10 0.08353365384615384 0.37567286849710985 0.015625 0.015625
0 0.7572115384615384 0.31260838150289016 0.06730769230769232 0.08653846153846154
6 0.6586538461538461 0.41050848988439304 0.10096153846153846 0.042067307692307696
0 0.8143028846153847 0.46516437861271676 0.06850961538461539 0.08413461538461539
5 0.4236778846153847 0.13602781791907514 0.06370192307692309 0.014423076923076922
10 0.5558894230769231 0.23332731213872834 0.015625 0.01682692307692308
10 0.9170673076923077 0.7726788294797688 0.01682692307692308 0.01682692307692308
2 0.8137019230769231 0.6189216040462429 0.06730769230769232 0.08413461538461539
10 0.9164663461538461 0.5564577312138728 0.015625 0.01682692307692308
2 0.18629807692307693 0.6183209898843931 0.06730769230769232 0.08533653846153846
