10 0.9815880322209436 0.8558639947437582 0.020713463751438434 0.020713463751438434
4 0.15765247410817032 0.30798291721419185 0.05523590333716917 0.03567318757192174
8 0.42405063291139233 0.7380091984231274 0.05868814729574223 0.1047180667433832
17 0.44361334867663976 0.43618593955321944 0.06789413118527042 0.06904487917146145
18 0.6081703107019563 0.2947601839684625 0.03567318757192175 0.05753739930955121
17 0.7802071346375143 0.4281373193166885 0.04142692750287687 0.08285385500575373
14 0.7721518987341772 0.7293856767411301 0.05523590333716917 0.03682393555811277
4 0.6093210586881473 0.9127792378449409 0.054085155350978145 0.031070195627157654
17 0.7917146144994246 0.18092969776609724 0.0667433831990794 0.07134637514384348
10 0.9815880322209436 0.6236038107752957 0.020713463751438434 0.020713463751438434
17 0.4298043728423475 0.17460578186596584 0.04027617951668584 0.08400460299194476
18 0.15880322209436135 0.21542378449408672 0.10356731875719219 0.08515535097813579
10 0.4919447640966628 0.6937417871222077 0.00805523590333717 0.009205983889528193
