10 0.8627167630057804 0.4956098044397462 0.03468208092485549 0.03468208092485549
10 0.14595375722543352 0.4342577299154334 0.01445086705202312 0.015895953757225433
4 0.5108381502890174 0.8117534355179703 0.07369942196531791 0.04046242774566474
2 0.342485549132948 0.6183139534883721 0.1069364161849711 0.08670520231213873
2 0.5859826589595376 0.6197575317124736 0.10549132947976878 0.08670520231213873
0 0.583092485549133 0.30866642441860465 0.0968208092485549 0.08526011560693642
0 0.5845375722543352 0.429926995243129 0.0968208092485549 0.08526011560693642
10 0.6365606936416185 0.43353594080338265 0.010115606936416185 0.011560693641618497
10 0.5708092485549133 0.1902930100422833 0.02023121387283237 0.02167630057803468
10 0.14234104046242774 0.30866642441860465 0.015895953757225433 0.02167630057803468
10 0.6336705202312138 0.3108317917547569 0.010115606936416185 0.011560693641618497
