5 0.7519863791146425 0.1956612240484429 0.03518728717366629 0.015891032917139614
0 0.572644721906924 0.30949529628027683 0.057888762769580014 0.07150964812712826
5 0.4398410896708286 0.19509488538062283 0.032917139614074914 0.014755959137343927
0 0.7275822928490352 0.36726184039792387 0.05902383654937571 0.07377979568671963
0 0.11577752553916003 0.36782817906574394 0.06356413166855845 0.07491486946651532
8 0.40124858115777523 0.6204152249134948 0.08967082860385925 0.08853575482406358
0 0.2690124858115778 0.42559472318339103 0.06129398410896708 0.07491486946651532
0 0.88422247446084 0.42502838451557096 0.06129398410896708 0.07377979568671963
18 0.44154370034052215 0.7506731185121107 0.06356413166855845 0.049943246311010214
9 0.4409761634506243 0.4210640138408305 0.021566401816118047 0.015891032917139614
0 0.46594778660612934 0.3100616349480969 0.057888762769580014 0.07264472190692395
9 0.5964812712826334 0.36443014705882354 0.021566401816118047 0.015891032917139614
2 0.11577752553916003 0.6974372837370242 0.05902383654937571 0.0771850170261067
2 0.22304199772985242 0.6974372837370242 0.0601589103291714 0.0771850170261067
10 0.6753688989784336 0.4641057525951557 0.02043132803632236 0.02043132803632236
2 0.4160045402951192 0.4658047685986159 0.057888762769580014 0.07377979568671963
2 0.7763904653802497 0.695738267733564 0.06129398410896708 0.07604994324631101
10 0.956299659477866 0.5428268274221454 0.02383654937570942 0.021566401816118047
18 0.5158910329171397 0.24549902681660898 0.0601589103291714 0.05221339387060159
10 0.04370034052213394 0.5422604887543253 0.02383654937570942 0.022701475595913734
10 0.36322360953461974 0.46523842993079584 0.02043132803632236 0.02043132803632236
2 0.49432463110102154 0.6985699610726643 0.057888762769580014 0.07264472190692395
9 0.5192962542565267 0.6170171929065744 0.026106696935300794 0.015891032917139614
2 0.8847900113507376 0.6974372837370242 0.0601589103291714 0.0771850170261067
2 0.6220204313280363 0.4658047685986159 0.056753688989784334 0.07377979568671963
5 0.24517593643586832 0.1956612240484429 0.0340522133938706 0.015891032917139614
5 0.5198637911464246 0.19226319204152248 0.0340522133938706 0.015891032917139614
5 0.5947786606129398 0.19339586937716263 0.0340522133938706 0.015891032917139614
