10 0.11363636363636362 0.4928340517241379 0.02631578947368421 0.028708133971291867
4 0.05502392344497607 0.3984823994252874 0.05741626794258373 0.03588516746411484
6 0.42344497607655496 0.40206537356321836 0.0430622009569378 0.0813397129186603
10 0.37679425837320574 0.4928340517241379 0.02631578947368421 0.028708133971291867
5 0.44497607655502397 0.10348419540229885 0.0813397129186603 0.019138755980861243
0 0.20574162679425836 0.20619612068965515 0.07177033492822966 0.0813397129186603
0 0.7081339712918661 0.2659123563218391 0.07177033492822966 0.0861244019138756
14 0.23564593301435405 0.611072198275862 0.0645933014354067 0.031100478468899528
0 0.6088516746411483 0.40206537356321836 0.06937799043062201 0.0813397129186603
4 0.1423444976076555 0.875017959770115 0.05502392344497607 0.03827751196172249
10 0.8923444976076557 0.4904454022988506 0.028708133971291867 0.028708133971291867
8 0.053827751196172245 0.644513290229885 0.07894736842105263 0.07416267942583732
0 0.7643540669856459 0.3901221264367816 0.07416267942583732 0.0861244019138756
5 0.42344497607655496 0.329211566091954 0.06698564593301434 0.026315789473684216
2 0.7655502392344498 0.6003232758620689 0.07655502392344497 0.0861244019138756
14 0.23684210526315788 0.3578753591954023 0.06698564593301434 0.031100478468899528
6 0.42344497607655496 0.596740301724138 0.0430622009569378 0.07894736842105263
0 0.08373205741626795 0.20380747126436782 0.07177033492822966 0.0861244019138756
2 0.08253588516746412 0.7723060344827586 0.07416267942583732 0.0861244019138756
8 0.05502392344497607 0.3208512931034483 0.07655502392344497 0.07655502392344497
2 0.7081339712918661 0.7209500718390804 0.07655502392344497 0.08851674641148324
2 0.6088516746411483 0.5836027298850575 0.06937799043062201 0.0861244019138756
2 0.20574162679425836 0.771111709770115 0.07655502392344497 0.08851674641148324
5 0.053827751196172245 0.5812140804597702 0.08373205741626795 0.028708133971291867
4 0.42344497607655496 0.6743714080459771 0.05263157894736842 0.03827751196172249
