21 0.22761627906976747 0.5227380646817249 0.009883720930232558 0.01744186046511628
10 0.12238372093023256 0.4202403105749487 0.00872093023255814 0.009883720930232558
14 0.14622093023255814 0.41936922484599587 0.006395348837209302 0.011627906976744186
4 0.4058139534883721 0.5944574563655032 0.01744186046511628 0.006395348837209302
21 0.5712209302325582 0.4963151309034908 0.009883720930232558 0.018023255813953486
5 0.1811046511627907 0.3859776052361396 0.01686046511627907 0.006395348837209302
21 0.6811046511627907 0.4736669019507187 0.01918604651162791 0.009883720930232558
5 0.5322674418604652 0.38568724332648874 0.01802325581395349 0.004651162790697674
14 0.7084302325581395 0.5616465605749486 0.006395348837209302 0.013953488372093023
6 0.22761627906976747 0.5578718557494866 0.011046511627906977 0.02267441860465116
21 0.043313953488372095 0.55264534137577 0.00872093023255814 0.018023255813953486
21 0.18023255813953487 0.47744160677618075 0.010465116279069767 0.018604651162790697
21 0.8729651162790699 0.4730861781314168 0.01918604651162791 0.009883720930232558
4 0.14215116279069767 0.5651309034907598 0.012209302325581395 0.00813953488372093
14 0.8319767441860465 0.4861524640657084 0.0069767441860465115 0.013953488372093023
21 0.06337209302325582 0.5268031314168378 0.018604651162790697 0.009302325581395349
14 0.38284883720930235 0.5668730749486652 0.005232558139534884 0.012790697674418604
21 0.5970930232558139 0.472505454312115 0.018604651162790697 0.009883720930232558
10 0.030523255813953487 0.5857465990759754 0.00872093023255814 0.012209302325581395
6 0.18023255813953487 0.4472439681724846 0.011627906976744186 0.023255813953488372
4 0.4877906976744186 0.5459670174537987 0.012790697674418604 0.00813953488372093
21 0.5319767441860465 0.4507283110882957 0.009302325581395349 0.018604651162790697
21 0.15930232558139534 0.4983476642710472 0.018604651162790697 0.010465116279069767
14 0.8680232558139535 0.40049570071868584 0.0069767441860465115 0.013372093023255812
21 0.7034883720930233 0.4478246919917865 0.009302325581395349 0.01744186046511628
6 0.8043604651162791 0.4861524640657084 0.01686046511627907 0.010465116279069767
4 0.08139534883720931 0.6185574948665298 0.01627906976744186 0.0069767441860465115
14 0.3819767441860465 0.4986380261806982 0.0069767441860465115 0.012209302325581395
21 0.7418604651162791 0.5018320071868583 0.010465116279069767 0.019767441860465116
5 0.3607558139534884 0.38742941478439424 0.01686046511627907 0.005813953488372093
14 0.2061046511627907 0.4983476642710472 0.006395348837209302 0.011627906976744186
21 0.8927325581395349 0.45276084445585213 0.009883720930232558 0.018023255813953486
6 0.5712209302325582 0.5314489219712526 0.009883720930232558 0.022093023255813953
4 0.6482558139534884 0.5433537602669405 0.012790697674418604 0.00872093023255814
21 0.40523255813953496 0.53377181724846 0.010465116279069767 0.018604651162790697
10 0.9767441860465116 0.4733765400410678 0.00813953488372093 0.009302325581395349
14 0.029941860465116276 0.5268031314168378 0.006395348837209302 0.012790697674418604
21 0.1 0.5268031314168378 0.01744186046511628 0.009302325581395349
6 0.7418604651162791 0.5340621791581108 0.011627906976744186 0.021511627906976742
21 0.0816860465116279 0.5511935318275154 0.009883720930232558 0.01744186046511628
6 0.8930232558139535 0.42517646303901435 0.010465116279069767 0.020930232558139535
6 0.2837209302325581 0.5221573408624229 0.018604651162790697 0.009302325581395349
5 0.7034883720930233 0.38365470995893225 0.01627906976744186 0.006395348837209302
14 0.062209302325581396 0.5854562371663244 0.005813953488372093 0.012790697674418604
21 0.35959302325581394 0.4652464065708418 0.009883720930232558 0.01744186046511628
14 0.5081395348837209 0.4202403105749487 0.0069767441860465115 0.015697674418604653
10 0.30523255813953487 0.42517646303901435 0.00813953488372093 0.012790697674418604
10 0.1697674418604651 0.5854562371663244 0.00813953488372093 0.012790697674418604
10 0.4744186046511628 0.4208210343942505 0.00813953488372093 0.012209302325581395
10 0.6436046511627908 0.4167559676591376 0.00813953488372093 0.012209302325581395
21 0.5090116279069767 0.472505454312115 0.01918604651162791 0.011046511627906977
21 0.9142441860465116 0.4730861781314168 0.01918604651162791 0.011046511627906977
21 0.9372093023255814 0.4925404260780287 0.010465116279069767 0.018604651162790697
21 0.7616279069767442 0.4727958162217659 0.019767441860465116 0.010465116279069767
5 0.8933139534883721 0.37929928131416835 0.01686046511627907 0.0069767441860465115
10 0.8412790697674419 0.40049570071868584 0.00813953488372093 0.012209302325581395
6 0.4630813953488372 0.4736669019507187 0.01918604651162791 0.009883720930232558
21 0.2468023255813953 0.4986380261806982 0.01918604651162791 0.011046511627906977
10 0.013953488372093023 0.5270934933264887 0.00813953488372093 0.007558139534883721
10 0.6802325581395349 0.5625176463039014 0.00813953488372093 0.012209302325581395
14 0.7229651162790698 0.4730861781314168 0.007558139534883721 0.014534883720930234
21 0.33575581395348836 0.4997994738193018 0.01918604651162791 0.011046511627906977
14 0.9497093023255815 0.4736669019507187 0.007558139534883721 0.014534883720930234
14 0.6752906976744186 0.41617524383983573 0.007558139534883721 0.014534883720930234
14 0.5508720930232558 0.4730861781314168 0.007558139534883721 0.014534883720930234
14 0.47848837209302325 0.4736669019507187 0.0069767441860465115 0.012209302325581395
14 0.5468023255813953 0.5584525795687885 0.007558139534883721 0.014534883720930234
14 0.30203488372093024 0.5218669789527721 0.007558139534883721 0.014534883720930234
14 0.3363372093023256 0.42546682494866533 0.007558139534883721 0.014534883720930234
14 0.19854651162790699 0.5857465990759754 0.007558139534883721 0.014534883720930234
10 0.5162790697674419 0.5584525795687885 0.00813953488372093 0.012209302325581395
4 0.22645348837209306 0.6136213424024641 0.01802325581395349 0.007558139534883721
10 0.3511627906976744 0.5671634368583163 0.00813953488372093 0.012209302325581395
4 0.3130813953488372 0.6014261421971252 0.013372093023255812 0.007558139534883721
4 0.5712209302325582 0.5898116658110883 0.01686046511627907 0.007558139534883721
21 0.42645348837209307 0.49921875 0.01918604651162791 0.011046511627906977
4 0.7427325581395349 0.5863273228952772 0.01686046511627907 0.007558139534883721
4 0.8531976744186046 0.5741321226899384 0.014534883720930234 0.007558139534883721
