5 0.6828504939209726 0.06296296296296296 0.05432098765432099 0.027160493827160494
0 0.5719319908814591 0.20987654320987653 0.10864197530864197 0.1530864197530864
4 0.36981382978723404 0.8037037037037036 0.0691358024691358 0.04197530864197531
4 0.5250997340425532 0.5765432098765432 0.0691358024691358 0.04197530864197531
14 0.39076510258358665 0.23703703703703702 0.08148148148148147 0.03950617283950617
2 0.4154136588145897 0.6987654320987654 0.10617283950617282 0.14814814814814814
4 0.6803856382978724 0.9827160493827162 0.07407407407407407 0.03456790123456789
10 0.6594343655015198 0.43950617283950616 0.01728395061728395 0.019753086419753086
2 0.7925365691489361 0.6975308641975309 0.10617283950617282 0.1506172839506173
0 0.7925365691489361 0.20987654320987653 0.11111111111111112 0.1530864197530864
2 0.5719319908814591 0.4382716049382716 0.1037037037037037 0.15555555555555553
4 0.8369039703647416 0.8086419753086421 0.07160493827160494 0.04197530864197531
10 0.3710462575987842 0.5432098765432098 0.02222222222222222 0.019753086419753086
10 0.38953267477203646 0.1728395061728395 0.014814814814814814 0.014814814814814814
