0 0.6893203883495146 0.4328942587209303 0.03883495145631067 0.04692556634304207
4 0.6731391585760518 0.7449763808139535 0.0517799352750809 0.03398058252427184
2 0.4393203883495146 0.5404251453488372 0.040453074433656956 0.045307443365695796
4 0.8050161812297734 0.7449763808139535 0.05339805825242718 0.03398058252427184
2 0.913430420711974 0.6253179505813954 0.040453074433656956 0.04692556634304207
8 0.5016181229773463 0.6794876453488372 0.04207119741100323 0.06148867313915857
0 0.5266990291262136 0.389235101744186 0.040453074433656956 0.04692556634304207
2 0.6553398058252428 0.6261264534883721 0.03883495145631067 0.045307443365695796
10 0.3940129449838188 0.39085210755813954 0.014563106796116504 0.014563106796116504
0 0.21601941747572811 0.389235101744186 0.040453074433656956 0.04692556634304207
5 0.15372168284789645 0.24127906976744184 0.03559870550161812 0.019417475728155338
4 0.3276699029126214 0.7449763808139535 0.05339805825242718 0.03398058252427184
8 0.15453074433656958 0.29787427325581395 0.04368932038834951 0.06148867313915857
0 0.913430420711974 0.34880995639534884 0.040453074433656956 0.04692556634304207
8 0.3276699029126214 0.6762536337209302 0.04368932038834951 0.06148867313915857
2 0.34627831715210355 0.5396166424418605 0.04207119741100323 0.04692556634304207
8 0.45792880258899676 0.2994912790697674 0.04207119741100323 0.06148867313915857
4 0.93042071197411 0.7441678779069767 0.0517799352750809 0.03559870550161812
8 0.3284789644012945 0.30029978197674423 0.04207119741100323 0.06310679611650485
0 0.09466019417475728 0.389235101744186 0.040453074433656956 0.04692556634304207
0 0.7880258899676376 0.4328942587209303 0.03883495145631067 0.04692556634304207
10 0.04692556634304207 0.38842659883720926 0.016181229773462782 0.016181229773462782
2 0.8211974110032363 0.6269349563953488 0.040453074433656956 0.04692556634304207
10 0.04773462783171521 0.49676598837209307 0.014563106796116504 0.016181229773462782
0 0.7872168284789643 0.3471929505813954 0.040453074433656956 0.04692556634304207
10 0.9733009708737864 0.49838299418604654 0.01779935275080906 0.016181229773462782
2 0.5622977346278317 0.5388081395348838 0.040453074433656956 0.045307443365695796
0 0.4409385113268608 0.3900436046511628 0.04368932038834951 0.04854368932038834
8 0.5436893203883495 0.30029978197674423 0.04207119741100323 0.06310679611650485
4 0.5016181229773463 0.7441678779069767 0.0517799352750809 0.032362459546925564
0 0.6885113268608414 0.3471929505813954 0.040453074433656956 0.04692556634304207
5 0.6723300970873787 0.24208757267441863 0.037216828478964396 0.021035598705501615
5 0.5461165048543689 0.24208757267441863 0.037216828478964396 0.021035598705501615
5 0.45711974110032366 0.24208757267441863 0.037216828478964396 0.021035598705501615
5 0.32928802588996764 0.24208757267441863 0.037216828478964396 0.021035598705501615
5 0.9328478964401296 0.23885356104651162 0.037216828478964396 0.021035598705501615
5 0.801779935275081 0.24208757267441863 0.037216828478964396 0.021035598705501615
