20 0.6711711711711712 0.49729739832535885 0.2936936936936937 0.3405405405405405
10 0.8936936936936937 0.5765737141148326 0.021621621621621623 0.023423423423423424
21 0.6378378378378379 0.227037230861244 0.15135135135135136 0.07027027027027027
10 0.14504504504504503 0.419822816985646 0.023423423423423424 0.023423423423423424
21 0.6387387387387388 0.7684584330143541 0.14954954954954955 0.06846846846846846
21 0.3045045045045045 0.42162455143540667 0.15495495495495495 0.07027027027027027
10 0.14504504504504503 0.5765737141148326 0.023423423423423424 0.023423423423423424
21 0.3036036036036036 0.577474581339713 0.15675675675675677 0.07207207207207207
10 0.4873873873873874 0.4981982655502392 0.023423423423423424 0.025225225225225224
10 0.8945945945945946 0.419822816985646 0.023423423423423424 0.023423423423423424
