2 0.22181693412162162 0.6945773524720893 0.05263157894736842 0.07496012759170653
0 0.6092008023648648 0.24720893141945774 0.05263157894736842 0.0733652312599681
0 0.8778188344594595 0.1937799043062201 0.05103668261562998 0.07177033492822966
0 0.409132179054054 0.41706539074960125 0.05422647527910686 0.07177033492822966
0 0.3126847550675676 0.24720893141945774 0.05263157894736842 0.0733652312599681
10 0.08232685810810811 0.03349282296650718 0.0478468899521531 0.03827751196172249
10 0.9320206925675676 0.3269537480063796 0.0478468899521531 0.03827751196172249
10 0.07037056587837838 0.419457735247209 0.049441786283891544 0.04146730462519936
4 0.20188978040540545 0.974481658692185 0.05422647527910686 0.02551834130781499
2 0.4099292652027026 0.69377990430622 0.05263157894736842 0.07655502392344497
8 0.4322476773648649 0.16586921850079744 0.06539074960127592 0.06379585326953748
8 0.20268686655405405 0.15869218500797447 0.06858054226475277 0.06539074960127592
2 0.5637668918918919 0.5550239234449761 0.05422647527910686 0.07655502392344497
