6 0.8121951219512196 0.43466412401574805 0.024390243902439025 0.05243902439024391
10 0.027439024390243906 0.15634842519685038 0.023170731707317073 0.01951219512195122
2 0.5341463414634147 0.7306409940944882 0.029268292682926834 0.04024390243902439
2 0.41280487804878047 0.7288139763779526 0.028048780487804882 0.041463414634146344
0 0.5689024390243902 0.2696235236220472 0.028048780487804882 0.041463414634146344
0 0.41280487804878047 0.39081569881889766 0.028048780487804882 0.045121951219512194
0 0.6103658536585366 0.4431902066929133 0.028048780487804882 0.04268292682926829
10 0.9768292682926829 0.39020669291338583 0.01951219512195122 0.01951219512195122
0 0.7079268292682926 0.27023252952755905 0.028048780487804882 0.04268292682926829
2 0.6878048780487804 0.5710814468503937 0.02682926829268293 0.04024390243902439
6 0.9451219512195121 0.5564653051181102 0.024390243902439025 0.05243902439024391
6 0.8128048780487804 0.5704724409448818 0.023170731707317073 0.05365853658536586
14 0.8902439024390244 0.5619463582677166 0.029268292682926834 0.02195121951219512
2 0.31402439024390244 0.7288139763779526 0.028048780487804882 0.03902439024390244
0 0.5146341463414634 0.23247416338582677 0.02682926829268293 0.04268292682926829
4 0.697560975609756 0.8378260334645671 0.034146341463414644 0.018292682926829267
0 0.41280487804878047 0.3019008366141732 0.028048780487804882 0.045121951219512194
10 0.04878048780487805 0.5059178149606299 0.02195121951219512 0.01951219512195122
14 0.48841463414634145 0.6502522145669292 0.018292682926829267 0.032926829268292684
0 0.17378048780487804 0.23247416338582677 0.028048780487804882 0.04268292682926829
2 0.6115853658536585 0.7306409940944882 0.028048780487804882 0.04024390243902439
0 0.3335365853658537 0.39081569881889766 0.028048780487804882 0.045121951219512194
0 0.14146341463414633 0.5046998031496063 0.03170731707317073 0.041463414634146344
0 0.3329268292682927 0.30250984251968505 0.02682926829268293 0.04390243902439024
0 0.6109756097560975 0.2330831692913386 0.029268292682926834 0.041463414634146344
0 0.22378048780487805 0.5046998031496063 0.028048780487804882 0.04390243902439024
0 0.8 0.33174212598425196 0.029268292682926834 0.046341463414634146
2 0.41280487804878047 0.5966596948818897 0.028048780487804882 0.04268292682926829
2 0.3128048780487805 0.5966596948818897 0.028048780487804882 0.04024390243902439
10 0.10121951219512196 0.23369217519685037 0.012195121951219513 0.015853658536585366
10 0.26890243902439026 0.7275959645669292 0.013414634146341465 0.012195121951219513
10 0.2707317073170732 0.5972687007874016 0.00975609756097561 0.012195121951219513
