2 0.44077438186813184 0.6726415094339623 0.0660377358490566 0.09245283018867925
14 0.18625858516483515 0.44150943396226416 0.058490566037735836 0.04150943396226415
2 0.44171703296703296 0.40283018867924525 0.06792452830188679 0.09245283018867925
2 0.44077438186813184 0.8726415094339621 0.062264150943396226 0.09245283018867925
13 0.4963907967032967 0.2037735849056604 0.03773584905660377 0.03773584905660377
2 0.43983173076923077 0.2037735849056604 0.06792452830188679 0.09056603773584906
10 0.3889285714285714 0.2037735849056604 0.011320754716981133 0.01509433962264151
5 0.46811126373626377 0.09528301886792453 0.052830188679245285 0.020754716981132074
10 0.3889285714285714 0.4047169811320755 0.01509433962264151 0.016981132075471698
13 0.4954481456043956 0.8726415094339621 0.035849056603773584 0.03962264150943396
4 0.7527918956043955 0.7971698113207547 0.05660377358490566 0.04716981132075472
13 0.4954481456043956 0.40283018867924525 0.03962264150943396 0.03962264150943396
4 0.4699965659340659 0.970754716981132 0.052830188679245285 0.04339622641509434
19 0.18720123626373625 0.589622641509434 0.05660377358490566 0.11509433962264151
13 0.4954481456043956 0.6726415094339623 0.03962264150943396 0.03962264150943396
8 0.7518492445054945 0.6377358490566037 0.08490566037735849 0.1169811320754717
14 0.6566414835164835 0.6424528301886793 0.06037735849056604 0.04339622641509434
10 0.3898712225274725 0.8735849056603774 0.013207547169811321 0.01509433962264151
10 0.39081387362637365 0.6726415094339623 0.01509433962264151 0.016981132075471698
