21 0.11618798955613577 0.5026051401869159 0.033942558746736295 0.10574412532637074
5 0.11553524804177547 0.22385514018691585 0.03524804177545692 0.024804177545691905
5 0.445822454308094 0.22320385514018692 0.04046997389033942 0.02610966057441253
0 0.13381201044386423 0.29875292056074765 0.048302872062663184 0.0835509138381201
2 0.3426892950391645 0.7038522196261682 0.048302872062663184 0.0835509138381201
0 0.8152741514360313 0.29745035046728974 0.050913838120104436 0.0835509138381201
2 0.5737597911227154 0.7025496495327104 0.050913838120104436 0.08616187989556136
0 0.46540469973890347 0.2981016355140187 0.050913838120104436 0.08224543080939947
0 0.3035248041775457 0.5117231308411215 0.050913838120104436 0.08224543080939947
0 0.8152741514360313 0.6243954439252336 0.048302872062663184 0.0835509138381201
0 0.6116187989556136 0.5117231308411215 0.050913838120104436 0.08224543080939947
2 0.13381201044386423 0.7005957943925234 0.053524804177545696 0.08224543080939947
10 0.889686684073107 0.4244509345794393 0.016971279373368148 0.016971279373368144
10 0.26174934725848564 0.5123744158878505 0.014360313315926892 0.015665796344647518
14 0.7134464751958225 0.5755490654205607 0.061357702349869446 0.030026109660574413
10 0.6573107049608355 0.5130257009345793 0.014360313315926892 0.016971279373368144
5 0.8407310704960835 0.22255257009345794 0.04177545691906005 0.027415143603133157
4 0.11357702349869452 0.779401285046729 0.031331592689295036 0.018276762402088774
4 0.8328981723237598 0.7767961448598131 0.031331592689295036 0.018276762402088774
4 0.5913838120104439 0.779401285046729 0.031331592689295036 0.018276762402088774
4 0.3198433420365535 0.7767961448598131 0.031331592689295036 0.018276762402088774
