6 0.3737678339818417 0.6846747519294377 0.0330760749724366 0.07056229327453142
6 0.5683527885862516 0.6725468577728776 0.03197353914002205 0.06615214994487321
0 0.7447470817120623 0.20011025358324144 0.06725468577728776 0.07828004410143329
11 0.5463035019455253 0.8257993384785005 0.05843439911797134 0.08158765159867695
6 0.46637483787289236 0.5981256890848953 0.0661521499448732 0.034178610804851156
0 0.5391374837872892 0.20011025358324144 0.0661521499448732 0.07607497243660419
10 0.8191634241245136 0.5071664829106945 0.011025358324145534 0.01323042998897464
15 0.3688067444876783 0.3632855567805954 0.2149944873208379 0.18412348401323042
6 0.27399481193255515 0.5942668136714443 0.06945975744211687 0.03528114663726571
11 0.19847600518806746 0.8257993384785005 0.05953693495038589 0.07938257993384784
0 0.20509079118028534 0.1990077177508269 0.06835722160970233 0.07828004410143329
4 0.4746433203631647 0.9432194046306505 0.038588754134509365 0.016538037486218304
6 0.7739623865110247 0.7160970231532525 0.0330760749724366 0.06945975744211687
5 0.47409208819714654 0.06670341786108049 0.06835722160970233 0.014332965821389192
