0 0.4635587655942219 0.3024299348825332 0.03020354563361786 0.047931713722915305
2 0.11326329612606698 0.658289708886619 0.028233749179251477 0.04727511490479318
2 0.05909389363099147 0.658289708886619 0.028890347997373604 0.048588312541037425
0 0.2721602101116218 0.30341387895812055 0.03086014445173999 0.048588312541037425
4 0.5101772816808929 0.7652116317671094 0.017071569271175317 0.009192383453709783
6 0.3516086671043992 0.5848218845760981 0.016414970453053186 0.0407091267235719
2 0.4110308601444517 0.6609135597548519 0.02757715036112935 0.04727511490479318
0 0.32403151674326985 0.42903073927477015 0.03086014445173999 0.047931713722915305
11 0.6723571897570584 0.6930557328907048 0.02757715036112935 0.049901510177281685
0 0.5817465528562049 0.3027579162410623 0.03151674326986211 0.048588312541037425
11 0.8204202232435982 0.6923997701736466 0.028233749179251477 0.048588312541037425
6 0.07091267235718976 0.3447395301327886 0.017071569271175317 0.0407091267235719
2 0.5594221930400525 0.6592736529622063 0.028890347997373604 0.047931713722915305
2 0.4871963230466186 0.6573057648110316 0.028890347997373604 0.04924491135915955
0 0.9061063690085358 0.30406984167517875 0.03151674326986211 0.048588312541037425
2 0.15627051871306633 0.5592393386108274 0.03020354563361786 0.048588312541037425
5 0.504924491135916 0.22010661389172625 0.03020354563361786 0.011818778726198294
0 0.1963230466185161 0.4287027579162411 0.03414313854235063 0.048588312541037425
0 0.4074195666447801 0.30177397216547497 0.03217334208798424 0.047931713722915305
6 0.7048588312541038 0.549399897854954 0.03086014445173999 0.019697964543663824
0 0.8174655285620485 0.3053817671092952 0.03151674326986211 0.048588312541037425
0 0.6756401838476691 0.30406984167517875 0.03151674326986211 0.04727511490479318
6 0.9182534471437951 0.6251635916751788 0.016414970453053186 0.04136572554169403
2 0.2202889034799737 0.6579617275280899 0.026920551543007227 0.047931713722915305
6 0.8302692055154302 0.5989250829928499 0.016414970453053186 0.04005252790544977
14 0.3850952068286277 0.5516957673646579 0.013788575180564675 0.04267892317793828
2 0.30039395929087326 0.658617690245148 0.028233749179251477 0.047931713722915305
6 0.7872619829284307 0.5510398046475997 0.028890347997373604 0.019041365725541694
6 0.7475377544320421 0.6058126915219612 0.01772816808929744 0.0407091267235719
10 0.14116874589625739 0.6609135597548519 0.005252790544977019 0.003939592908732764
10 0.9402495075508865 0.49495499233912155 0.007879185817465528 0.006565988181221274
