2 0.3924914675767918 0.5678859585741811 0.04323094425483504 0.04550625711035267
10 0.8856655290102389 0.40785163776493255 0.02844141069397042 0.022753128555176336
2 0.24402730375426623 0.45892642100192677 0.046643913538111495 0.04778156996587031
4 0.4891922639362912 0.7653751204238921 0.0341296928327645 0.0204778156996587
2 0.5472127417519909 0.45722392822736035 0.04778156996587031 0.04436860068259386
10 0.09783845278725825 0.2398723506743738 0.03185437997724687 0.02502844141069397
8 0.12343572241183162 0.5815059007707128 0.03981797497155859 0.05005688282138794
0 0.28896473265073946 0.2926496266859345 0.05460750853242321 0.046643913538111495
21 0.8600682593856656 0.5168111753371869 0.02502844141069397 0.05233219567690557
9 0.2645051194539249 0.4050141498073218 0.019340159271899887 0.012514220705346985
21 0.7844141069397043 0.5644809730250482 0.023890784982935155 0.05233219567690557
10 0.6285551763367463 0.5644809730250482 0.012514220705346985 0.011376564277588168
10 0.09783845278725825 0.4067166425818883 0.029579067121729235 0.022753128555176336
2 0.24800910125142206 0.6921679311175337 0.04550625711035267 0.046643913538111495
2 0.5870307167235495 0.5678859585741811 0.04323094425483504 0.04323094425483504
2 0.47042093287827075 0.6898979407514451 0.04209328782707622 0.046643913538111495
9 0.568259385665529 0.5139736873795762 0.019340159271899887 0.012514220705346985
21 0.7832764505119454 0.466871387283237 0.023890784982935155 0.05233219567690557
2 0.43230944254835035 0.45722392822736035 0.04778156996587031 0.04436860068259386
5 0.2645051194539249 0.2427098386319846 0.023890784982935155 0.014789533560864617
9 0.41069397042093286 0.5139736873795762 0.020477815699658702 0.012514220705346985
2 0.1422070534698521 0.6916004335260115 0.04550625711035267 0.04778156996587031
0 0.5466439135381115 0.29435211946050094 0.051194539249146756 0.04550625711035267
0 0.7622298065984073 0.3380494340077071 0.05005688282138794 0.046643913538111495
