2 0.8341750841750841 0.6127403846153846 0.04882154882154882 0.06734006734006734
4 0.09764309764309764 0.8180288461538462 0.037037037037037035 0.016835016835016835
4 0.2601010101010101 0.8180288461538462 0.03535353535353535 0.016835016835016835
4 0.5496632996632996 0.8197115384615385 0.03535353535353535 0.016835016835016835
10 0.09764309764309764 0.5008413461538461 0.026936026936026935 0.03535353535353535
10 0.4082491582491582 0.4310096153846154 0.03535353535353535 0.026936026936026935
10 0.6994949494949495 0.43016826923076923 0.038720538720538725 0.028619528619528618
10 0.9621212121212122 0.5126201923076923 0.04208754208754208 0.028619528619528618
0 0.6052188552188552 0.5563701923076924 0.04882154882154882 0.06565656565656566
0 0.2769360269360269 0.2921875 0.04882154882154882 0.06565656565656566
14 0.7491582491582491 0.5715144230769231 0.026936026936026935 0.03198653198653199
6 0.6245791245791246 0.7692307692307692 0.020202020202020204 0.0404040404040404
6 0.4814814814814815 0.768389423076923 0.020202020202020204 0.04208754208754208
6 0.6784511784511784 0.5715144230769231 0.04713804713804713 0.018518518518518517
10 0.6506734006734006 0.6808894230769231 0.011784511784511783 0.011784511784511783
0 0.531986531986532 0.2888221153846154 0.04713804713804713 0.06565656565656566
0 0.48737373737373735 0.4284855769230769 0.04882154882154882 0.06565656565656566
2 0.11195286195286196 0.6135817307692308 0.04882154882154882 0.06565656565656566
0 0.6195286195286195 0.43016826923076923 0.04713804713804713 0.06565656565656566
0 0.2786195286195286 0.4150240384615385 0.04882154882154882 0.06565656565656566
2 0.24494949494949494 0.6118990384615385 0.04882154882154882 0.06565656565656566
0 0.8367003367003367 0.4150240384615385 0.04713804713804713 0.06565656565656566
2 0.4957912457912458 0.6808894230769231 0.04882154882154882 0.06565656565656566
2 0.6026936026936027 0.6775240384615385 0.04713804713804713 0.06565656565656566
0 0.4974747474747475 0.5546875 0.04882154882154882 0.06565656565656566
5 0.2617845117845118 0.22740384615384618 0.03535353535353535 0.016835016835016835
5 0.5496632996632996 0.22740384615384618 0.03535353535353535 0.016835016835016835
