6 0.553012048192771 0.3012458700440529 0.03614457831325301 0.01927710843373494
19 0.7548192771084338 0.4747040198237885 0.03975903614457831 0.05301204819277109
2 0.3102409638554217 0.4379646200440529 0.04457831325301205 0.04457831325301205
14 0.6771084337349398 0.30184815528634357 0.01927710843373494 0.04457831325301205
6 0.9506024096385544 0.5222845539647578 0.026506024096385545 0.054216867469879526
2 0.5933734939759037 0.5252959801762115 0.04457831325301205 0.045783132530120486
14 0.3957831325301205 0.35183783039647576 0.042168674698795185 0.01927710843373494
6 0.21867469879518073 0.468681167400881 0.020481927710843374 0.03855421686746988
14 0.8602409638554217 0.5198754129955947 0.043373493975903614 0.018072289156626505
2 0.14457831325301204 0.602990776431718 0.043373493975903614 0.046987951807228916
2 0.3849397590361446 0.5301142621145374 0.04457831325301205 0.045783132530120486
7 0.2192771084337349 0.5240914096916299 0.04096385542168675 0.03855421686746988
6 0.7403614457831326 0.5813085077092511 0.020481927710843374 0.03975903614457831
19 0.5042168674698795 0.27896131607929514 0.046987951807228916 0.022891566265060243
14 0.07289156626506024 0.6782764317180616 0.042168674698795185 0.01927710843373494
10 0.14457831325301204 0.5758879405286343 0.004819277108433735 0.004819277108433735
10 0.15602409638554218 0.6325027533039648 0.006024096385542169 0.004819277108433735
2 0.061445783132530116 0.5042159966960352 0.045783132530120486 0.04939759036144579
10 0.3108433734939759 0.40905492841409696 0.004819277108433735 0.006024096385542169
10 0.32228915662650603 0.46627202643171806 0.006024096385542169 0.004819277108433735
13 0.7945783132530121 0.3012458700440529 0.04939759036144579 0.04819277108433735
10 0.3578313253012048 0.5439668226872246 0.004819277108433735 0.006024096385542169
10 0.4120481927710843 0.5295119768722467 0.004819277108433735 0.006024096385542169
10 0.5674698795180723 0.5385462555066078 0.004819277108433735 0.004819277108433735
10 0.6204819277108434 0.5258982654185023 0.004819277108433735 0.006024096385542169
13 0.21626506024096387 0.35063325991189426 0.04939759036144579 0.04819277108433735
13 0.21867469879518073 0.6674352973568282 0.04939759036144579 0.04819277108433735
10 0.03493975903614458 0.5150571310572687 0.004819277108433735 0.006024096385542169
10 0.08674698795180723 0.502409140969163 0.004819277108433735 0.004819277108433735
