0 0.3646808510638298 0.44902141563146997 0.03489361702127659 0.03829787234042553
2 0.9480851063829787 0.5081521739130435 0.03574468085106383 0.03914893617021277
6 0.4408510638297872 0.5932324016563146 0.018723404255319147 0.04085106382978724
0 0.6361702127659574 0.44944681677018633 0.03489361702127659 0.037446808510638294
6 0.7438297872340426 0.6200326733954451 0.018723404255319147 0.04
0 0.2723404255319149 0.44817061335403724 0.03574468085106383 0.04
0 0.8310638297872341 0.48220270445134583 0.03319148936170212 0.03829787234042553
2 0.27276595744680854 0.5179364001035196 0.03659574468085107 0.03829787234042553
2 0.5170212765957447 0.586425983436853 0.03319148936170212 0.03914893617021277
2 0.9480851063829787 0.6370487189440993 0.03404255319148936 0.03829787234042553
0 0.9476595744680851 0.44902141563146997 0.03489361702127659 0.03659574468085107
2 0.6378723404255319 0.5860005822981366 0.03489361702127659 0.03829787234042553
2 0.0553191489361702 0.6370487189440993 0.03574468085106383 0.03829787234042553
6 0.2574468085106383 0.6200326733954451 0.01957446808510638 0.04170212765957447
0 0.055744680851063835 0.4485960144927536 0.03489361702127659 0.03914893617021277
4 0.5008510638297873 0.6863952510351966 0.02468085106382979 0.017872340425531916
0 0.7297872340425532 0.380957233436853 0.03489361702127659 0.03829787234042553
2 0.9480851063829787 0.5630289208074534 0.03574468085106383 0.03829787234042553
2 0.7289361702127659 0.5187872023809523 0.03489361702127659 0.03829787234042553
5 0.502127659574468 0.3277820910973085 0.023829787234042554 0.01021276595744681
0 0.48723404255319147 0.38138263457556937 0.03489361702127659 0.03914893617021277
0 0.48723404255319147 0.44902141563146997 0.03489361702127659 0.03829787234042553
2 0.05617021276595745 0.5630289208074534 0.03574468085106383 0.03829787234042553
0 0.17191489361702128 0.48220270445134583 0.03404255319148936 0.03829787234042553
2 0.3638297872340426 0.585149780020704 0.03489361702127659 0.03829787234042553
2 0.05617021276595745 0.5068759704968944 0.03574468085106383 0.03829787234042553
0 0.3646808510638298 0.3822334368530021 0.03489361702127659 0.03914893617021277
5 0.8838297872340426 0.5209142080745341 0.02297872340425532 0.01021276595744681
10 0.45276595744680853 0.502621959109731 0.015319148936170212 0.014468085106382981
0 0.7289361702127659 0.44902141563146997 0.03489361702127659 0.03829787234042553
5 0.12127659574468083 0.5209142080745341 0.02297872340425532 0.01021276595744681
0 0.27191489361702126 0.38138263457556937 0.03489361702127659 0.03914893617021277
0 0.6361702127659574 0.38138263457556937 0.03489361702127659 0.03914893617021277
