4 0.5021613832853026 0.9477335164835166 0.021613832853025934 0.01440922190201729
0 0.8638328530259367 0.6410444466248038 0.05907780979827089 0.07204610951008646
14 0.27089337175792505 0.6338451726844585 0.05763688760806916 0.02881844380403458
2 0.2946685878962536 0.30627820839874415 0.05907780979827089 0.07348703170028818
0 0.1260806916426513 0.6417643740188383 0.05907780979827089 0.07348703170028818
14 0.718299711815562 0.6338451726844585 0.056195965417867436 0.025936599423631124
2 0.6938040345821326 0.3069981357927787 0.05907780979827089 0.07204610951008646
14 0.4697406340057637 0.7130371860282575 0.0547550432276657 0.025936599423631124
2 0.8645533141210373 0.8347049156200942 0.05763688760806916 0.07060518731988472
6 0.5353025936599424 0.7180766777864992 0.021613832853025934 0.047550432276657055
5 0.5028818443804035 0.21124779238618524 0.037463976945244955 0.012968299711815562
2 0.12463976945244956 0.8339849882260596 0.05907780979827089 0.07204610951008646
0 0.40129682997118155 0.5200966444270015 0.07348703170028818 0.05763688760806916
0 0.590778097982709 0.5186567896389325 0.07492795389048991 0.05763688760806916
