0 0.30531914893617024 0.32704008392226147 0.06595744680851064 0.09148936170212765
10 0.7946808510638298 0.2940923144876325 0.019148936170212766 0.01702127659574468
10 0.5180851063829788 0.6692717535335688 0.010638297872340425 0.010638297872340425
10 0.46914893617021275 0.5555488074204946 0.010638297872340425 0.01276595744680851
10 0.23510638297872338 0.32597725265017663 0.014893617021276595 0.01702127659574468
0 0.5851063829787234 0.6703345848056538 0.06808510638297872 0.0851063829787234
2 0.6904255319148936 0.6703345848056538 0.05319148936170213 0.0851063829787234
0 0.7978723404255319 0.36636484098939925 0.0851063829787234 0.07659574468085106
10 0.5457446808510639 0.32597725265017663 0.014893617021276595 0.01276595744680851
2 0.38085106382978723 0.6713974160777385 0.055319148936170216 0.08723404255319148
2 0.7968085106382978 0.48433911219081266 0.07872340425531915 0.06595744680851064
0 0.20638297872340425 0.5353550132508834 0.07659574468085106 0.05744680851063829
0 0.2765957446808511 0.6724602473498233 0.06808510638297872 0.0851063829787234
4 0.13297872340425532 0.6628947659010601 0.07021276595744681 0.04042553191489361
10 0.05 0.24307641342756187 0.031914893617021274 0.03404255319148936
14 0.33085106382978724 0.49603025618374563 0.08723404255319148 0.0425531914893617
2 0.20638297872340425 0.5364178445229681 0.07659574468085106 0.055319148936170216
10 0.46808510638297873 0.3015321333922262 0.01702127659574468 0.014893617021276595
2 0.47021276595744677 0.49071609982332165 0.08085106382978723 0.06595744680851064
14 0.6382978723404256 0.4747736307420494 0.08936170212765956 0.0425531914893617
10 0.95 0.4269462234982332 0.031914893617021274 0.03191489361702128
0 0.6138297872340426 0.32704008392226147 0.06595744680851064 0.09148936170212765
0 0.4670212765957446 0.37274182862190813 0.07872340425531915 0.07659574468085106
10 0.4372340425531915 0.6724602473498233 0.019148936170212766 0.02127659574468085
10 0.20638297872340425 0.4737107994699647 0.01702127659574468 0.014893617021276595
10 0.21170212765957447 0.6713974160777385 0.023404255319148935 0.023404255319148935
10 0.7936170212765957 0.5491718197879859 0.02127659574468085 0.01702127659574468
10 0.75 0.6724602473498233 0.023404255319148935 0.01702127659574468
