10 0.9719999999999999 0.4365726383587786 0.029333333333333333 0.034666666666666665
2 0.4826666666666667 0.5098819179389313 0.058666666666666666 0.096
9 0.26266666666666666 0.7124821087786259 0.024 0.032
0 0.8826666666666668 0.34326991889312974 0.06933333333333333 0.09866666666666667
9 0.668 0.7138150047709924 0.029333333333333333 0.034666666666666665
4 0.09333333333333334 0.7684637404580152 0.03733333333333334 0.026666666666666665
14 0.7613333333333333 0.48988847805343505 0.06133333333333334 0.029333333333333333
0 0.192 0.3406041269083969 0.06933333333333333 0.09866666666666667
5 0.088 0.22730796755725188 0.03733333333333334 0.016
2 0.3333333333333333 0.6191793893129771 0.064 0.096
2 0.7386666666666667 0.6218451812977099 0.064 0.096
0 0.6106666666666667 0.3419370229007634 0.06933333333333333 0.10133333333333334
2 0.8880000000000001 0.5098819179389313 0.058666666666666666 0.096
10 0.037333333333333336 0.4365726383587786 0.032 0.034666666666666665
10 0.4533333333333333 0.8231124761450381 0.032 0.034666666666666665
2 0.19733333333333333 0.5072161259541984 0.058666666666666666 0.096
0 0.47733333333333333 0.34326991889312974 0.06933333333333333 0.09866666666666667
14 0.356 0.48722268606870234 0.06133333333333334 0.029333333333333333
2 0.6173333333333333 0.5072161259541984 0.05600000000000001 0.096
