2 0.6521739130434783 0.6016944577735124 0.02593440122044241 0.03508771929824561
15 0.2658276125095347 0.45353286948176585 0.06636155606407321 0.05415713196033563
0 0.8943554538520214 0.41468330134357007 0.026697177726926008 0.03585049580472922
0 0.7402745995423341 0.36707353646833013 0.025171624713958805 0.03813882532418002
6 0.20938215102974828 0.5491332773512476 0.014492753623188406 0.030511060259344015
2 0.7208237986270023 0.6020753358925145 0.02593440122044241 0.03585049580472922
0 0.2208237986270023 0.36669265834932824 0.01906941266209001 0.03127383676582761
0 0.3119755911517925 0.3659309021113244 0.02288329519450801 0.03127383676582761
0 0.4244851258581236 0.4078274952015355 0.02364607170099161 0.03585049580472922
0 0.580091533180778 0.3674544145873321 0.025171624713958805 0.03585049580472922
11 0.21700991609458428 0.6066458733205374 0.01906941266209001 0.02822273073989321
0 0.3115942028985507 0.4066848608445298 0.02364607170099161 0.03508771929824561
6 0.43516399694889396 0.5498950335892514 0.014492753623188406 0.030511060259344015
0 0.04958047292143402 0.40820837332053744 0.019832189168573607 0.03508771929824561
0 0.04919908466819222 0.3663117802303263 0.020594965675057208 0.030511060259344015
6 0.5091533180778032 0.5506567898272553 0.016018306636155603 0.030511060259344015
6 0.09115179252479023 0.6058841170825335 0.014492753623188406 0.03127383676582761
0 0.21929824561403505 0.40820837332053744 0.02364607170099161 0.03508771929824561
0 0.8939740655987796 0.5026661468330135 0.027459954233409613 0.03508771929824561
2 0.8932112890922961 0.6013135796545106 0.02593440122044241 0.03737604881769641
5 0.036994660564454614 0.3312709932821497 0.020594965675057208 0.012204424103737604
5 0.5102974828375286 0.33089011516314776 0.018306636155606407 0.014492753623188406
2 0.5987795575896262 0.6024562140115164 0.02593440122044241 0.03508771929824561
0 0.4248665141113654 0.3659309021113244 0.02288329519450801 0.03585049580472922
0 0.8020594965675057 0.3685970489443378 0.025171624713958805 0.036613272311212815
10 0.5373760488176964 0.5209482965451055 0.020594965675057208 0.010678871090770403
2 0.96186117467582 0.6013135796545106 0.024408848207475208 0.03585049580472922
0 0.10259344012204426 0.3647882677543186 0.02364607170099161 0.036613272311212815
0 0.4996186117467582 0.36707353646833013 0.024408848207475208 0.03508771929824561
2 0.8020594965675057 0.6032179702495202 0.02364607170099161 0.03508771929824561
11 0.4279176201372998 0.6058841170825335 0.019832189168573607 0.02822273073989321
11 0.3154080854309687 0.6074076295585412 0.020594965675057208 0.026697177726926008
4 0.5087719298245614 0.689296425143954 0.02593440122044241 0.013729977116704806
11 0.501906941266209 0.6066458733205374 0.019832189168573607 0.02822273073989321
15 0.14912280701754385 0.452771113243762 0.06636155606407321 0.05568268497330282
0 0.6514111365369947 0.36669265834932824 0.02593440122044241 0.03737604881769641
0 0.49847444698703286 0.40820837332053744 0.025171624713958805 0.03508771929824561
0 0.8943554538520214 0.4581034069097889 0.026697177726926008 0.034324942791762014
0 0.8947368421052632 0.36935880518234165 0.027459954233409613 0.036613272311212815
15 0.37795575896262396 0.45353286948176585 0.06636155606407321 0.05568268497330282
0 0.10373760488176964 0.405542226487524 0.024408848207475208 0.03737604881769641
5 0.5926773455377574 0.3324136276391555 0.021357742181540806 0.012967200610221205
5 0.43783371472158655 0.3301283589251439 0.021357742181540806 0.012967200610221205
5 0.32265446224256294 0.33089011516314776 0.021357742181540806 0.012967200610221205
5 0.21014492753623187 0.3301283589251439 0.020594965675057208 0.012967200610221205
5 0.09229595728451563 0.33089011516314776 0.021357742181540806 0.012967200610221205
5 0.6628527841342486 0.33165187140115165 0.021357742181540806 0.012967200610221205
5 0.7284515636918383 0.32936660268714013 0.021357742181540806 0.012967200610221205
5 0.8161708619374524 0.32936660268714013 0.021357742181540806 0.012967200610221205
5 0.9031273836765827 0.33089011516314776 0.021357742181540806 0.012967200610221205
