5 0.4213483146067415 0.48035429936305735 0.07191011235955055 0.02247191011235955
9 0.5157303370786517 0.31476910828025473 0.03146067415730337 0.021348314606741574
11 0.26853932584269663 0.47810907643312106 0.06067415730337078 0.0853932584269663
6 0.7067415730337079 0.7800915605095542 0.04719101123595505 0.10561797752808988
6 0.10224719101123596 0.7800915605095542 0.04943820224719101 0.10561797752808988
11 0.7320224719101124 0.4775477707006369 0.05955056179775281 0.08202247191011236
5 0.32471910112359553 0.13178343949044585 0.0696629213483146 0.023595505617977526
10 0.9303370786516855 0.859796974522293 0.020224719101123594 0.020224719101123594
6 0.8668539325842698 0.5892476114649681 0.04606741573033708 0.10561797752808988
10 0.9303370786516855 0.7003861464968153 0.020224719101123594 0.02247191011235955
4 0.6275280898876404 0.5999124203821655 0.03707865168539326 0.016853932584269662
0 0.34213483146067414 0.2232762738853503 0.04606741573033708 0.07191011235955055
4 0.45168539325842694 0.9176114649681528 0.038202247191011236 0.019101123595505618
6 0.2932584269662921 0.7806528662420382 0.04719101123595505 0.1044943820224719
15 0.5151685393258427 0.5449044585987262 0.16292134831460675 0.1651685393258427
6 0.10112359550561797 0.3989649681528663 0.04719101123595505 0.10224719101123596
