2 0.1843501326259947 0.7099719101123595 0.06631299734748011 0.08222811671087533
10 0.8740053050397878 0.3799245084269663 0.02387267904509284 0.026525198938992044
8 0.15981432360742706 0.295093047752809 0.09681697612732096 0.09814323607427056
2 0.5470822281167109 0.7106346558988764 0.06763925729442971 0.08355437665782493
0 0.35013262599469497 0.29575579353932585 0.06631299734748011 0.08090185676392572
0 0.6816976127320955 0.2964185393258427 0.0636604774535809 0.07957559681697614
10 0.27254641909814326 0.3792617626404494 0.025198938992042442 0.025198938992042442
0 0.7964190981432361 0.29575579353932585 0.0649867374005305 0.08090185676392572
5 0.3249336870026525 0.2149008075842697 0.03978779840848807 0.01458885941644562
2 0.29774535809018565 0.5442854634831461 0.06763925729442971 0.08222811671087533
10 0.22082228116710872 0.5449482092696629 0.025198938992042442 0.025198938992042442
2 0.84946949602122 0.5449482092696629 0.0649867374005305 0.07824933687002653
5 0.4907161803713528 0.21556355337078653 0.04774535809018568 0.015915119363395226
0 0.46551724137931033 0.29575579353932585 0.0636604774535809 0.08090185676392572
10 0.9257294429708223 0.5456109550561798 0.02387267904509284 0.02387267904509284
5 0.6558355437665783 0.21357531601123597 0.04907161803713528 0.017241379310344827
9 0.5729442970822282 0.417701018258427 0.03183023872679045 0.022546419098143235
