0 0.17307692307692307 0.18931640624999999 0.11538461538461539 0.15865384615384617
5 0.5300480769230769 0.095625 0.13221153846153846 0.0625
0 0.8197115384615385 0.19051757812499998 0.11538461538461539 0.15625
6 0.53125 0.570087890625 0.08653846153846154 0.09375
5 0.8737980769230769 0.082412109375 0.13221153846153846 0.060096153846153855
10 0.9387019230769231 0.4415625 0.04086538461538462 0.04326923076923077
5 0.12860576923076922 0.089619140625 0.13221153846153846 0.060096153846153855
2 0.1778846153846154 0.4271484375 0.11538461538461539 0.17307692307692307
2 0.4831730769230769 0.428349609375 0.11538461538461539 0.17067307692307693
4 0.5324519230769231 0.9268359374999999 0.12259615384615385 0.06730769230769232
6 0.8701923076923077 0.558076171875 0.08653846153846154 0.09375
11 0.4855769230769231 0.728642578125 0.09615384615384616 0.14182692307692307
11 0.8305288461538461 0.733447265625 0.09855769230769232 0.14182692307692307
11 0.16466346153846154 0.723837890625 0.09855769230769232 0.14182692307692307
0 0.4855769230769231 0.18931640624999999 0.11538461538461539 0.15865384615384617
