0 0.9144067796610169 0.2962945854755784 0.08305084745762711 0.11355932203389832
6 0.8169491525423729 0.4823084029562982 0.0576271186440678 0.07288135593220338
10 0.8661016949152543 0.4053663239074551 0.030508474576271188 0.027118644067796606
10 0.9483050847457626 0.44764219151670953 0.01864406779661017 0.01694915254237288
5 0.6576271186440678 0.20836078084832907 0.08135593220338984 0.03559322033898305
5 0.8177966101694916 0.20751526349614396 0.07966101694915254 0.03728813559322034
5 0.9449152542372883 0.20497871143958868 0.07966101694915254 0.03559322033898305
14 0.6584745762711864 0.24556354434447303 0.06271186440677966 0.0288135593220339
0 0.22288135593220343 0.29967665488431877 0.08305084745762711 0.11355932203389832
4 0.8186440677966103 0.5905346240359897 0.08135593220338984 0.0559322033898305
4 0.6245762711864407 0.6531029080976863 0.07966101694915254 0.0559322033898305
5 0.5288135593220339 0.20751526349614396 0.08135593220338984 0.03728813559322034
4 0.3593220338983051 0.8027594794344474 0.08135593220338984 0.05084745762711864
4 0.09322033898305085 0.649720838688946 0.08135593220338984 0.0559322033898305
6 0.09491525423728814 0.5575594473007712 0.0576271186440678 0.07457627118644068
5 0.1923728813559322 0.2108973329048843 0.07966101694915254 0.03728813559322034
6 0.5279661016949152 0.5567139299485862 0.05932203389830508 0.07288135593220338
0 0.4940677966101695 0.29798562017994856 0.08305084745762711 0.11355932203389832
0 0.7771186440677966 0.2929125160668381 0.08305084745762711 0.11355932203389832
6 0.6220338983050847 0.5533318605398458 0.0576271186440678 0.07288135593220338
