0 0.4788918205804749 0.4353960951526032 0.052770448548812667 0.07255936675461741
6 0.6813984168865436 0.6885379263913823 0.04353562005277045 0.04617414248021108
6 0.4591029023746701 0.7280913375224416 0.04221635883905013 0.04617414248021108
6 0.30672823218997364 0.6740350089766606 0.04353562005277045 0.04617414248021108
5 0.6062005277044855 0.37276986086175945 0.05145118733509235 0.021108179419525065
0 0.17348284960422164 0.5843806104129264 0.07519788918205807 0.05672823218997362
2 0.8251978891820582 0.46308348294434476 0.05936675461741425 0.06728232189973615
4 0.1741424802110818 0.6450291741472172 0.0554089709762533 0.032981530343007916
4 0.30408970976253297 0.8269748653500898 0.05408970976253298 0.032981530343007916
5 0.4584432717678101 0.37276986086175945 0.05145118733509235 0.021108179419525065
4 0.683377308707124 0.7425942549371634 0.0554089709762533 0.032981530343007916
0 0.8238786279683378 0.36419995511669656 0.05145118733509235 0.07255936675461741
2 0.9577836411609498 0.41627861310592457 0.05804749340369393 0.07124010554089709
2 0.10554089709762533 0.5355980700179533 0.05804749340369393 0.06728232189973615
2 0.2849604221635884 0.5362572935368044 0.05804749340369393 0.07124010554089709
0 0.28232189973614774 0.3286018850987433 0.052770448548812667 0.07255936675461741
0 0.48153034300791553 0.5250504937163376 0.052770448548812667 0.07255936675461741
0 0.6589709762532981 0.3246465439856373 0.05145118733509235 0.07255936675461741
2 0.4386543535620053 0.6311854802513465 0.05936675461741425 0.06860158311345646
0 0.28562005277044855 0.22905913375224415 0.05145118733509235 0.07387862796833773
11 0.10092348284960422 0.7406165843806105 0.04353562005277045 0.05804749340369393
0 0.6609498680738787 0.2283999102333932 0.052770448548812667 0.07255936675461741
11 0.28562005277044855 0.7419350314183124 0.04353562005277045 0.05804749340369393
0 0.10686015831134563 0.3266242145421903 0.052770448548812667 0.07387862796833773
4 0.8496042216358839 0.5184582585278277 0.0554089709762533 0.032981530343007916
5 0.08443271767810026 0.17434358168761221 0.05013192612137203 0.017150395778364115
5 0.3054089709762533 0.17236591113105923 0.048812664907651716 0.018469656992084433
5 0.6820580474934037 0.17236591113105923 0.05013192612137203 0.021108179419525065
0 0.10686015831134563 0.22905913375224415 0.052770448548812667 0.07387862796833773
5 0.8476253298153035 0.3081659560143627 0.05145118733509235 0.021108179419525065
0 0.58311345646438 0.43935143626570916 0.052770448548812667 0.07255936675461741
0 0.5817941952506597 0.5257097172351886 0.052770448548812667 0.07387862796833773
15 0.21767810026385223 0.46308348294434476 0.10817941952506596 0.09102902374670185
10 0.7137203166226913 0.6265709156193895 0.018469656992084433 0.01978891820580475
