8 0.7331730769230769 0.67672119140625 0.08653846153846154 0.08173076923076925
15 0.3449519230769231 0.4476470947265625 0.16586538461538464 0.16586538461538464
5 0.7319711538461539 0.3229156494140625 0.08413461538461539 0.03125
16 0.5252403846153846 0.44644775390625 0.17067307692307693 0.16826923076923078
10 0.8569711538461539 0.5795745849609375 0.07932692307692309 0.060096153846153855
0 0.6838942307692307 0.4476470947265625 0.11298076923076923 0.13221153846153846
14 0.6274038461538461 0.67672119140625 0.08653846153846154 0.038461538461538464
4 0.625 0.7786651611328125 0.10096153846153846 0.04567307692307693
4 0.7319711538461539 0.7786651611328125 0.09855769230769232 0.04567307692307693
10 0.17307692307692307 0.403271484375 0.07692307692307693 0.057692307692307696
