14 0.09433962264150944 0.5522493855337078 0.07547169811320756 0.03066037735849057
2 0.8089622641509434 0.34601913623595504 0.08962264150943397 0.06603773584905662
5 0.3561320754716981 0.42144048455056177 0.06603773584905662 0.01886792452830189
2 0.3290094339622642 0.6288491924157303 0.06839622641509434 0.08962264150943397
2 0.27712264150943394 0.7985472261235955 0.06367924528301887 0.08962264150943397
4 0.8643867924528303 0.41554819171348323 0.025943396226415096 0.016509433962264154
10 0.21816037735849053 0.5675693469101124 0.016509433962264154 0.01886792452830189
2 0.7523584905660378 0.7066274578651686 0.08962264150943397 0.06603773584905662
0 0.4764150943396227 0.40612052317415726 0.09433962264150944 0.06839622641509434
10 0.8455188679245284 0.2317086551966292 0.01179245283018868 0.016509433962264154
0 0.36910377358490565 0.29298850070224713 0.06367924528301887 0.0919811320754717
0 0.3290094339622642 0.4897910814606742 0.06839622641509434 0.08962264150943397
2 0.6568396226415094 0.34601913623595504 0.08726415094339623 0.06603773584905662
0 0.75 0.22935173806179776 0.06603773584905662 0.0919811320754717
4 0.30424528301886794 0.8928239115168539 0.028301886792452834 0.01886792452830189
2 0.5931603773584906 0.7078059164325843 0.0919811320754717 0.06367924528301887
2 0.5058962264150944 0.6288491924157303 0.06839622641509434 0.08962264150943397
5 0.41273584905660377 0.15628730688202247 0.06603773584905662 0.01179245283018868
10 0.8089622641509434 0.734910463483146 0.009433962264150945 0.014150943396226417
10 0.2205188679245283 0.8009041432584268 0.016509433962264154 0.02358490566037736
