2 0.10271041369472182 0.8092225609756097 0.07703281027104136 0.08559201141226819
2 0.41797432239657634 0.6111051829268292 0.07132667617689016 0.0884450784593438
5 0.44935805991440797 0.10084603658536587 0.05706134094151213 0.02282453637660485
2 0.8395149786019973 0.6132431402439025 0.07275320970042796 0.08701854493580599
4 0.8701854493580597 0.7137271341463415 0.04850213980028531 0.034236804564907276
0 0.8366619115549214 0.19705411585365853 0.07845934379457917 0.08701854493580599
0 0.4158345221112696 0.19349085365853658 0.07560627674750357 0.08559201141226819
5 0.8708987161198289 0.10227134146341463 0.055634807417974316 0.02282453637660485
2 0.41512125534950073 0.8106478658536584 0.07417974322396578 0.0884450784593438
4 0.630527817403709 0.9111318597560976 0.05135520684736091 0.03281027104136947
5 0.07203994293865906 0.3595388719512195 0.055634807417974316 0.021398002853067047
5 0.5349500713266762 0.7707393292682927 0.05420827389443652 0.01997146932952925
4 0.4479315263908702 0.9104192073170732 0.05135520684736091 0.031383737517831675
4 0.07275320970042796 0.9097065548780489 0.04850213980028531 0.03281027104136947
10 0.16833095577746077 0.4578849085365853 0.008559201141226819 0.009985734664764625
2 0.10342368045649072 0.457172256097561 0.07560627674750357 0.0884450784593438
2 0.5998573466476462 0.8106478658536584 0.07275320970042796 0.0884450784593438
10 0.2253922967189729 0.40229801829268297 0.019971469329529246 0.009985734664764625
10 0.9728958630527818 0.40229801829268297 0.034236804564907276 0.021398002853067047
