10 0.7474662162162162 0.24280753968253968 0.018581081081081082 0.018581081081081082
10 0.8944256756756757 0.5817956349206349 0.018581081081081082 0.018581081081081082
4 0.32094594594594594 0.33978174603174605 0.037162162162162164 0.02364864864864865
19 0.43327702702702703 0.392906746031746 0.03885135135135136 0.06925675675675677
14 0.3885135135135135 0.2782242063492063 0.016891891891891893 0.04222972972972973
4 0.4341216216216216 0.8010416666666668 0.037162162162162164 0.02195945945945946
2 0.722972972972973 0.6045634920634921 0.057432432432432436 0.07770270270270271
4 0.7474662162162162 0.8001984126984126 0.03547297297297298 0.02364864864864865
10 0.43243243243243246 0.25376984126984126 0.016891891891891893 0.016891891891891893
14 0.7027027027027027 0.27232142857142855 0.016891891891891893 0.04054054054054054
2 0.4079391891891892 0.6011904761904762 0.05912162162162162 0.07770270270270271
14 0.8268581081081081 0.5826388888888889 0.018581081081081082 0.04391891891891892
10 0.13260135135135134 0.6028769841269842 0.02195945945945946 0.02027027027027027
14 0.18496621621621623 0.6020337301587302 0.018581081081081082 0.04560810810810811
14 0.48733108108108103 0.5691468253968254 0.018581081081081082 0.04391891891891892
21 0.43158783783783783 0.7259920634920636 0.03209459459459459 0.09797297297297299
19 0.7474662162162162 0.38531746031746034 0.03885135135135136 0.07094594594594596
19 0.7474662162162162 0.7192460317460319 0.03885135135135136 0.06756756756756757
4 0.6359797297297297 0.3338789682539683 0.03885135135135136 0.02533783783783784
21 0.28125 0.603720238095238 0.0962837837837838 0.028716216216216218
21 0.589527027027027 0.6045634920634921 0.09797297297297299 0.030405405405405407
