6 0.24197002141327623 0.7636574074074074 0.08137044967880085 0.04710920770877944
10 0.19271948608137046 0.1876736111111111 0.02569593147751606 0.02569593147751606
0 0.6820128479657388 0.3921585648148148 0.07922912205567452 0.11349036402569593
4 0.0417558886509636 0.7647280092592592 0.04068522483940042 0.04925053533190578
14 0.5449678800856531 0.7636574074074074 0.03640256959314775 0.05139186295503212
14 0.5449678800856531 0.5452546296296296 0.03640256959314775 0.05139186295503212
10 0.8565310492505354 0.7647280092592592 0.02569593147751606 0.027837259100642397
4 0.7173447537473233 0.8996238425925925 0.04710920770877944 0.032119914346895075
10 0.24089935760171305 0.6544560185185185 0.02355460385438972 0.02569593147751606
2 0.34796573875803 0.6544560185185185 0.08351177730192719 0.11134903640256959
6 0.38329764453961457 0.2883101851851852 0.04710920770877944 0.08137044967880085
8 0.7162740899357601 0.8278935185185186 0.08351177730192719 0.07708779443254818
