19 0.5640854472630173 0.5385823429541595 0.11348464619492657 0.02937249666221629
6 0.6935914552736983 0.2597012945670628 0.036048064085447265 0.08544726301735647
19 0.6882510013351135 0.40047617784380307 0.025367156208277702 0.11615487316421895
19 0.2162883845126836 0.4845408000848897 0.02937249666221629 0.11882510013351136
10 0.8878504672897197 0.48854387733446514 0.04539385847797063 0.03337783711615487
14 0.27703604806408544 0.48320644100169774 0.054739652870493996 0.022696929238985315
2 0.4445927903871829 0.6119720925297114 0.07743658210947932 0.10146862483311081
19 0.3177570093457944 0.605967476655348 0.11214953271028039 0.030707610146862484
14 0.7550066755674232 0.48854387733446514 0.022696929238985315 0.06275033377837116
5 0.6935914552736983 0.1642946201188455 0.06275033377837116 0.025367156208277702
10 0.09279038718291055 0.6113049129881155 0.04138851802403204 0.030707610146862484
10 0.22296395193591456 0.36845155984719863 0.03471295060080107 0.04672897196261682
19 0.47463284379172227 0.731397230475382 0.028037383177570097 0.11882510013351136
14 0.17423230974632845 0.6126392720713073 0.022696929238985315 0.06542056074766356
4 0.4799732977303071 0.811458775466893 0.05740987983978638 0.044058744993324434
