5 0.35013440860215056 0.16991387337057728 0.04704301075268817 0.01881720430107527
6 0.5228494623655914 0.694387220670391 0.03763440860215054 0.07795698924731183
10 0.8803763440860216 0.45092964385474865 0.043010752688172046 0.030913978494623663
6 0.6875 0.2611266294227188 0.033602150537634407 0.07795698924731183
14 0.4112903225806452 0.4744035148975792 0.021505376344086023 0.05645161290322581
2 0.657258064516129 0.6172587872439479 0.07258064516129034 0.09274193548387097
14 0.7903225806451613 0.4516003258845437 0.024193548387096774 0.05913978494623656
4 0.6901881720430108 0.7963308891992551 0.05510752688172042 0.03763440860215054
19 0.6821236559139785 0.38788553305400375 0.0228494623655914 0.10349462365591397
4 0.176747311827957 0.7889533868715084 0.05510752688172042 0.038978494623655914
2 0.14583333333333334 0.584395367783985 0.07123655913978497 0.0913978494623656
19 0.46841397849462363 0.5387889897579143 0.02553763440860215 0.10483870967741937
19 0.6848118279569892 0.7165197276536313 0.02553763440860215 0.10618279569892472
19 0.6821236559139785 0.5153151187150838 0.0228494623655914 0.10618279569892472
19 0.34543010752688175 0.39258030726256987 0.024193548387096774 0.10483870967741937
19 0.17137096774193547 0.6917044925512104 0.02553763440860215 0.10483870967741937
6 0.35147849462365593 0.26783344972067036 0.03629032258064517 0.07795698924731183
10 0.5208333333333334 0.7855999767225327 0.028225806451612906 0.043010752688172046
19 0.26411290322580644 0.5173271648044693 0.10887096774193547 0.026881720430107524
10 0.06922043010752688 0.5823833216945996 0.012096774193548387 0.017473118279569894
