6 0.4743833017077799 0.41759397374701673 0.056925996204933584 0.12144212523719164
19 0.47248576850094876 0.26225387828162294 0.03795066413662239 0.14041745730550284
4 0.47722960151802657 0.845726431980907 0.08159392789373814 0.05313092979127134
4 0.6935483870967742 0.7737395584725537 0.08159392789373814 0.05313092979127134
2 0.4278937381404175 0.6363961813842482 0.10815939278937381 0.1385199240986717
5 0.47722960151802657 0.14290721957040572 0.07779886148007589 0.03036053130929791
7 0.1869070208728653 0.7235381861575179 0.1157495256166983 0.10056925996204931
14 0.6925996204933587 0.6193466587112172 0.0872865275142315 0.03225806451612903
10 0.8092979127134725 0.5322046539379475 0.06261859582542693 0.039848197343453504
4 0.1888045540796964 0.845726431980907 0.09297912713472485 0.056925996204933584
