2 0.8536165327210103 0.6862694597069597 0.04477611940298508 0.052812858783008045
0 0.5786452353616532 0.47741529304029307 0.04133180252583238 0.05051664753157291
2 0.26234213547646384 0.6851219093406593 0.04247990815154994 0.052812858783008045
2 0.7261768082663606 0.6862694597069597 0.04247990815154994 0.052812858783008045
17 0.31285878300803677 0.6851219093406593 0.030998851894374284 0.03214695752009185
0 0.6911595866819747 0.4768415178571429 0.04133180252583238 0.05166475315729048
17 0.4701492537313433 0.6851219093406593 0.030998851894374284 0.034443168771526984
0 0.8863375430539608 0.4768415178571429 0.04362801377726751 0.05166475315729048
2 0.41848450057405284 0.6851219093406593 0.04247990815154994 0.052812858783008045
0 0.4954075774971297 0.32421731913919416 0.040183696900114814 0.05166475315729048
0 0.8030998851894374 0.32421731913919416 0.040183696900114814 0.05166475315729048
17 0.16016073478760046 0.6851219093406593 0.03788748564867968 0.034443168771526984
2 0.10390355912743972 0.6851219093406593 0.04477611940298508 0.052812858783008045
10 0.31802525832376577 0.47741529304029307 0.013777267508610793 0.013777267508610793
0 0.38346727898966704 0.4768415178571429 0.04133180252583238 0.05166475315729048
2 0.5453501722158438 0.6862694597069597 0.04362801377726751 0.052812858783008045
4 0.7083811710677382 0.7562700320512821 0.018369690011481057 0.013777267508610793
4 0.5625717566016073 0.7585651327838827 0.018369690011481057 0.013777267508610793
4 0.49827784156142363 0.7579913576007326 0.018369690011481057 0.01492537313432836
4 0.40011481056257175 0.7585651327838827 0.01722158438576349 0.013777267508610793
4 0.33926521239954077 0.7574175824175824 0.01722158438576349 0.013777267508610793
4 0.24512055109070036 0.7585651327838827 0.01722158438576349 0.013777267508610793
4 0.18082663605051666 0.7574175824175824 0.01722158438576349 0.013777267508610793
10 0.833524684270953 0.32536486950549454 0.013777267508610793 0.012629161882893227
10 0.5246842709529277 0.32536486950549454 0.011481056257175661 0.012629161882893227
