14 0.11613272311212815 0.5409785989336493 0.012585812356979403 0.017162471395881007
10 0.6721967963386728 0.4362929502369668 0.012585812356979403 0.013729977116704806
4 0.7294050343249427 0.7274677873222749 0.02860411899313501 0.019450800915331808
6 0.16304347826086957 0.5409785989336493 0.02402745995423341 0.019450800915331808
14 0.879862700228833 0.6170616113744076 0.011441647597254004 0.018306636155606407
14 0.879862700228833 0.47176021919431277 0.011441647597254004 0.018306636155606407
2 0.7459954233409611 0.5055113299763032 0.034324942791762014 0.04233409610983981
0 0.8861556064073227 0.3367557760663507 0.03546910755148741 0.041189931350114416
14 0.11613272311212815 0.47176021919431277 0.012585812356979403 0.018306636155606407
10 0.6229977116704806 0.5066554354265402 0.019450800915331808 0.021739130434782608
4 0.9027459954233411 0.7274677873222749 0.02974828375286041 0.019450800915331808
2 0.8867276887871853 0.6765550947867298 0.036613272311212815 0.041189931350114416
14 0.11670480549199085 0.395105154028436 0.011441647597254004 0.018306636155606407
4 0.267162471395881 0.7274677873222749 0.030892448512585814 0.019450800915331808
5 0.7294050343249427 0.2824107671800948 0.02860411899313501 0.014874141876430205
0 0.7110983981693364 0.33618372334123225 0.033180778032036604 0.04004576659038901
10 0.05949656750572083 0.5112318572274882 0.020594965675057208 0.021739130434782608
2 0.7133867276887872 0.6759830420616113 0.03546910755148741 0.04233409610983981
0 0.2826086956521739 0.4368650029620853 0.036613272311212815 0.04233409610983981
2 0.4244851258581236 0.5060833827014217 0.036613272311212815 0.041189931350114416
0 0.28489702517162474 0.5060833827014217 0.03203661327231121 0.041189931350114416
6 0.8329519450800916 0.3939610485781991 0.02288329519450801 0.016018306636155607
5 0.9027459954233411 0.2824107671800948 0.027459954233409613 0.014874141876430205
10 0.32494279176201374 0.6754109893364929 0.009153318077803204 0.011441647597254004
5 0.4399313501144165 0.2824107671800948 0.02860411899313501 0.014874141876430205
14 0.879862700228833 0.3710789395734597 0.011441647597254004 0.018306636155606407
10 0.6716247139588101 0.5066554354265402 0.009153318077803204 0.010297482837528604
10 0.9364988558352403 0.5106598045023697 0.019450800915331808 0.020594965675057208
0 0.7105263157894737 0.5055113299763032 0.02974828375286041 0.04004576659038901
2 0.7133867276887872 0.5753017624407584 0.03546910755148741 0.04233409610983981
6 0.8335240274599542 0.47176021919431277 0.021739130434782608 0.018306636155606407
2 0.2831807780320366 0.6754109893364929 0.03546910755148741 0.041189931350114416
2 0.10869565217391304 0.6765550947867298 0.038901601830663615 0.041189931350114416
14 0.879862700228833 0.39453310130331753 0.011441647597254004 0.017162471395881007
14 0.11727688787185356 0.3710789395734597 0.012585812356979403 0.018306636155606407
10 0.37356979405034324 0.5066554354265402 0.019450800915331808 0.021739130434782608
14 0.879862700228833 0.5409785989336493 0.011441647597254004 0.017162471395881007
6 0.16247139588100687 0.6170616113744076 0.02288329519450801 0.018306636155606407
0 0.5366132723112128 0.33618372334123225 0.034324942791762014 0.04233409610983981
5 0.2665903890160183 0.2824107671800948 0.02974828375286041 0.014874141876430205
6 0.8329519450800916 0.6170616113744076 0.02288329519450801 0.018306636155606407
14 0.11670480549199085 0.617633664099526 0.011441647597254004 0.017162471395881007
6 0.8335240274599542 0.5409785989336493 0.02402745995423341 0.017162471395881007
5 0.5560640732265446 0.2824107671800948 0.02974828375286041 0.014874141876430205
10 0.3255148741418764 0.5747297097156399 0.008009153318077802 0.009153318077803204
6 0.16247139588100687 0.39453310130331753 0.02288329519450801 0.017162471395881007
4 0.4977116704805492 0.7268957345971564 0.02974828375286041 0.018306636155606407
0 0.4576659038901602 0.33618372334123225 0.036613272311212815 0.04233409610983981
6 0.16247139588100687 0.4711881664691943 0.02288329519450801 0.019450800915331808
2 0.2831807780320366 0.5758738151658769 0.03546910755148741 0.041189931350114416
2 0.48226544622425627 0.6759830420616113 0.03546910755148741 0.04233409610983981
5 0.09324942791762014 0.2824107671800948 0.02860411899313501 0.014874141876430205
0 0.10983981693363845 0.33618372334123225 0.036613272311212815 0.04004576659038901
0 0.284324942791762 0.33618372334123225 0.03546910755148741 0.04004576659038901
0 0.7139588100686499 0.4368650029620853 0.036613272311212815 0.04233409610983981
2 0.482837528604119 0.5753017624407584 0.036613272311212815 0.04233409610983981
2 0.5720823798627003 0.5066554354265402 0.038901601830663615 0.04233409610983981
2 0.2505720823798627 0.5060833827014217 0.034324942791762014 0.041189931350114416
14 0.11613272311212815 0.6416598785545023 0.012585812356979403 0.017162471395881007
4 0.09324942791762014 0.7274677873222749 0.030892448512585814 0.019450800915331808
14 0.879862700228833 0.6416598785545023 0.011441647597254004 0.017162471395881007
10 0.6716247139588101 0.3373278287914692 0.009153318077803204 0.010297482837528604
10 0.7883295194508009 0.5055113299763032 0.009153318077803204 0.010297482837528604
10 0.6739130434782609 0.6748389366113744 0.009153318077803204 0.010297482837528604
10 0.6727688787185355 0.5758738151658769 0.009153318077803204 0.009153318077803204
10 0.4410755148741419 0.5764458678909953 0.010297482837528604 0.010297482837528604
10 0.44050343249427926 0.6765550947867298 0.009153318077803204 0.009153318077803204
10 0.20938215102974828 0.5072274881516587 0.009153318077803204 0.009153318077803204
10 0.324370709382151 0.5077995408767773 0.010297482837528604 0.010297482837528604
10 0.324370709382151 0.4374370556872038 0.010297482837528604 0.009153318077803204
10 0.32494279176201374 0.3373278287914692 0.009153318077803204 0.010297482837528604
