10 0.8921933085501859 0.5383680555555556 0.03717472118959108 0.03965303593556382
14 0.29244114002478316 0.6794634856630825 0.022304832713754646 0.03965303593556382
10 0.530359355638166 0.537130376344086 0.01982651796778191 0.01982651796778191
4 0.70817843866171 0.7512488799283155 0.04089219330855019 0.029739776951672868
6 0.5247831474597274 0.7345402105734766 0.03841387856257745 0.0483271375464684
14 0.4882280049566295 0.42326388888888894 0.022304832713754646 0.03965303593556382
5 0.7106567534076828 0.22956709229390682 0.055762081784386616 0.01858736059479554
0 0.6871127633209417 0.42326388888888894 0.05824039653035936 0.06195786864931847
2 0.684634448574969 0.6794634856630825 0.05824039653035936 0.0644361833952912
2 0.3339529120198265 0.5853998655913979 0.055762081784386616 0.059479553903345736
10 0.21933085501858737 0.4721522177419354 0.01982651796778191 0.021065675340768277
14 0.483271375464684 0.6788446460573476 0.022304832713754646 0.03841387856257745
10 0.07372986369268897 0.6813200044802867 0.03593556381660472 0.03841387856257745
19 0.3587360594795539 0.7481546818996415 0.04584882280049567 0.06815365551425032
4 0.35749690210656754 0.8279849910394266 0.04089219330855019 0.0322180916976456
6 0.5297397769516728 0.4795782930107527 0.03841387856257745 0.04584882280049567
10 0.5254027261462205 0.7927111335125449 0.01982651796778191 0.021065675340768277
6 0.21871127633209414 0.5303231406810036 0.03841387856257745 0.0483271375464684
6 0.3593556381660471 0.36076108870967744 0.03717472118959108 0.0483271375464684
5 0.35687732342007433 0.22647289426523298 0.057001239157372985 0.01982651796778191
