2 0.12698412698412698 0.45402253668763104 0.05714285714285714 0.08412698412698412
10 0.9571428571428571 0.5959185010482181 0.015873015873015872 0.015873015873015872
0 0.6777777777777778 0.2502948113207547 0.06666666666666667 0.08571428571428572
4 0.8873015873015874 0.8464164046121594 0.0761904761904762 0.031746031746031744
2 0.18888888888888888 0.733058176100629 0.05714285714285714 0.0873015873015873
0 0.6785714285714286 0.450851677148847 0.06507936507936507 0.08412698412698412
2 0.8650793650793652 0.5103052935010481 0.06031746031746031 0.08571428571428572
6 0.8880952380952379 0.6981787211740043 0.0365079365079365 0.06825396825396826
0 0.55 0.2510875262054507 0.06190476190476191 0.08412698412698412
0 0.5484126984126985 0.450058962264151 0.06507936507936507 0.08253968253968254
2 0.4992063492063492 0.734643605870021 0.05555555555555556 0.08412698412698412
10 0.046825396825396826 0.45322982180293503 0.01746031746031746 0.015873015873015872
10 0.047619047619047616 0.5269523060796646 0.015873015873015872 0.01746031746031746
14 0.7777777777777778 0.6997641509433963 0.053968253968253964 0.03333333333333333
2 0.6833333333333333 0.735436320754717 0.05873015873015872 0.08253968253968254
2 0.680952380952381 0.6236635220125786 0.05714285714285714 0.08412698412698412
2 0.2976190476190476 0.45481525157232705 0.05555555555555556 0.08253968253968254
10 0.047619047619047616 0.733058176100629 0.012698412698412698 0.014285714285714285
2 0.4984126984126984 0.6252489517819707 0.05714285714285714 0.08412698412698412
10 0.04523809523809524 0.6244562368972747 0.014285714285714285 0.015873015873015872
5 0.888888888888889 0.19004848008385744 0.04126984126984127 0.025396825396825397
10 0.04206349206349207 0.8115369496855347 0.014285714285714285 0.015873015873015872
10 0.9484126984126984 0.8115369496855347 0.014285714285714285 0.015873015873015872
5 0.5246031746031746 0.19004848008385744 0.03968253968253968 0.025396825396825397
5 0.7 0.19004848008385744 0.04126984126984127 0.025396825396825397
