10 0.08625162127107652 0.2867551577669903 0.024643320363164724 0.024643320363164724
2 0.24383916990920879 0.5698240291262137 0.0622568093385214 0.08041504539559015
4 0.5012970168612192 0.8081978155339804 0.055771725032425425 0.0311284046692607
0 0.8106355382619974 0.28805066747572816 0.0622568093385214 0.07911802853437096
10 0.9163424124513618 0.2874029126213592 0.024643320363164724 0.02594033722438392
9 0.38002594033722437 0.3638379854368933 0.02853437094682231 0.018158236057068743
2 0.19130998702983137 0.6909541868932039 0.0635538261997406 0.07911802853437096
10 0.4306095979247731 0.5704717839805825 0.02594033722438392 0.024643320363164724
0 0.32490272373540857 0.28805066747572816 0.0635538261997406 0.07911802853437096
9 0.5 0.327563713592233 0.029831387808041503 0.02853437094682231
10 0.5726329442282749 0.5704717839805825 0.024643320363164724 0.024643320363164724
10 0.08560311284046693 0.6916019417475728 0.02594033722438392 0.023346303501945526
10 0.08560311284046693 0.4486938713592233 0.02594033722438392 0.024643320363164724
0 0.1926070038910506 0.2874029126213592 0.0635538261997406 0.07782101167315175
9 0.6238651102464332 0.3638379854368933 0.02853437094682231 0.018158236057068743
5 0.7853437094682231 0.2083768203883495 0.03761348897535668 0.01297016861219196
2 0.8119325551232166 0.4480461165048544 0.0622568093385214 0.08041504539559015
5 0.7042801556420234 0.2083768203883495 0.038910505836575876 0.01297016861219196
2 0.7587548638132295 0.5704717839805825 0.0622568093385214 0.07911802853437096
10 0.9169909208819714 0.4486938713592233 0.02594033722438392 0.024643320363164724
2 0.19130998702983137 0.4480461165048544 0.0635538261997406 0.08041504539559015
10 0.917639429312581 0.6909541868932039 0.024643320363164724 0.024643320363164724
2 0.8119325551232166 0.6909541868932039 0.0622568093385214 0.07911802853437096
0 0.6783398184176395 0.2861074029126214 0.0622568093385214 0.07782101167315175
10 0.8223086900129701 0.7712757888349515 0.020752269779507136 0.01686121919584955
5 0.21725032425421534 0.2077290655339806 0.04020752269779508 0.014267185473411156
5 0.301556420233463 0.20513804611650482 0.04020752269779508 0.014267185473411156
10 0.182230869001297 0.7725712985436893 0.02204928664072633 0.01686121919584955
