4 0.48366007194244603 0.4900426742532006 0.025604551920341397 0.02702702702702703
5 0.6008812949640288 0.06756756756756757 0.05547652916073968 0.01849217638691323
4 0.4879226618705036 0.9103840682788051 0.025604551920341397 0.025604551920341397
6 0.4893435251798561 0.6344238975817923 0.03413940256045519 0.05974395448079659
6 0.601591726618705 0.1251778093883357 0.03413940256045519 0.05689900426742532
6 0.6449280575539569 0.8833570412517779 0.03556187766714082 0.06543385490753911
17 0.5980395683453238 0.20554765291607396 0.03271692745376956 0.06401137980085349
2 0.20517086330935252 0.8008534850640114 0.04836415362731152 0.05689900426742532
10 0.06734712230215828 0.980796586059744 0.03413940256045519 0.02702702702702703
14 0.48366007194244603 0.4317211948790896 0.039829302987197716 0.02702702702702703
6 0.7493615107913669 0.6344238975817923 0.03413940256045519 0.05974395448079659
10 0.939046762589928 0.7034139402560455 0.03556187766714082 0.02702702702702703
5 0.22364208633093527 0.5732574679943101 0.05405405405405406 0.01991465149359886
14 0.563228417266187 0.751778093883357 0.025604551920341397 0.03556187766714082
14 0.7252068345323741 0.39758179231863444 0.039829302987197716 0.02702702702702703
2 0.7308902877697842 0.8015647226173541 0.04836415362731152 0.05547652916073968
4 0.7252068345323741 0.4566145092460882 0.025604551920341397 0.025604551920341397
17 0.5980395683453238 0.30654338549075394 0.03271692745376956 0.06401137980085349
17 0.29823741007194243 0.38193456614509247 0.06116642958748222 0.029871977240398296
6 0.22435251798561154 0.6344238975817923 0.03271692745376956 0.05974395448079659
4 0.22364208633093527 0.9110953058321479 0.025604551920341397 0.02418207681365576
6 0.3856205035971223 0.8826458036984353 0.03413940256045519 0.06116642958748222
4 0.6030125899280575 0.488620199146515 0.025604551920341397 0.02418207681365576
2 0.46874100719424455 0.8008534850640114 0.049786628733997154 0.05405405405405406
2 0.5816996402877698 0.38477951635846375 0.04836415362731152 0.05832147937411095
5 0.4872122302158274 0.5739687055476529 0.05263157894736842 0.021337126600284494
6 0.11494604316546764 0.8819345661450925 0.03556187766714082 0.05974395448079659
5 0.7479406474820144 0.5732574679943101 0.05405405405405406 0.01991465149359886
10 0.5909352517985611 0.701280227596017 0.03556187766714082 0.02844950213371266
14 0.29823741007194243 0.716927453769559 0.02418207681365576 0.03698435277382646
10 0.06663669064748201 0.8008534850640114 0.03271692745376956 0.02844950213371266
4 0.7493615107913669 0.9103840682788051 0.025604551920341397 0.025604551920341397
