14 0.36803874092009686 0.6440504807692308 0.053268765133171914 0.07990314769975787
19 0.2687651331719128 0.33416037087912087 0.06295399515738499 0.14769975786924938
10 0.09079903147699758 0.6488925137362637 0.05569007263922519 0.04116222760290557
4 0.8462469733656175 0.9030992445054945 0.05569007263922519 0.060532687651331726
14 0.3692493946731235 0.46852678571428574 0.05569007263922519 0.0774818401937046
2 0.22397094430992737 0.5459993131868133 0.10411622276029056 0.1307506053268765
19 0.2639225181598063 0.7590487637362637 0.06295399515738499 0.14527845036319614
4 0.2687651331719128 0.9091517857142858 0.053268765133171914 0.058111380145278446
5 0.11501210653753027 0.4975789835164835 0.09443099273607748 0.029055690072639223
14 0.8450363196125907 0.7445226648351648 0.0774818401937046 0.06295399515738499
5 0.2772397094430993 0.21553056318681318 0.07021791767554479 0.04116222760290557
15 0.5968523002421308 0.5568938873626373 0.2929782082324455 0.31234866828087166
