11 0.6924050632911393 0.757699345146379 0.05316455696202531 0.06835443037974684
6 0.5379746835443038 0.6957651194144838 0.03797468354430379 0.04810126582278481
0 0.1120253164556962 0.36523858821263483 0.05443037974683544 0.07721518987341773
4 0.5708860759493671 0.8840957241910633 0.04050632911392405 0.017721518987341773
6 0.8949367088607595 0.6477344953775039 0.04050632911392405 0.04810126582278481
5 0.5259493670886076 0.14214897919876734 0.049367088607594936 0.015189873417721522
11 0.35443037974683544 0.7886664580123266 0.043037974683544304 0.0670886075949367
11 0.3537974683544304 0.6515263867488443 0.04430379746835443 0.06835443037974684
9 0.05696202531645569 0.6957651194144838 0.02278481012658228 0.043037974683544304
10 0.9588607594936709 0.39620570107858244 0.026582278481012654 0.027848101265822784
0 0.42405063291139233 0.26032959360554697 0.04810126582278481 0.07215189873417721
2 0.11329113924050631 0.6995570107858243 0.05189873417721519 0.07594936708860758
6 0.7708860759493671 0.6963971013097072 0.04050632911392405 0.049367088607594936
15 0.5620253164556962 0.3450151675654854 0.17215189873417722 0.14303797468354432
11 0.45506329113924054 0.6508944048536209 0.04177215189873418 0.0670886075949367
0 0.6949367088607595 0.2634895030816641 0.05063291139240507 0.07594936708860758
11 0.6924050632911393 0.6521583686440677 0.05569620253164557 0.06962025316455696
11 0.45886075949367094 0.7874024942218798 0.03670886075949367 0.0670886075949367
2 0.2056962025316456 0.5921200885978428 0.049367088607594936 0.07594936708860758
6 0.4044303797468355 0.5674727946841294 0.039240506329113925 0.036708860759493665
6 0.8949367088607595 0.4897390215716487 0.04050632911392405 0.04810126582278481
0 0.8753164556962025 0.2609615755007704 0.05189873417721519 0.07594936708860758
