4 0.2966601178781925 0.8178057249322492 0.03536345776031434 0.011787819253438116
11 0.32711198428290766 0.7580094004065041 0.045186640471512766 0.06876227897838899
0 0.4901768172888016 0.26297425474254743 0.05304518664047151 0.07072691552062868
0 0.11984282907662083 0.26689532520325204 0.05500982318271119 0.07465618860510806
15 0.22396856581532418 0.4952976795392955 0.12180746561886051 0.1355599214145383
11 0.08349705304518663 0.7570291327913279 0.045186640471512766 0.0667976424361493
11 0.4950884086444008 0.7560488651761518 0.05108055009823183 0.07269155206286837
21 0.3428290766208251 0.6295943428184282 0.03339882121807465 0.06286836935166994
10 0.5952848722986247 0.44138296070460703 0.01571709233791748 0.015717092337917484
0 0.12082514734774066 0.38550770663956635 0.05304518664047151 0.07662082514734773
0 0.4901768172888016 0.3835471714092141 0.05304518664047151 0.07269155206286837
15 0.7740667976424361 0.5256859756097562 0.14145383104125736 0.11394891944990178
0 0.3182711198428291 0.3845274390243903 0.05500982318271119 0.07465618860510806
2 0.9341846758349706 0.5276465108401085 0.060903732809430254 0.07465618860510806
0 0.31728880157170924 0.2639545223577236 0.05304518664047151 0.07269155206286837
21 0.5157170923379175 0.6295943428184282 0.03339882121807465 0.06286836935166994
10 0.650294695481336 0.4884358062330623 0.019646365422396856 0.019646365422396856
4 0.09921414538310412 0.8168254573170731 0.03732809430255403 0.013752455795677798
4 0.5176817288801572 0.8168254573170731 0.03732809430255403 0.013752455795677798
4 0.4724950884086444 0.8187859925474253 0.03732809430255403 0.013752455795677798
