4 0.1876267748478702 0.8445089285714286 0.11967545638945234 0.07302231237322515
17 0.7068965517241379 0.27948863636363636 0.09127789046653144 0.0486815415821501
17 0.7089249492900609 0.4769419642857143 0.09533468559837728 0.05476673427991886
14 0.18864097363083165 0.3827719155844156 0.11359026369168357 0.06490872210953347
17 0.32150101419878296 0.5690868506493507 0.09127789046653144 0.04462474645030426
4 0.8113590263691683 0.8424837662337662 0.11359026369168357 0.06490872210953347
17 0.19371196754563894 0.22683441558441558 0.04259634888438134 0.08924949290060852
10 0.11460446247464504 0.14481534090909093 0.026369168356997975 0.026369168356997968
14 0.5720081135902637 0.3847970779220779 0.10953346855983773 0.06490872210953347
17 0.5821501014198783 0.2258218344155844 0.04462474645030426 0.0872210953346856
17 0.32150101419878296 0.28050121753246754 0.09127789046653144 0.04665314401622718
14 0.8133874239350913 0.673382711038961 0.1054766734279919 0.06288032454361055
17 0.19878296146044624 0.7098356331168831 0.04462474645030426 0.09533468559837728
10 0.8843813387423936 0.2886018668831169 0.02434077079107505 0.026369168356997968
