7 0.6538461538461539 0.5889580118312757 0.06451612903225808 0.06575682382133996
9 0.5545905707196029 0.5809124228395062 0.01240694789081886 0.02729528535980149
10 0.09863523573200993 0.7777199074074074 0.01612903225806452 0.017369727047146403
8 0.4088089330024814 0.2782744984567901 0.08560794044665013 0.0707196029776675
6 0.4447890818858561 0.7164496527777777 0.026054590570719606 0.06575682382133996
2 0.500620347394541 0.5815313143004115 0.05086848635235732 0.0707196029776675
14 0.2853598014888337 0.6718894675925926 0.044665012406947896 0.03101736972704715
14 0.5552109181141439 0.6731272505144033 0.04342431761786601 0.03101736972704715
9 0.2834987593052109 0.5809124228395062 0.01612903225806452 0.03225806451612904
2 0.3399503722084367 0.5815313143004115 0.05210918114143921 0.0707196029776675
7 0.18238213399503722 0.5970036008230453 0.06451612903225808 0.06699751861042183
7 0.08436724565756824 0.3104568544238683 0.06947890818858561 0.0707196029776675
0 0.3399503722084367 0.4119550540123457 0.057071960297766754 0.07568238213399506
6 0.4168734491315137 0.49488650977366255 0.05955334987593053 0.026054590570719606
5 0.41811414392059554 0.22009870113168722 0.034739454094292806 0.01612903225806452
7 0.08126550868486353 0.4082417052469136 0.06327543424317619 0.06823821339950373
8 0.3939205955334988 0.7164496527777777 0.06575682382133996 0.06823821339950373
0 0.4993796526054591 0.41257394547325105 0.05583126550868487 0.07444168734491316
10 0.06265508684863523 0.2157664609053498 0.011166253101736974 0.01240694789081886
10 0.6532258064516129 0.21824202674897117 0.011166253101736974 0.01240694789081886
10 0.6755583126550868 0.7777199074074074 0.011166253101736974 0.01240694789081886
10 0.039081885856079406 0.5536811985596708 0.011166253101736974 0.01240694789081886
10 0.11600496277915633 0.5561567644032921 0.011166253101736974 0.01240694789081886
