15 0.4573170731707317 0.5276199930939226 0.14227642276422764 0.11585365853658536
6 0.17378048780487804 0.503276070441989 0.09552845528455285 0.04268292682926829
14 0.5274390243902439 0.37648480662983425 0.026422764227642274 0.06097560975609756
4 0.3445121951219512 0.6249956837016575 0.05081300813008129 0.026422764227642274
6 0.35060975609756095 0.3785134668508287 0.09552845528455285 0.04065040650406504
6 0.7784552845528455 0.5296486533149171 0.09349593495934959 0.03861788617886179
10 0.46138211382113814 0.5823938190607734 0.012195121951219513 0.01016260162601626
14 0.896341463414634 0.5945657803867404 0.07723577235772358 0.026422764227642274
10 0.023373983739837397 0.6625258977900552 0.014227642276422764 0.012195121951219513
10 0.025406504065040646 0.5022617403314917 0.014227642276422764 0.012195121951219513
10 0.46036585365853655 0.47386049723756907 0.014227642276422764 0.012195121951219513
10 0.972560975609756 0.6604972375690608 0.014227642276422764 0.012195121951219513
10 0.978658536585366 0.5286343232044198 0.014227642276422764 0.012195121951219513
