5 0.48266433189655167 0.1329479768786127 0.16955684007707128 0.030828516377649322
4 0.48555360991379304 0.9547206165703276 0.09441233140655106 0.048169556840077066
0 0.44221443965517243 0.3805394990366089 0.09633911368015413 0.1329479768786127
6 0.6194234913793103 0.7601156069364162 0.046242774566473986 0.08285163776493255
10 0.17062230603448275 0.6348747591522158 0.03468208092485549 0.03660886319845857
8 0.48459051724137936 0.8092485549132948 0.10404624277456646 0.09633911368015413
14 0.6184603987068966 0.6319845857418112 0.06743737957610789 0.03468208092485548
10 0.9073882004310345 0.5269749518304432 0.05973025048169556 0.040462427745664734
4 0.6194234913793103 0.9547206165703276 0.09248554913294797 0.04431599229287091
0 0.44895608836206896 0.6348747591522158 0.08285163776493255 0.10982658959537572
8 0.7879647090517241 0.7148362235067437 0.10211946050096339 0.09633911368015413
4 0.7889278017241379 0.9547206165703276 0.09248554913294797 0.04431599229287091
