10 0.7544568607068607 0.4922928709055877 0.05780346820809248 0.03660886319845857
5 0.5676033004158004 0.13005780346820808 0.05780346820809248 0.025048169556840076
8 0.2911756107068607 0.21001926782273603 0.10597302504816955 0.1001926782273603
0 0.602277156964657 0.6136801541425819 0.08477842003853564 0.10211946050096339
7 0.13032744282744285 0.7842003853564548 0.1001926782273603 0.09248554913294797
8 0.5685664630977131 0.838150289017341 0.10597302504816955 0.09633911368015413
5 0.29021244802494806 0.13005780346820808 0.05009633911368015 0.02890173410404624
7 0.7428989085239085 0.8063583815028903 0.10404624277456646 0.09826589595375722
2 0.2507227780665281 0.5626204238921002 0.09441233140655106 0.1001926782273603
0 0.5281136304573805 0.35452793834296725 0.09055876685934489 0.1117533718689788
