4 0.45020548230974633 0.21220159151193635 0.03580901856763926 0.034482758620689655
5 0.6561936748998665 0.07294429708222812 0.034482758620689655 0.021220159151193636
4 0.6800379672897197 0.5855437665782494 0.03183023872679046 0.03580901856763926
17 0.14155436415220296 0.14323607427055704 0.022546419098143235 0.055702917771883284
2 0.86814294058745 0.3063660477453581 0.05305039787798409 0.055702917771883284
10 0.39788050734312413 0.3050397877984085 0.018567639257294426 0.01856763925729443
4 0.7509085030040054 0.5855437665782494 0.033156498673740056 0.03580901856763926
17 0.32899699599465954 0.14389920424403183 0.021220159151193636 0.05437665782493369
5 0.3276723130841121 0.07360742705570292 0.03183023872679046 0.017241379310344827
10 0.06935914552736983 0.3057029177718833 0.018567639257294426 0.017241379310344827
17 0.8522467456608812 0.14124668435013263 0.03713527851458885 0.05702917771883289
10 0.3535036298397864 0.9396551724137933 0.017241379310344827 0.014588859416445624
14 0.233619826435247 0.496684350132626 0.03978779840848807 0.025198938992042442
4 0.9661694759679573 0.21286472148541113 0.034482758620689655 0.033156498673740056
4 0.2342821678905207 0.5848806366047745 0.033156498673740056 0.034482758620689655
14 0.7509085030040054 0.496684350132626 0.038461538461538464 0.025198938992042442
4 0.16341163217623497 0.5855437665782494 0.03183023872679046 0.033156498673740056
10 0.5859854806408545 0.3057029177718833 0.018567639257294426 0.017241379310344827
14 0.6032063584779707 0.21220159151193635 0.02387267904509284 0.03978779840848807
17 0.16473631508678238 0.5192307692307693 0.021220159151193636 0.05437665782493369
17 0.6648041138184245 0.14124668435013263 0.03580901856763926 0.05702917771883289
14 0.9085457693591454 0.21286472148541113 0.025198938992042442 0.04111405835543767
5 0.14022968124165552 0.07294429708222812 0.03580901856763926 0.01856763925729443
17 0.6886484062082776 0.5159151193633952 0.03580901856763926 0.055702917771883284
17 0.2422302653538051 0.39920424403183025 0.03580901856763926 0.055702917771883284
4 0.5502190420560746 0.21220159151193635 0.034482758620689655 0.03183023872679045
14 0.39258177570093455 0.21286472148541113 0.02387267904509284 0.04111405835543767
4 0.03425504839786382 0.21153846153846154 0.033156498673740056 0.033156498673740056
10 0.9138445010013351 0.3057029177718833 0.017241379310344827 0.017241379310344827
5 0.8429739652870495 0.07360742705570292 0.03183023872679046 0.019893899204244034
14 0.08658002336448598 0.21220159151193635 0.02387267904509284 0.03978779840848807
2 0.6323493825100134 0.3057029177718833 0.05305039787798409 0.05702917771883289
10 0.8906625500667555 0.07161803713527852 0.010610079575596818 0.013262599469496022
2 0.11704773030707612 0.3057029177718833 0.05305039787798409 0.05702917771883289
2 0.35151660547396524 0.3063660477453581 0.05305039787798409 0.058355437665782495
17 0.7542202102803739 0.40119363395225466 0.03713527851458885 0.05702917771883289
