7 0.2265431621287129 0.35680204028925616 0.09075907590759075 0.08415841584158415
4 0.6351446472772277 0.6646855630165289 0.057755775577557754 0.037953795379537955
10 0.6697439665841585 0.518152763429752 0.02145214521452145 0.02145214521452145
14 0.6334970606435644 0.5914191632231406 0.057755775577557754 0.0297029702970297
8 0.19688660272277228 0.592242381198347 0.08415841584158415 0.08085808580858085
6 0.47368115717821785 0.3559788223140496 0.08415841584158415 0.0363036303630363
4 0.04778001237623763 0.6646855630165289 0.0594059405940594 0.03465346534653465
4 0.19853418935643563 0.6646855630165289 0.057755775577557754 0.03465346534653465
14 0.04778001237623763 0.5914191632231406 0.0594059405940594 0.0264026402640264
16 0.5082804764851485 0.5173295454545455 0.17656765676567657 0.2013201320132013
