0 0.8120229007633588 0.4713792067307693 0.08587786259541985 0.10687022900763359
4 0.7757633587786259 0.7995643028846154 0.05916030534351145 0.03816793893129771
6 0.6851145038167938 0.3941030649038461 0.08778625954198474 0.04007633587786259
10 0.8950381679389313 0.4713792067307693 0.022900763358778626 0.022900763358778626
4 0.42461832061068705 0.7986102764423078 0.05916030534351145 0.03625954198473282
16 0.22709923664122136 0.4704251802884615 0.1946564885496183 0.18129770992366412
8 0.42461832061068705 0.7089317908653846 0.08587786259541985 0.08587786259541985
2 0.38740458015267176 0.4704251802884615 0.08396946564885496 0.10496183206106871
10 0.9580152671755725 0.6173452524038462 0.019083969465648856 0.01717557251908397
0 0.7395038167938931 0.30633263221153845 0.08206106870229007 0.10496183206106871
5 0.7748091603053435 0.15750450721153847 0.03435114503816794 0.02099236641221374
4 0.19274809160305342 0.7995643028846154 0.05725190839694657 0.03816793893129771
8 0.7767175572519084 0.7070237379807692 0.0916030534351145 0.08969465648854962
8 0.19274809160305342 0.7089317908653846 0.08396946564885496 0.08587786259541985
6 0.42461832061068705 0.23001051682692308 0.03625954198473282 0.08587786259541985
14 0.5954198473282443 0.351171875 0.06106870229007634 0.03053435114503817
5 0.4284351145038167 0.15655048076923078 0.03625954198473282 0.022900763358778626
