4 0.38368172623061364 0.6655937945791726 0.029669588671611596 0.016857720836142953
2 0.366149696561025 0.4653330064194009 0.04045853000674309 0.048550236008091704
2 0.27680377612946727 0.6235222004279601 0.03843560350640594 0.04989885367498314
0 0.3674983142279164 0.3512348430813124 0.03910991233985165 0.05057316250842886
8 0.06641942009440324 0.6282342189728959 0.03978422117329737 0.03910991233985165
8 0.22521915037086987 0.7113676890156919 0.04045853000674309 0.03978422117329737
0 0.7299393122049899 0.4656695791726106 0.03978422117329737 0.04787592717464599
5 0.9103169251517194 0.29334432952924394 0.036412677006068775 0.010114632501685771
6 0.6304787592717465 0.4259539942938659 0.04180714767363452 0.019554956169925825
0 0.8931220498988537 0.32329930456490724 0.03843560350640594 0.048550236008091704
0 0.2609575185434929 0.4027304743223966 0.037761294672960216 0.048550236008091704
0 0.5138233310856373 0.46634272467903 0.037761294672960216 0.04787592717464599
0 0.609912339851652 0.3859018366619115 0.03978422117329737 0.04720161834120027
4 0.5930546190155092 0.6649206490727532 0.027646662171274445 0.015509103169251517
0 0.1894807821982468 0.4027304743223966 0.03910991233985165 0.048550236008091704
2 0.5131490222521915 0.5366864300998573 0.03910991233985165 0.04989885367498314
14 0.43020903573836816 0.4064327746077033 0.029669588671611596 0.012811867835468643
14 0.6641942009440324 0.40609620185449363 0.029669588671611596 0.012137559002022926
4 0.2926500337154417 0.6655937945791726 0.029669588671611596 0.016857720836142953
0 0.12339851652056641 0.5383692938659058 0.04180714767363452 0.04922454484153742
0 0.8017532029669588 0.46600615192582023 0.03910991233985165 0.04720161834120027
0 0.5768712070128119 0.46600615192582023 0.03978422117329737 0.04585300067430883
2 0.2592717464598786 0.5366864300998573 0.03843560350640594 0.04989885367498314
0 0.7494942683749157 0.3239724500713267 0.03978422117329737 0.04989885367498314
9 0.14160485502360082 0.4646598609129814 0.013486176668914362 0.009440323668240054
5 0.5488873904248146 0.29267118402282455 0.036412677006068775 0.011463250168577207
4 0.8142279163857047 0.5787580242510699 0.028995279838165876 0.016857720836142953
0 0.4814565070802427 0.3859018366619115 0.03910991233985165 0.048550236008091704
4 0.49763991908294003 0.6652572218259629 0.029669588671611596 0.017532029669588674
9 0.7457855697909642 0.5824603245363766 0.012137559002022926 0.008091706001348616
2 0.8304113283884019 0.5373595756062768 0.037086985839514496 0.04720161834120027
4 0.06608226567768037 0.6649206490727532 0.02832097100472016 0.015509103169251517
2 0.8304113283884019 0.6245319186875891 0.037086985839514496 0.04652730950775455
5 0.22488199595414698 0.29368090228245364 0.037086985839514496 0.01078894133513149
2 0.576534052596089 0.5366864300998573 0.037761294672960216 0.04989885367498314
2 0.17397167902899527 0.6238587731811698 0.03910991233985165 0.04922454484153742
8 0.38334457181389076 0.6285707917261056 0.041132838840188805 0.041132838840188805
9 0.5930546190155092 0.5827968972895863 0.012811867835468643 0.008766014834794337
2 0.19082939986513822 0.537023002853067 0.03910991233985165 0.04922454484153742
0 0.5327039784221174 0.3226261590584879 0.03910991233985165 0.048550236008091704
6 0.4625758597437627 0.4256174215406562 0.04045853000674309 0.018880647336480108
0 0.9453809844908967 0.4656695791726106 0.037761294672960216 0.04787592717464599
10 0.478422117329737 0.32296273181169755 0.011463250168577207 0.011463250168577207
4 0.8138907619689817 0.6645840763195434 0.02832097100472016 0.014834794335805798
0 0.3256911665542819 0.537023002853067 0.04045853000674309 0.05057316250842886
5 0.7660148347943359 0.29267118402282455 0.036412677006068775 0.010114632501685771
10 0.5461901550910316 0.4575918330955778 0.012137559002022926 0.01416048550236008
10 0.22521915037086987 0.6050106990014266 0.014834794335805798 0.011463250168577207
0 0.8735670937289278 0.4656695791726106 0.03843560350640594 0.04787592717464599
10 0.22454484153742413 0.5020194365192582 0.013486176668914362 0.011463250168577207
2 0.51416048550236 0.6235222004279601 0.03843560350640594 0.04989885367498314
2 0.08496291301416048 0.4653330064194009 0.04315576534052596 0.048550236008091704
9 0.6648685097774781 0.32228958630527815 0.013486176668914362 0.010114632501685771
4 0.15745111260957517 0.6652572218259629 0.027646662171274445 0.016183412002697233
2 0.5768712070128119 0.6235222004279601 0.03843560350640594 0.048550236008091704
0 0.0832771409305462 0.3508982703281027 0.041132838840188805 0.048550236008091704
9 0.30849629130141604 0.4643232881597717 0.01416048550236008 0.010114632501685771
9 0.9302090357383681 0.5013462910128388 0.012811867835468643 0.008766014834794337
9 0.5930546190155092 0.5006731455064195 0.012811867835468643 0.008766014834794337
9 0.1729602157788267 0.35056169757489297 0.012811867835468643 0.008766014834794337
9 0.14126770060687796 0.3512348430813124 0.012811867835468643 0.008766014834794337
9 0.27612946729602156 0.35056169757489297 0.012811867835468643 0.008766014834794337
9 0.30849629130141604 0.35056169757489297 0.012811867835468643 0.008766014834794337
10 0.5465273095077545 0.5265892475035663 0.012811867835468643 0.014834794335805798
10 0.22353337828725556 0.3387816512125535 0.012811867835468643 0.014834794335805798
10 0.8378287255563048 0.4471580777460771 0.012811867835468643 0.014834794335805798
9 0.7461227242076871 0.5006731455064195 0.012811867835468643 0.008766014834794337
9 0.7865812542144303 0.5013462910128388 0.012811867835468643 0.008766014834794337
9 0.8890761968981794 0.5013462910128388 0.012811867835468643 0.008766014834794337
