4 0.871853546910755 0.8274336965460527 0.09153318077803203 0.034324942791762014
4 0.48855835240274603 0.8285773026315789 0.08924485125858124 0.03203661327231121
10 0.4862700228832952 0.20531198601973685 0.02974828375286041 0.02974828375286041
6 0.057208237986270026 0.5152292351973684 0.07780320366132723 0.23798627002288328
4 0.05835240274599542 0.8297209087171051 0.09382151029748284 0.034324942791762014
6 0.6807780320366132 0.32310341282894733 0.2402745995423341 0.08237986270022883
10 0.8741418764302059 0.20531198601973685 0.03203661327231121 0.02974828375286041
6 0.4897025171624714 0.5129420230263158 0.08237986270022883 0.23798627002288328
10 0.05835240274599542 0.20645559210526315 0.02974828375286041 0.027459954233409613
6 0.8752860411899313 0.5129420230263158 0.08009153318077802 0.23798627002288328
