14 0.7368721461187214 0.37864295580110496 0.012557077625570776 0.03767123287671233
21 0.6147260273972602 0.48917472375690607 0.023972602739726026 0.06506849315068493
14 0.5251141552511416 0.39459599447513816 0.0136986301369863 0.03767123287671233
21 0.305365296803653 0.6356008287292818 0.023972602739726026 0.06621004566210045
4 0.3378995433789954 0.4834772099447514 0.03881278538812785 0.021689497716894976
14 0.158675799086758 0.4755006906077348 0.0136986301369863 0.03767123287671233
4 0.49257990867579904 0.41909530386740335 0.03767123287671233 0.0228310502283105
10 0.990296803652968 0.5176622928176796 0.010273972602739725 0.012557077625570776
4 0.7288812785388128 0.5991367403314917 0.03995433789954338 0.0228310502283105
10 0.8276255707762556 0.33021408839779004 0.0091324200913242 0.0091324200913242
21 0.14726027397260275 0.56666091160221 0.06164383561643836 0.023972602739726026
14 0.5833333333333334 0.44359461325966854 0.0136986301369863 0.03995433789954338
14 0.7945205479452054 0.42707182320441994 0.0136986301369863 0.03881278538812785
6 0.1906392694063927 0.44359461325966854 0.0182648401826484 0.03995433789954338
4 0.5171232876712328 0.6150897790055249 0.0410958904109589 0.0228310502283105
14 0.9497716894977168 0.5176622928176796 0.0136986301369863 0.03767123287671233
14 0.3710045662100457 0.4595476519337017 0.0136986301369863 0.03995433789954338
21 0.8721461187214612 0.5188017955801104 0.0639269406392694 0.023972602739726026
21 0.3578767123287671 0.5501381215469614 0.06506849315068493 0.0228310502283105
4 0.7614155251141552 0.45214088397790053 0.03881278538812785 0.0228310502283105
21 0.19121004566210045 0.5216505524861879 0.023972602739726026 0.06621004566210045
21 0.7819634703196348 0.518232044198895 0.0639269406392694 0.02511415525114155
4 0.5502283105022832 0.4680939226519337 0.03881278538812785 0.02054794520547945
21 0.2363013698630137 0.5672306629834254 0.0639269406392694 0.0228310502283105
6 0.7945205479452054 0.3792127071823205 0.0410958904109589 0.0182648401826484
4 0.704337899543379 0.40257251381215475 0.03881278538812785 0.021689497716894976
10 0.615296803652968 0.34730662983425414 0.0091324200913242 0.0091324200913242
21 0.6598173515981736 0.5347548342541437 0.0639269406392694 0.023972602739726026
21 0.4474885844748858 0.5507078729281767 0.0639269406392694 0.021689497716894976
4 0.12614155251141554 0.5 0.03767123287671233 0.02054794520547945
4 0.2808219178082192 0.4356180939226519 0.03881278538812785 0.021689497716894976
14 0.08504566210045662 0.56666091160221 0.012557077625570776 0.03995433789954338
21 0.9166666666666666 0.4726519337016574 0.02511415525114155 0.06621004566210045
10 0.1917808219178082 0.3792127071823205 0.0091324200913242 0.0091324200913242
14 0.3133561643835616 0.4105490331491713 0.012557077625570776 0.03767123287671233
10 0.04452054794520548 0.5660911602209945 0.0091324200913242 0.01141552511415525
21 0.40296803652968033 0.5056975138121548 0.0228310502283105 0.06621004566210045
6 0.15924657534246575 0.4116885359116022 0.03995433789954338 0.017123287671232876
21 0.5707762557077626 0.5347548342541437 0.0639269406392694 0.023972602739726026
6 0.3704337899543379 0.4116885359116022 0.03995433789954338 0.017123287671232876
6 0.5827625570776256 0.3951657458563536 0.03995433789954338 0.0182648401826484
14 0.10102739726027396 0.4105490331491713 0.012557077625570776 0.03767123287671233
4 0.3047945205479452 0.6874482044198895 0.03881278538812785 0.021689497716894976
21 0.8264840182648403 0.47322168508287293 0.0228310502283105 0.06506849315068493
4 0.06906392694063927 0.4350483425414365 0.03767123287671233 0.0228310502283105
10 0.40353881278538817 0.3626899171270718 0.010273972602739725 0.010273972602739725
