4 0.7573789846517119 0.873771437994723 0.08618654073199528 0.030696576151121608
0 0.5466351829988194 0.45401550131926116 0.06611570247933884 0.09208972845336481
5 0.7550177095631642 0.10677358179419524 0.08618654073199528 0.01062573789846517
2 0.1706021251475797 0.5524694920844327 0.04604486422668241 0.09327036599763873
4 0.5230224321133412 0.8743609828496043 0.08736717827626919 0.029515938606847696
0 0.7804014167650531 0.24118980870712398 0.06375442739079103 0.09327036599763873
4 0.22609208972845338 0.876129617414248 0.08618654073199528 0.030696576151121608
10 0.10743801652892562 0.5524694920844327 0.009445100354191263 0.01062573789846517
2 0.21074380165289255 0.7287434036939313 0.048406139315230225 0.089728453364817
10 0.8353010625737898 0.6090657981530343 0.01062573789846517 0.01062573789846517
2 0.28040141676505315 0.5524694920844327 0.04604486422668241 0.09327036599763873
2 0.5377804014167651 0.7275643139841688 0.04604486422668241 0.09208972845336481
5 0.5200708382526564 0.10677358179419524 0.08146399055489964 0.01062573789846517
0 0.781582054309327 0.4516573218997362 0.061393152302243216 0.09208972845336481
10 0.8323494687131051 0.2429584432717678 0.011806375442739079 0.011806375442739079
2 0.7408500590318772 0.7269747691292876 0.048406139315230225 0.09327036599763873
10 0.3417945690672963 0.553059036939314 0.015348288075560804 0.01652892561983471
2 0.6357733175914995 0.5471635883905013 0.10271546635182997 0.047225501770956316
10 0.14994096812278632 0.7328702176781003 0.01652892561983471 0.01770956316410862
10 0.8323494687131051 0.45342595646438 0.01652892561983471 0.01770956316410862
0 0.5425029515938606 0.24177935356200528 0.06729634002361276 0.10389610389610389
