4 0.43727382388419783 0.6461128048780488 0.04945717732207479 0.016887816646562123
2 0.26537997587454765 0.5547171409214092 0.060313630880579006 0.0844390832328106
10 0.8878166465621231 0.4909806910569106 0.02171290711700844 0.026537997587454766
6 0.3769601930036188 0.49458841463414627 0.09288299155609167 0.038600723763570564
4 0.2870928829915561 0.6431063685636855 0.04825090470446321 0.01568154402895054
14 0.4378769601930036 0.5607300135501354 0.04342581423401688 0.02895054282267793
0 0.6145958986731002 0.42844681571815724 0.06393244873341375 0.0844390832328106
2 0.7738238841978287 0.5529132791327913 0.06151990349819059 0.08564535585042218
4 0.7955367913148371 0.640701219512195 0.04945717732207479 0.0180940892641737
10 0.5211097708082026 0.3196138211382114 0.026537997587454766 0.020506634499396863
4 0.6357056694813028 0.6400999322493226 0.05066344993968637 0.016887816646562123
0 0.26658624849215923 0.4290481029810298 0.060313630880579006 0.08323281061519903
0 0.7750301568154403 0.42544037940379403 0.06393244873341375 0.08805790108564535
10 0.11821471652593488 0.4939871273712737 0.02171290711700844 0.025331724969843185
2 0.612183353437877 0.5541158536585366 0.06151990349819059 0.08564535585042218
