0 0.061423650975889775 0.4086197298099762 0.028702640642939155 0.03788748564867968
13 0.17336394948335246 0.6626410332541568 0.025258323765786454 0.018369690011481057
0 0.8915040183696901 0.37994915380047506 0.028702640642939155 0.058553386911595874
6 0.34443168771526983 0.5462384946555819 0.02066590126291619 0.028702640642939155
6 0.2835820895522388 0.548532140736342 0.02066590126291619 0.03099885189437429
2 0.19173363949483352 0.547385317695962 0.027554535017221587 0.03788748564867968
2 0.06371986222732491 0.548532140736342 0.030998851894374284 0.040183696900114814
2 0.5264064293915041 0.6098871733966746 0.024110218140068886 0.03903559127439725
13 0.365097588978186 0.6614942102137767 0.025258323765786454 0.016073478760045924
0 0.8197474167623421 0.3638936312351544 0.025258323765786454 0.03788748564867968
0 0.43053960964408733 0.36446704275534436 0.025258323765786454 0.04133180252583238
2 0.06257175660160735 0.49692510391923983 0.028702640642939155 0.03788748564867968
0 0.5706084959816303 0.42639548693586693 0.025258323765786454 0.03903559127439725
2 0.6865671641791045 0.49233781175771973 0.025258323765786454 0.040183696900114814
2 0.8191733639494834 0.5668813093824229 0.024110218140068886 0.03788748564867968
2 0.43111366245694605 0.642571630047506 0.026406429391504022 0.03788748564867968
13 0.2009184845005741 0.6620676217339667 0.025258323765786454 0.017221584385763492
0 0.8191733639494834 0.42295501781472683 0.026406429391504022 0.03903559127439725
6 0.8886337543053962 0.5903911817102138 0.018369690011481057 0.027554535017221587
6 0.9242250287026407 0.6299565766033254 0.02066590126291619 0.028702640642939155
13 0.053960964408725595 0.6655080908551069 0.027554535017221587 0.019517795637198625
2 0.6142365097588978 0.6093137618764846 0.025258323765786454 0.03788748564867968
0 0.3340987370838117 0.40460584916864606 0.027554535017221587 0.03903559127439725
0 0.6859931113662457 0.3615999851543943 0.026406429391504022 0.040183696900114814
0 0.3346727898966705 0.3489849317102138 0.026406429391504022 0.03788748564867968
2 0.8197474167623421 0.642571630047506 0.025258323765786454 0.03788748564867968
0 0.05912743972445465 0.3518519893111639 0.028702640642939155 0.03903559127439725
13 0.3381171067738232 0.6614942102137767 0.024110218140068886 0.018369690011481057
0 0.19115958668197475 0.3518519893111639 0.026406429391504022 0.03903559127439725
2 0.43111366245694605 0.5668813093824229 0.026406429391504022 0.03788748564867968
0 0.19115958668197475 0.4080463182897862 0.026406429391504022 0.03903559127439725
14 0.923650975889782 0.5376373218527316 0.019517795637198625 0.013777267508610793
2 0.568886337543054 0.4929112232779097 0.024110218140068886 0.03903559127439725
13 0.2290470723306544 0.6620676217339667 0.024110218140068886 0.017221584385763492
6 0.8874856486796785 0.5382107333729216 0.018369690011481057 0.028702640642939155
2 0.19058553386911595 0.49635169239904986 0.027554535017221587 0.03903559127439725
0 0.6842709529276694 0.4252486638954869 0.025258323765786454 0.03903559127439725
13 0.2554535017221584 0.6626410332541568 0.024110218140068886 0.018369690011481057
0 0.43111366245694605 0.42754230997624704 0.026406429391504022 0.03903559127439725
0 0.5706084959816303 0.3633202197149644 0.025258323765786454 0.03903559127439725
10 0.6400688863375431 0.7131012470308788 0.010332950631458095 0.009184845005740528
6 0.1997703788748565 0.6012860005938243 0.018369690011481057 0.028702640642939155
10 0.6308840413318025 0.2887767220902613 0.012629161882893227 0.011481056257175661
10 0.5154994259471871 0.5502523752969122 0.011481056257175661 0.011481056257175661
10 0.9247990815154994 0.4791493467933492 0.012629161882893227 0.011481056257175661
13 0.3920780711825488 0.6620676217339667 0.026406429391504022 0.017221584385763492
13 0.309414466130884 0.6620676217339667 0.026406429391504022 0.017221584385763492
