7 0.2465034965034965 0.3264689371257485 0.038461538461538464 0.037296037296037296
19 0.42599067599067597 0.34159181636726543 0.017482517482517484 0.05594405594405595
4 0.16142191142191142 0.613221993512974 0.022144522144522148 0.017482517482517484
4 0.9557109557109558 0.7440930638722555 0.02097902097902098 0.018648018648018648
6 0.42832167832167833 0.6388145583832335 0.04312354312354313 0.022144522144522148
14 0.13111888111888112 0.32297904191616766 0.03613053613053613 0.018648018648018648
4 0.17132867132867133 0.4323290918163673 0.02097902097902098 0.018648018648018648
14 0.9155011655011653 0.31134605788423153 0.038461538461538464 0.01631701631701632
19 0.8187645687645688 0.31192770708582834 0.017482517482517484 0.054778554778554776
14 0.6194638694638694 0.6393962075848304 0.015151515151515152 0.03496503496503497
4 0.06060606060606061 0.7743388223552895 0.02097902097902098 0.018648018648018648
6 0.28205128205128205 0.6242733283433134 0.02097902097902098 0.03962703962703963
4 0.8659673659673659 0.7446747130738524 0.02097902097902098 0.017482517482517484
21 0.06060606060606061 0.7248986402195609 0.02097902097902098 0.04778554778554779
19 0.42657342657342656 0.5230663672654691 0.01631701631701632 0.05594405594405595
14 0.9155011655011653 0.49282060878243517 0.03613053613053613 0.01631701631701632
7 0.6590909090909091 0.5178315244510978 0.038461538461538464 0.038461538461538464
2 0.8531468531468531 0.6248549775449102 0.03263403263403264 0.04079254079254079
4 0.07051282051282051 0.613221993512974 0.019813519813519816 0.017482517482517484
6 0.7453379953379954 0.5527304765469061 0.019813519813519816 0.04079254079254079
14 0.07051282051282051 0.583557884231537 0.03379953379953381 0.013986013986013988
4 0.4731934731934732 0.7539811002994012 0.02097902097902098 0.017482517482517484
2 0.45979020979020985 0.6853464945109781 0.03379953379953381 0.038461538461538464
19 0.8181818181818181 0.49282060878243517 0.01631701631701632 0.05594405594405595
21 0.9568764568764567 0.6231100299401198 0.025641025641025644 0.046620046620046623
14 0.5233100233100233 0.5230663672654691 0.037296037296037296 0.01631701631701632
14 0.5233100233100233 0.34159181636726543 0.037296037296037296 0.01631701631701632
4 0.6013986013986014 0.5300461576846307 0.02097902097902098 0.018648018648018648
7 0.1958041958041958 0.5882110778443114 0.03962703962703963 0.03962703962703963
