2 0.5420499342969777 0.3514650129982669 0.051248357424441525 0.08147174770039421
21 0.8009198423127464 0.6929403162911612 0.03810775295663601 0.0735873850197109
10 0.8869908015768726 0.6062581239168111 0.023653088042049932 0.01576872536136662
21 0.10578186596583443 0.4571910203639515 0.03810775295663601 0.07227332457293036
21 0.5624178712220762 0.7822492417677642 0.03679369250985545 0.07095926412614981
14 0.6695137976346912 0.7297145797227036 0.04336399474375821 0.02628120893561104
4 0.10578186596583443 0.8512009857019063 0.04336399474375821 0.024967148488830485
2 0.297634691195795 0.7901294410745233 0.03810775295663601 0.05519053876478318
10 0.5814717477003942 0.17744394497400345 0.009198423127463863 0.011826544021024966
2 0.8147174770039423 0.799323006932409 0.03942181340341656 0.05519053876478318
4 0.40473061760841 0.8505443024263432 0.04204993429697766 0.023653088042049932
0 0.11957950065703023 0.5707972270363951 0.03679369250985545 0.05519053876478318
21 0.10512483574244416 0.23260534012131714 0.03679369250985545 0.07490144546649145
2 0.1202365308804205 0.6666729852686308 0.035479632063074903 0.05519053876478318
10 0.46780551905387646 0.8085165727902947 0.023653088042049932 0.018396846254927726
21 0.5637319316688568 0.6587927859618717 0.03679369250985545 0.0735873850197109
4 0.5630749014454665 0.8518576689774697 0.04336399474375821 0.02628120893561104
4 0.2818659658344284 0.8512009857019063 0.04336399474375821 0.024967148488830485
15 0.40735873850197113 0.7907861243500867 0.07884362680683311 0.07752956636005257
0 0.3896189224704336 0.5707972270363951 0.03810775295663601 0.05519053876478318
2 0.12614980289093297 0.35080832972270365 0.05256241787122208 0.08015768725361366
2 0.1202365308804205 0.7907861243500867 0.03810775295663601 0.05387647831800263
4 0.668856767411301 0.8512009857019063 0.04467805519053876 0.024967148488830485
4 0.8009198423127464 0.8512009857019063 0.04336399474375821 0.024967148488830485
10 0.8883048620236531 0.799323006932409 0.023653088042049932 0.01576872536136662
10 0.08869908015768725 0.17547389514731368 0.009198423127463863 0.01314060446780552
