4 0.4700920245398773 0.9374025020259319 0.04754601226993865 0.029141104294478526
2 0.4463190184049079 0.48772791734197724 0.05828220858895705 0.08895705521472393
10 0.8918711656441719 0.5765903565640195 0.02607361963190184 0.018404907975460124
2 0.2684049079754601 0.48696186183144247 0.05828220858895705 0.09049079754601227
21 0.6955521472392638 0.5750582455429498 0.07822085889570554 0.04294478527607362
0 0.2691717791411043 0.1927965457860616 0.0567484662576687 0.09049079754601227
14 0.5874233128834356 0.7428244023500811 0.049079754601226995 0.03220858895705521
21 0.47162576687116564 0.757379457050243 0.04141104294478527 0.07975460122699386
4 0.5881901840490797 0.9366364465153971 0.04754601226993865 0.027607361963190184
12 0.2645705521472393 0.6447692970016207 0.0598159509202454 0.09662576687116564
14 0.7937116564417178 0.7428244023500811 0.04754601226993865 0.03220858895705521
12 0.4486196319018405 0.6440032414910859 0.0567484662576687 0.09202453987730061
5 0.24539877300613497 0.0947414404376013 0.03374233128834356 0.023006134969325152
0 0.22009202453987733 0.3107690944084279 0.0598159509202454 0.08742331288343558
0 0.4470858895705521 0.31000303889789305 0.0567484662576687 0.08895705521472393
10 0.10582822085889569 0.31153514991896275 0.027607361963190184 0.018404907975460124
0 0.4463190184049079 0.19203049027552674 0.05521472392638037 0.08895705521472393
21 0.4700920245398773 0.866925395056726 0.04141104294478527 0.08128834355828221
4 0.7937116564417178 0.9366364465153971 0.04754601226993865 0.027607361963190184
5 0.4654907975460122 0.09703960696920583 0.035276073619631906 0.024539877300613498
