9 0.8481927710843372 0.4024952168367347 0.024096385542168676 0.021686746987951807
5 0.3819277108433735 0.17739158163265306 0.045783132530120486 0.014457831325301207
0 0.7469879518072289 0.3037866709183673 0.04819277108433735 0.07951807228915662
2 0.15421686746987953 0.3049904336734694 0.03855421686746988 0.07710843373493975
2 0.8361445783132531 0.7371412627551022 0.043373493975903614 0.08433734939759037
10 0.08313253012048193 0.30739795918367346 0.012048192771084338 0.014457831325301207
2 0.39518072289156625 0.3049904336734694 0.03855421686746988 0.07710843373493975
2 0.18072289156626506 0.7359375 0.043373493975903614 0.0819277108433735
0 0.6626506024096386 0.5024075255102041 0.04819277108433735 0.0819277108433735
0 0.39397590361445783 0.3049904336734694 0.04096385542168675 0.07710843373493975
2 0.6927710843373494 0.7359375 0.045783132530120486 0.0819277108433735
10 0.46506024096385545 0.30739795918367346 0.014457831325301207 0.014457831325301207
10 0.6156626506024097 0.6047273596938776 0.012048192771084338 0.012048192771084338
9 0.3795180722891566 0.5012037627551021 0.021686746987951807 0.021686746987951807
0 0.8662650602409638 0.5036112882653061 0.045783132530120486 0.07951807228915662
4 0.5084337349397591 0.9490035076530612 0.043373493975903614 0.026506024096385545
2 0.3674698795180723 0.7359375 0.04096385542168675 0.0819277108433735
5 0.5072289156626506 0.0810905612244898 0.050602409638554224 0.019277108433734938
9 0.3795180722891566 0.4024952168367347 0.026506024096385545 0.021686746987951807
10 0.9108433734939758 0.6035235969387756 0.014457831325301207 0.014457831325301207
9 0.6783132530120481 0.40369897959183676 0.026506024096385545 0.019277108433734938
