4 0.4833583208395802 0.9745057232049948 0.030176899063475548 0.021852237252861603
6 0.5400440404797602 0.5978147762747138 0.04786680541103018 0.02393340270551509
14 0.5405640929535233 0.43184183142559834 0.030176899063475548 0.027055150884495317
19 0.4110710269865068 0.44797086368366285 0.014568158168574402 0.05723204994797086
6 0.31122095202398803 0.7762747138397502 0.04578563995837669 0.022892819979188343
4 0.5858086581709145 0.3465140478668054 0.027055150884495317 0.02081165452653486
19 0.36062593703148427 0.7221644120707597 0.013527575442247659 0.052029136316337155
14 0.45787574962518746 0.6186264308012487 0.02081165452653486 0.03433922996878252
4 0.5400440404797602 0.5098855359001041 0.027055150884495317 0.02081165452653486
10 0.7688671289355322 0.23048907388137357 0.014568158168574402 0.017689906347554633
19 0.4095108695652174 0.2934443288241415 0.015608740894901146 0.060353798126951096
14 0.2779375937031484 0.3225806451612903 0.03121748178980229 0.027055150884495317
10 0.6196120689655172 0.7356919875130072 0.015608740894901146 0.01664932362122789
19 0.40795071214392803 0.10665972944849116 0.01664932362122789 0.05723204994797086
2 0.4063905547226387 0.2148803329864724 0.021852237252861603 0.03225806451612903
4 0.3575056221889056 0.9053069719042665 0.028095733610822054 0.02081165452653486
14 0.45579553973013487 0.23621227887617063 0.02081165452653486 0.03329864724245578
19 0.6352136431784108 0.2892819979188345 0.013527575442247659 0.05827263267429761
14 0.35698556971514245 0.8277835587929241 0.029136316337148804 0.026014568158168577
19 0.6352136431784108 0.10405827263267428 0.015608740894901146 0.05827263267429761
6 0.20825056221889054 0.31165452653485953 0.02081165452653486 0.05306971904266389
14 0.4339533358320839 0.7898022892819979 0.024973985431841827 0.037460978147762745
4 0.20825056221889054 0.38657648283038504 0.029136316337148804 0.021852237252861603
10 0.5182018365817092 0.023933402705515087 0.014568158168574402 0.014568158168574402
2 0.40795071214392803 0.5972944849115505 0.022892819979188343 0.03329864724245578
6 0.5863287106446776 0.27055150884495316 0.021852237252861603 0.052029136316337155
19 0.4791979010494753 0.858480749219563 0.017689906347554633 0.05827263267429761
2 0.6248125937031485 0.21383975026014568 0.021852237252861603 0.030176899063475548
