10 0.11274509803921569 0.5122888513513513 0.06209150326797386 0.04575163398692811
4 0.6928104575163399 0.9485034839527027 0.0915032679738562 0.05555555555555556
0 0.7434640522875817 0.27375950168918917 0.12091503267973858 0.13071895424836602
5 0.3202614379084967 0.14305848817567565 0.0915032679738562 0.03921568627450981
5 0.6928104575163399 0.14469225084459458 0.0915032679738562 0.042483660130718956
2 0.272875816993464 0.7508182010135135 0.11437908496732027 0.13725490196078433
10 0.9068627450980392 0.5139226140202704 0.06209150326797386 0.042483660130718956
2 0.7418300653594772 0.7508182010135135 0.11764705882352941 0.13071895424836602
0 0.272875816993464 0.27375950168918917 0.11437908496732027 0.13071895424836602
4 0.3202614379084967 0.9485034839527027 0.0915032679738562 0.05555555555555556
10 0.6339869281045751 0.5122888513513513 0.06535947712418301 0.04575163398692811
10 0.38562091503267976 0.5139226140202704 0.06535947712418301 0.042483660130718956
