5 0.22425249169435216 0.3350127551020408 0.0398671096345515 0.023255813953488375
2 0.25083056478405313 0.6276785714285714 0.06976744186046512 0.07142857142857142
2 0.1362126245847176 0.6285076530612245 0.06976744186046512 0.07308970099667775
10 0.4593023255813954 0.6865433673469388 0.024916943521594688 0.023255813953488375
10 0.19352159468438537 0.7478954081632653 0.011627906976744188 0.013289036544850499
10 0.6661129568106312 0.5107780612244899 0.016611295681063124 0.016611295681063124
10 0.3064784053156146 0.6293367346938775 0.014950166112956811 0.014950166112956811
2 0.6079734219269103 0.5082908163265306 0.06976744186046512 0.07475083056478406
5 0.16029900332225913 0.33667091836734697 0.051495016611295685 0.026578073089700997
2 0.49252491694352163 0.5091198979591838 0.07142857142857142 0.07308970099667775
4 0.5498338870431894 0.7735969387755102 0.043189368770764125 0.044850498338870434
2 0.5224252491694352 0.6882015306122449 0.07142857142857142 0.07308970099667775
17 0.17275747508305647 0.41957908163265306 0.04651162790697675 0.07308970099667775
10 0.07890365448504984 0.6301658163265307 0.018272425249169437 0.016611295681063124
17 0.23421926910299 0.41875 0.04651162790697675 0.07142857142857142
10 0.520764119601329 0.46186224489795913 0.018272425249169437 0.018272425249169437
10 0.5789036544850499 0.46352040816326534 0.018272425249169437 0.018272425249169437
