14 0.2245817245817246 0.34641862623762376 0.021879021879021878 0.03474903474903475
17 0.45302445302445304 0.5730507425742575 0.03088803088803089 0.04633204633204633
0 0.5617760617760618 0.34706064356435645 0.04247104247104247 0.04633204633204633
17 0.3185328185328185 0.6706373762376238 0.0296010296010296 0.04633204633204633
2 0.37065637065637064 0.48124226485148514 0.043758043758043756 0.047619047619047616
5 0.6190476190476191 0.21480507425742576 0.023166023166023165 0.015444015444015444
5 0.8281853281853282 0.21480507425742576 0.02445302445302445 0.015444015444015444
5 0.2528957528957529 0.21480507425742576 0.02702702702702702 0.015444015444015444
17 0.8378378378378379 0.25075804455445544 0.03088803088803089 0.04118404118404118
14 0.40283140283140284 0.34706064356435645 0.023166023166023165 0.033462033462033455
10 0.5624195624195624 0.4818842821782178 0.015444015444015444 0.015444015444015444
0 0.6763191763191764 0.34706064356435645 0.04247104247104247 0.04633204633204633
10 0.5624195624195624 0.5390238242574258 0.015444015444015444 0.014157014157014156
17 0.18404118404118405 0.5730507425742575 0.03088803088803089 0.04633204633204633
4 0.40797940797940796 0.8022509282178218 0.025740025740025742 0.0296010296010296
2 0.25418275418275416 0.4818842821782178 0.04247104247104247 0.04633204633204633
5 0.37001287001287003 0.21544709158415842 0.0296010296010296 0.016731016731016728
17 0.3758043758043758 0.26745049504950497 0.028314028314028312 0.04633204633204633
4 0.3108108108108108 0.8028929455445544 0.02445302445302445 0.028314028314028312
4 0.17824967824967825 0.3477026608910891 0.02702702702702702 0.02702702702702702
10 0.0637065637065637 0.48124226485148514 0.014157014157014156 0.014157014157014156
10 0.5231660231660231 0.34706064356435645 0.014157014157014156 0.012870012870012871
14 0.40733590733590735 0.7489634900990099 0.032175032175032175 0.02059202059202059
17 0.3185328185328185 0.7470374381188118 0.02702702702702702 0.04504504504504504
0 0.7722007722007722 0.3477026608910891 0.0386100386100386 0.04504504504504504
10 0.5244530244530244 0.2905631188118812 0.014157014157014156 0.015444015444015444
2 0.5231660231660231 0.48124226485148514 0.04247104247104247 0.04504504504504504
0 0.8880308880308881 0.34706064356435645 0.04118404118404118 0.04633204633204633
10 0.06306306306306306 0.5390238242574258 0.015444015444015444 0.014157014157014156
2 0.10102960102960104 0.48124226485148514 0.04247104247104247 0.04504504504504504
10 0.9272844272844273 0.2899211014851485 0.014157014157014156 0.014157014157014156
17 0.26126126126126126 0.2687345297029703 0.03088803088803089 0.04633204633204633
10 0.9272844272844273 0.3477026608910891 0.014157014157014156 0.014157014157014156
17 0.6267696267696268 0.25075804455445544 0.03088803088803089 0.04118404118404118
