10 0.6534772182254197 0.2801477713178295 0.055155875299760196 0.047961630695443645
2 0.7733812949640287 0.72906371124031 0.09352517985611511 0.1366906474820144
10 0.15467625899280577 0.73265503875969 0.055155875299760196 0.047961630695443645
4 0.5695443645083933 0.9002503229974159 0.10311750599520383 0.047961630695443645
10 0.407673860911271 0.390281815245478 0.05755395683453237 0.043165467625899276
0 0.27817745803357313 0.2765564437984496 0.09592326139088729 0.13189448441247004
10 0.9040767386091128 0.6177325581395349 0.052757793764988015 0.043165467625899276
10 0.15707434052757793 0.2789506621447028 0.055155875299760196 0.045563549160671464
0 0.7757793764988009 0.2765564437984496 0.09832134292565947 0.1366906474820144
10 0.6462829736211031 0.7314579295865633 0.055155875299760196 0.045563549160671464
2 0.2793764988009592 0.73265503875969 0.09352517985611511 0.1342925659472422
10 0.9904076738609111 0.8463804102067183 0.019184652278177457 0.03597122302158273
10 0.07553956834532374 0.8439861918604651 0.026378896882494007 0.03597122302158273
10 0.07793764988009592 0.1640281815245478 0.026378896882494007 0.03597122302158273
10 0.9820143884892086 0.16761950904392764 0.026378896882494007 0.03357314148681055
