0 0.636231884057971 0.3933016765704584 0.02492753623188406 0.035942028985507246
10 0.04521739130434783 0.443036396434635 0.01391304347826087 0.011594202898550725
2 0.9307246376811594 0.5711322156196944 0.023768115942028985 0.034202898550724635
2 0.8733333333333333 0.571421370967742 0.02492753623188406 0.0336231884057971
9 0.4339130434782609 0.3935908319185059 0.008695652173913044 0.012173913043478262
2 0.09130434782608696 0.4840964558573854 0.023768115942028985 0.034782608695652174
10 0.8202898550724637 0.5101204371816639 0.015072463768115944 0.012753623188405797
0 0.7927536231884058 0.39301252122241087 0.02492753623188406 0.03536231884057971
14 0.1455072463768116 0.5072288837011885 0.02782608695652174 0.01391304347826087
2 0.3060869565217391 0.5722888370118845 0.02434782608695652 0.034202898550724635
0 0.17449275362318842 0.48380730050933785 0.02434782608695652 0.03304347826086956
0 0.4718840579710145 0.44910865874363326 0.025507246376811593 0.034202898550724635
0 0.5205797101449275 0.511277058573854 0.02434782608695652 0.0336231884057971
0 0.5779710144927537 0.3935908319185059 0.02434782608695652 0.03536231884057971
10 0.4130434782608695 0.5109879032258065 0.01565217391304348 0.012173913043478262
6 0.06231884057971014 0.5104095925297114 0.01217391304347826 0.027246376811594204
6 0.2318840579710145 0.41007268675721564 0.012753623188405797 0.02782608695652174
10 0.12753623188405797 0.5263131366723259 0.016231884057971012 0.012753623188405797
0 0.931304347826087 0.3927233658743633 0.02608695652173913 0.03710144927536232
14 0.06260869565217392 0.46414473684210533 0.02782608695652174 0.012173913043478262
2 0.7356521739130435 0.571421370967742 0.02434782608695652 0.0336231884057971
2 0.5208695652173913 0.5708430602716469 0.023768115942028985 0.0336231884057971
2 0.5779710144927537 0.5711322156196944 0.02434782608695652 0.034202898550724635
6 0.14521739130434783 0.46009656196943977 0.01217391304347826 0.027246376811594204
0 0.4408695652173913 0.511277058573854 0.02492753623188406 0.0336231884057971
6 0.6460869565217391 0.4765784168081494 0.01217391304347826 0.026666666666666665
9 0.14376811594202898 0.4337834252971137 0.00927536231884058 0.012753623188405797
0 0.32521739130434785 0.44939781409168084 0.02434782608695652 0.034782608695652174
9 0.5869565217391305 0.5109879032258065 0.008695652173913044 0.012173913043478262
6 0.23130434782608694 0.48380730050933785 0.012753623188405797 0.02608695652173913
2 0.2411594202898551 0.5708430602716469 0.02434782608695652 0.034782608695652174
2 0.792463768115942 0.5711322156196944 0.02434782608695652 0.034202898550724635
9 0.47913043478260875 0.3935908319185059 0.008695652173913044 0.012173913043478262
2 0.3834782608695652 0.571421370967742 0.023768115942028985 0.034782608695652174
0 0.38318840579710145 0.39301252122241087 0.02434782608695652 0.03536231884057971
0 0.8736231884057972 0.3927233658743633 0.025507246376811593 0.035942028985507246
6 0.6457971014492754 0.5540720500848897 0.012753623188405797 0.026666666666666665
10 0.9579710144927536 0.443036396434635 0.014492753623188406 0.011594202898550725
10 0.6634782608695652 0.443036396434635 0.01565217391304348 0.012753623188405797
9 0.37217391304347824 0.44910865874363326 0.00927536231884058 0.013333333333333332
2 0.4408695652173913 0.5711322156196944 0.02492753623188406 0.034202898550724635
0 0.7359420289855072 0.3927233658743633 0.02492753623188406 0.035942028985507246
10 0.9594202898550724 0.36409698641765703 0.015072463768115944 0.012173913043478262
10 0.96 0.6023609932088285 0.015072463768115944 0.012173913043478262
10 0.02782608695652174 0.6035176146010187 0.015072463768115944 0.012173913043478262
10 0.23130434782608694 0.3846270161290323 0.011594202898550725 0.015072463768115944
9 0.8434782608695652 0.602071837860781 0.00927536231884058 0.012753623188405797
9 0.7055072463768116 0.36554276315789475 0.00927536231884058 0.012753623188405797
9 0.8434782608695652 0.36554276315789475 0.00927536231884058 0.012753623188405797
9 0.43420289855072464 0.36554276315789475 0.00927536231884058 0.012753623188405797
9 0.7043478260869566 0.6032284592529711 0.00927536231884058 0.012753623188405797
9 0.5484057971014493 0.6038067699490662 0.00927536231884058 0.012753623188405797
