2 0.7439759036144579 0.5398709454113925 0.11445783132530121 0.11746987951807228
5 0.6927710843373494 0.16797863924050632 0.06626506024096386 0.024096385542168676
4 0.30120481927710846 0.6467711629746835 0.06024096385542168 0.05421686746987951
4 0.6942771084337349 0.6452655261075949 0.057228915662650606 0.057228915662650606
5 0.30271084337349397 0.17249554984177215 0.06927710843373494 0.03313253012048193
0 0.2545180722891566 0.30950850474683544 0.11144578313253013 0.11445783132530121
6 0.1927710843373494 0.42845381724683546 0.10240963855421688 0.08132530120481928
2 0.25150602409638556 0.5413765822784811 0.11144578313253013 0.11445783132530121
14 0.5105421686746988 0.8229306764240507 0.057228915662650606 0.09337349397590361
6 0.802710843373494 0.4254425435126582 0.09939759036144578 0.08132530120481928
0 0.7424698795180723 0.30950850474683544 0.11144578313253013 0.11445783132530121
8 0.5135542168674698 0.706996637658228 0.11144578313253013 0.10843373493975902
14 0.4984939759036145 0.42694818037974686 0.057228915662650606 0.0963855421686747
