10 0.28957528957528955 0.588960830479452 0.007722007722007722 0.009652509652509652
10 0.8648648648648649 0.4615849743150685 0.015444015444015444 0.013513513513513514
0 0.6158301158301158 0.25990653538812786 0.06563706563706564 0.09266409266409266
2 0.31467181467181465 0.7414258704337899 0.06177606177606178 0.09073359073359073
2 0.21428571428571427 0.7414258704337899 0.06177606177606178 0.08687258687258687
0 0.3658301158301158 0.2589415667808219 0.0637065637065637 0.09073359073359073
10 0.1891891891891892 0.588960830479452 0.011583011583011582 0.009652509652509652
10 0.09073359073359073 0.1605147688356164 0.015444015444015444 0.017374517374517374
4 0.48938223938223946 0.8523972602739726 0.055984555984555984 0.03474903474903475
2 0.416023166023166 0.740460901826484 0.0637065637065637 0.0888030888030888
2 0.6177606177606177 0.7394959332191781 0.06177606177606178 0.08687258687258687
0 0.7673745173745173 0.5358875570776256 0.0637065637065637 0.08494208494208494
2 0.7654440154440154 0.740460901826484 0.0637065637065637 0.08494208494208494
0 0.7557915057915058 0.2608715039954338 0.09845559845559845 0.13706563706563707
0 0.21621621621621623 0.2589415667808219 0.06177606177606178 0.08687258687258687
0 0.6158301158301158 0.5358875570776256 0.06177606177606178 0.08494208494208494
10 0.08976833976833977 0.8157284531963469 0.017374517374517374 0.019305019305019305
10 0.18822393822393824 0.4104416381278539 0.017374517374517374 0.019305019305019305
10 0.9913127413127413 0.8137985159817351 0.017374517374517374 0.019305019305019305
10 0.9913127413127413 0.1595498002283105 0.017374517374517374 0.019305019305019305
10 0.5415057915057915 0.26376640981735155 0.017374517374517374 0.019305019305019305
