21 0.7518307567127747 0.3592195084951456 0.06183889340927584 0.03173311635475997
14 0.9133441822620016 0.4663493628640777 0.059397884458909686 0.034987794955248175
14 0.2310821806346623 0.5381750606796116 0.05858421480878764 0.03254678600488202
14 0.5183075671277462 0.5373634708737864 0.06021155410903174 0.03254678600488202
21 0.8409275834011393 0.5556242415048545 0.03173311635475997 0.0626525630593979
4 0.5191212367778681 0.7280870752427184 0.07973962571196094 0.03254678600488202
14 0.5549227013832384 0.2857706310679612 0.03091944670463792 0.06021155410903174
21 0.4471114727420667 0.5913341929611651 0.03173311635475997 0.0626525630593979
8 0.6985353946297803 0.5361460861650486 0.04963384865744508 0.07567127746135069
21 0.1240846216436127 0.5552184466019418 0.03010577705451587 0.06346623270951994
14 0.6269324654190399 0.3580021237864078 0.03173311635475997 0.06021155410903174
8 0.0516680227827502 0.5365518810679613 0.04963384865744508 0.07648494711147275
8 0.37347436940602113 0.5393924453883494 0.05044751830756713 0.0772986167615948
