7 0.10532687651331721 0.8229664973787681 0.03389830508474576 0.036319612590799036
19 0.524818401937046 0.7939199705111403 0.035108958837772396 0.06779661016949153
4 0.31174334140435833 0.5258447329619921 0.03026634382566586 0.020581113801452784
7 0.4128329297820823 0.8126791857798163 0.03389830508474576 0.03753026634382566
5 0.5211864406779662 0.11798308486238533 0.05690072639225181 0.015738498789346248
4 0.6688861985472155 0.5095060615989515 0.03268765133171912 0.021791767554479417
14 0.6688861985472155 0.39271481815203146 0.03753026634382567 0.018159806295399518
4 0.5768765133171913 0.7013341661205766 0.03268765133171912 0.020581113801452784
14 0.31113801452784506 0.450807871887287 0.04116222760290557 0.018159806295399518
19 0.5272397094430993 0.21177916120576673 0.035108958837772396 0.07021791767554479
6 0.8795399515738499 0.36548369921363044 0.027845036319612593 0.06053268765133172
6 0.41404358353510895 0.7279601490825688 0.029055690072639223 0.05932203389830508
2 0.5090799031476998 0.3672991071428572 0.05690072639225181 0.05932203389830508
2 0.5090799031476998 0.6353743446920053 0.05690072639225181 0.06053268765133172
7 0.8783292978208233 0.4453616480996068 0.035108958837772396 0.036319612590799036
4 0.8795399515738499 0.5119266055045871 0.03026634382566586 0.021791767554479417
6 0.10532687651331721 0.7291704210353867 0.026634382566585957 0.05932203389830508
4 0.10593220338983049 0.9149471657929226 0.03268765133171912 0.021791767554479417
4 0.4128329297820823 0.9403628768020971 0.03389830508474576 0.021791767554479417
19 0.3008474576271186 0.650502744102228 0.06174334140435835 0.035108958837772396
14 0.8050847457627117 0.2892365661861075 0.01694915254237288 0.0387409200968523
4 0.5774818401937046 0.5101111975753605 0.031476997578692496 0.020581113801452784
4 0.5242130750605327 0.9397577408256881 0.03389830508474576 0.02300242130750605
14 0.16888619854721548 0.6523181520314548 0.015738498789346248 0.0387409200968523
