14 0.23291571753986334 0.5516746238425926 0.01252847380410023 0.030751708428246018
10 0.40603644646924836 0.5158998842592593 0.010250569476082005 0.009111617312072894
10 0.060364464692482925 0.5931278935185185 0.011389521640091117 0.01366742596810934
10 0.5609339407744874 0.662405960648148 0.010250569476082005 0.011389521640091117
4 0.40603644646924836 0.6851200810185185 0.0193621867881549 0.01366742596810934
15 0.402619589977221 0.585177951388889 0.14236902050113895 0.14123006833712987
17 0.14578587699316628 0.5476996527777778 0.04100227790432802 0.022779043280182234
15 0.8154897494305239 0.5806351273148149 0.14123006833712987 0.14123006833712987
17 0.5973804100227791 0.27342664930555555 0.03758542141230069 0.02164009111617312
14 0.35876993166287013 0.4153899016203704 0.01366742596810934 0.030751708428246018
17 0.7989749430523918 0.4261791087962963 0.04214123006833713 0.02050113895216401
17 0.5558086560364465 0.550538917824074 0.01822323462414579 0.03986332574031891
4 0.05979498861047836 0.6652452256944444 0.02164009111617312 0.01252847380410023
4 0.8200455580865602 0.681712962962963 0.02050113895216401 0.01366742596810934
17 0.14635535307517084 0.5891529224537037 0.03986332574031891 0.023917995444191344
17 0.14578587699316628 0.627199074074074 0.04100227790432802 0.022779043280182234
17 0.5142369020501139 0.3086335358796296 0.02164009111617312 0.03986332574031891
17 0.4812072892938496 0.410279224537037 0.03986332574031891 0.02050113895216401
14 0.4009111617312072 0.2756980613425926 0.01366742596810934 0.030751708428246018
17 0.3969248291571754 0.3415690104166667 0.04214123006833713 0.023917995444191344
10 0.059225512528473814 0.5516746238425926 0.011389521640091117 0.01252847380410023
17 0.4413439635535307 0.4437825520833334 0.02164009111617312 0.03986332574031891
17 0.8018223234624144 0.27342664930555555 0.0387243735763098 0.02164009111617312
10 0.2847380410022779 0.6175455729166667 0.009111617312072894 0.010250569476082005
14 0.683371298405467 0.548267505787037 0.01366742596810934 0.030751708428246018
10 0.8200455580865602 0.5119249131944444 0.011389521640091117 0.010250569476082005
10 0.9658314350797268 0.4733109085648149 0.011389521640091117 0.010250569476082005
