8 0.5315822388993121 0.5057755235602095 0.0375234521575985 0.03877423389618512
8 0.8580362726704192 0.5057755235602095 0.0375234521575985 0.037523452157598496
5 0.9474671669793621 0.42740646815008726 0.030018761726078803 0.009380863039399624
9 0.39118198874296434 0.5697821226003491 0.01438398999374609 0.024390243902439025
4 0.08536585365853659 0.6675092713787085 0.020637898686679174 0.015009380863039401
2 0.3042526579111945 0.4342754690226876 0.02939337085678549 0.05065666041275797
8 0.25422138836772984 0.5032777050610819 0.03814884302689181 0.03877423389618512
9 0.11225766103814885 0.5679087587260035 0.01438398999374609 0.02564102564102564
14 0.08474046278924327 0.6356620855148343 0.02939337085678549 0.021263289555972485
2 0.8058161350844276 0.43614883289703316 0.02939337085678549 0.05065666041275797
4 0.25547217010631645 0.5435550283595114 0.020637898686679174 0.01438398999374609
4 0.5322076297686054 0.5460528468586388 0.021263289555972485 0.01438398999374609
2 0.20200125078173858 0.4342754690226876 0.030018761726078803 0.05065666041275797
9 0.8142589118198874 0.3668343695462478 0.015009380863039401 0.02564102564102564
5 0.02032520325203252 0.6038148996509598 0.021888680425265792 0.008755472170106316
2 0.4793621013133208 0.43614883289703316 0.02939337085678549 0.05065666041275797
2 0.5822388993120701 0.43583660558464227 0.031269543464665414 0.050031269543464665
9 0.48874296435272047 0.3668343695462478 0.01438398999374609 0.02564102564102564
4 0.8583489681050656 0.5457406195462478 0.020637898686679174 0.015009380863039401
17 0.1472795497185741 0.46393706369982546 0.024390243902439025 0.020012507817385866
6 0.057535959974984376 0.6088105366492147 0.031269543464665414 0.023764853033145718
17 0.4202626641651032 0.4667471095113438 0.025015634771732333 0.020637898686679174
17 0.41776110068792993 0.42990428664921465 0.025015634771732333 0.020637898686679174
17 0.742338961851157 0.4667471095113438 0.025015634771732333 0.020637898686679174
17 0.7460913070669168 0.4342754690226876 0.025015634771732333 0.020637898686679174
2 0.9093183239524703 0.43708551483420593 0.030018761726078803 0.05128205128205128
5 0.6213258286429019 0.42584533158813265 0.03064415259537211 0.010006253908692933
5 0.3411507191994997 0.4239719677137871 0.03064415259537211 0.010006253908692933
17 0.14696685428392744 0.43240210514834204 0.025015634771732333 0.020637898686679174
10 0.038461538461538464 0.5697821226003491 0.010631644777986242 0.009380863039399624
10 0.9524702939337086 0.36808327879581154 0.013758599124452783 0.01438398999374609
10 0.9537210756722951 0.33967059336823735 0.013758599124452783 0.013758599124452783
10 0.14602876797998748 0.40336496509598607 0.010631644777986242 0.008755472170106316
10 0.4237023139462163 0.40586278359511346 0.010631644777986242 0.008755472170106316
10 0.7495309568480301 0.4039894197207679 0.010631644777986242 0.008755472170106316
