6 0.8034134007585335 0.6018603678929766 0.024020227560050567 0.0404551201011378
14 0.606826801517067 0.4142088210702341 0.02275600505689001 0.04804045512010113
10 0.022123893805309734 0.5275553929765886 0.0316055625790139 0.030341340075853353
14 0.7667509481668774 0.3757969272575251 0.021491782553729456 0.046776232616940576
4 0.8034134007585335 0.6654603887959867 0.039190897597977246 0.021491782553729456
14 0.8862199747155499 0.6018603678929766 0.025284450063211124 0.015170670037926676
14 0.2534766118836915 0.6012306647157191 0.024020227560050567 0.01643489254108723
6 0.4721871049304678 0.3751672240802676 0.041719342604298354 0.02275600505689001
6 0.47914032869785084 0.6031197742474916 0.02275600505689001 0.03792667509481669
6 0.20986093552465235 0.6031197742474916 0.02275600505689001 0.03792667509481669
10 0.9481668773704172 0.5288147993311036 0.030341340075853353 0.03286978508217446
4 0.5006321112515802 0.6660900919732441 0.0404551201011378 0.02275600505689001
4 0.23198482932996206 0.6654603887959867 0.039190897597977246 0.021491782553729456
14 0.52275600505689 0.6012306647157191 0.024020227560050567 0.01643489254108723
16 0.6757269279393173 0.5275553929765886 0.09481668773704172 0.1845764854614412
4 0.8849557522123895 0.6660900919732441 0.0404551201011378 0.0202275600505689
16 0.12895069532237674 0.5275553929765886 0.09608091024020227 0.1845764854614412
16 0.37673830594184576 0.5325930183946488 0.09608091024020227 0.1845764854614412
