6 0.8105882352941176 0.5578928755144033 0.04 0.07529411764705882
6 0.548235294117647 0.27214988425925923 0.04 0.07176470588235295
2 0.2211764705882353 0.6676134902263374 0.058823529411764705 0.057647058823529405
0 0.6723529411764706 0.3707224151234568 0.052941176470588235 0.057647058823529405
0 0.2876470588235294 0.37130915637860085 0.05529411764705883 0.05647058823529412
14 0.908235294117647 0.5684542181069958 0.05647058823529412 0.023529411764705882
2 0.49000000000000005 0.6670267489711934 0.057647058823529405 0.05647058823529412
0 0.44176470588235295 0.3707224151234568 0.05529411764705883 0.057647058823529405
0 0.20294117647058824 0.3707224151234568 0.05529411764705883 0.057647058823529405
2 0.04764705882352941 0.6676134902263374 0.057647058823529405 0.057647058823529405
0 0.7858823529411765 0.3707224151234568 0.05647058823529412 0.057647058823529405
2 0.3352941176470588 0.5367701903292181 0.05647058823529412 0.05647058823529412
14 0.6082352941176471 0.4857237011316872 0.023529411764705882 0.06
2 0.1564705882352941 0.53559670781893 0.058823529411764705 0.05647058823529412
6 0.6476470588235295 0.27214988425925923 0.041176470588235294 0.07176470588235295
2 0.6229411764705882 0.6676134902263374 0.057647058823529405 0.057647058823529405
6 0.5158823529411765 0.4863104423868313 0.07647058823529411 0.042352941176470586
6 0.8105882352941176 0.6828687628600822 0.04 0.07411764705882354
10 0.3847058823529412 0.5385304140946502 0.025882352941176467 0.022352941176470586
10 0.07882352941176471 0.5373569315843622 0.025882352941176467 0.022352941176470586
10 0.024705882352941175 0.5443978266460905 0.025882352941176467 0.022352941176470586
10 0.8952941176470588 0.729808063271605 0.025882352941176467 0.022352941176470586
10 0.9717647058823531 0.4376109182098766 0.025882352941176467 0.022352941176470586
10 0.8941176470588236 0.2246238425925926 0.025882352941176467 0.021176470588235293
