2 0.6489151873767258 0.6066144670758928 0.09072978303747534 0.08875739644970414
0 0.4467455621301776 0.1908255440848214 0.08086785009861933 0.09270216962524655
2 0.15285996055226825 0.8135236467633928 0.08875739644970414 0.09270216962524655
2 0.8609467455621301 0.5534092494419643 0.08875739644970414 0.08875739644970414
2 0.36587771203155817 0.6075997488839285 0.09270216962524655 0.09072978303747534
2 0.15384615384615385 0.55439453125 0.09072978303747534 0.09072978303747534
10 0.29092702169625245 0.6066144670758928 0.013806706114398423 0.013806706114398423
10 0.9714003944773175 0.9169782366071428 0.013806706114398423 0.015779092702169626
10 0.7514792899408284 0.29428013392857144 0.015779092702169626 0.015779092702169626
4 0.8224852071005916 0.9159929547991071 0.04339250493096647 0.013806706114398423
10 0.965483234714004 0.6824811662946428 0.009861932938856016 0.011834319526627219
4 0.5069033530571992 0.9159929547991071 0.047337278106508875 0.013806706114398423
2 0.4704142011834319 0.8145089285714284 0.09270216962524655 0.09072978303747534
2 0.7859960552268245 0.8154942103794642 0.08875739644970414 0.09270216962524655
0 0.5670611439842209 0.1908255440848214 0.07297830374753451 0.09270216962524655
10 0.7061143984220908 0.8164794921875 0.03155818540433925 0.023668639053254437
10 0.07593688362919132 0.5524239676339285 0.02958579881656805 0.023668639053254437
10 0.7455621301775148 0.08835623604910714 0.03155818540433925 0.02564102564102564
10 0.3905325443786982 0.8135236467633928 0.03155818540433925 0.02564102564102564
10 0.7307692307692307 0.6046439034598214 0.02958579881656805 0.02564102564102564
10 0.07593688362919132 0.8154942103794642 0.02958579881656805 0.02564102564102564
10 0.9408284023668638 0.55439453125 0.03155818540433925 0.023668639053254437
