2 0.6429612379807692 0.6272321428571429 0.10044642857142856 0.10267857142857144
0 0.5560471754807692 0.15625 0.08705357142857142 0.10267857142857144
2 0.3231620592948718 0.39285714285714285 0.09821428571428573 0.10267857142857144
10 0.3521334134615385 0.8604910714285714 0.017857142857142856 0.015625
2 0.6429612379807692 0.39174107142857145 0.09598214285714286 0.10044642857142858
0 0.4145332532051282 0.15625 0.08482142857142858 0.10267857142857144
2 0.4423903245192308 0.8638392857142858 0.10491071428571427 0.10267857142857144
2 0.32204777644230764 0.6283482142857143 0.10044642857142856 0.10491071428571427
10 0.36327624198717945 0.9799107142857142 0.03571428571428571 0.026785714285714284
10 0.7655323517628205 0.041294642857142856 0.03348214285714286 0.029017857142857144
10 0.7588466546474358 0.2700892857142857 0.03348214285714286 0.026785714285714284
10 0.7833608774038462 0.5111607142857143 0.03348214285714286 0.026785714285714284
10 0.5939327924679487 0.9776785714285714 0.03348214285714286 0.026785714285714284
