4 0.14341276978417267 0.6783216783216783 0.07132867132867134 0.04195804195804196
2 0.848196942446043 0.6881118881118881 0.046153846153846156 0.08391608391608392
2 0.5650247302158273 0.6895104895104895 0.04755244755244755 0.08671328671328671
10 0.7125539568345324 0.03076923076923077 0.040559440559440565 0.03636363636363636
10 0.6321470323741007 0.3111888111888112 0.03916083916083916 0.03776223776223776
10 0.7915625000000001 0.5909090909090909 0.03916083916083916 0.03496503496503497
8 0.14271357913669064 0.5692307692307692 0.06993006993006992 0.06433566433566432
0 0.848196942446043 0.19230769230769232 0.04895104895104895 0.08531468531468532
2 0.4461623201438849 0.6881118881118881 0.05034965034965035 0.08391608391608392
4 0.27346223021582733 0.679020979020979 0.06853146853146853 0.043356643356643354
14 0.2720638489208633 0.5923076923076923 0.07412587412587412 0.03776223776223776
0 0.5629271582733814 0.19230769230769232 0.04895104895104895 0.08531468531468532
4 0.7908633093525179 0.37202797202797205 0.06853146853146853 0.044755244755244755
2 0.6027810251798561 0.427972027972028 0.05034965034965035 0.08671328671328671
4 0.7384240107913669 0.865034965034965 0.06993006993006992 0.04055944055944056
2 0.848196942446043 0.5454545454545454 0.046153846153846156 0.08671328671328671
10 0.42588579136690646 0.5699300699300699 0.015384615384615385 0.02097902097902098
