7 0.30291863207547165 0.358974358974359 0.0982905982905983 0.10256410256410256
4 0.5184220224056604 0.9561965811965812 0.06410256410256411 0.0405982905982906
10 0.38933335790094337 0.6431623931623932 0.019230769230769232 0.017094017094017096
6 0.5173551739386792 0.8151709401709402 0.06196581196581197 0.1047008547008547
10 0.21650390625 0.36004273504273504 0.023504273504273504 0.023504273504273504
8 0.7115215949292453 0.18696581196581197 0.10042735042735043 0.10042735042735043
8 0.7115215949292453 0.8108974358974359 0.10042735042735043 0.09615384615384616
0 0.4725475383254717 0.36004273504273504 0.1047008547008547 0.14316239316239315
2 0.47148068985849056 0.6420940170940171 0.10256410256410256 0.14743589743589744
8 0.7125884433962264 0.3696581196581197 0.10256410256410256 0.0982905982905983
8 0.7125884433962264 0.6207264957264957 0.10256410256410256 0.10042735042735043
6 0.5173551739386792 0.18696581196581197 0.06196581196581197 0.10897435897435899
