0 0.2992957746478873 0.31848024103139017 0.0539906103286385 0.0704225352112676
10 0.6338028169014085 0.4352560958520179 0.018779342723004695 0.02699530516431925
4 0.3245305164319249 0.7092979260089687 0.03638497652582159 0.016431924882629106
0 0.06631455399061033 0.3190670543721973 0.05516431924882629 0.07394366197183097
15 0.18192488262910797 0.4123703755605382 0.11267605633802816 0.107981220657277
5 0.32511737089201875 0.260972533632287 0.0352112676056338 0.01408450704225352
21 0.5176056338028169 0.5373616171524664 0.030516431924882625 0.05985915492957746
4 0.5164319248826291 0.7098847393497758 0.0352112676056338 0.0176056338028169
11 0.4929577464788732 0.6424012051569508 0.05633802816901408 0.07981220657276995
4 0.8615023474178404 0.7087111126681614 0.03755868544600939 0.0176056338028169
11 0.06572769953051644 0.6412275784753363 0.058685446009389665 0.07981220657276995
21 0.8051643192488263 0.6306649383408072 0.02816901408450704 0.058685446009389665
2 0.8368544600938967 0.49100336322869953 0.058685446009389665 0.0727699530516432
21 0.8609154929577464 0.6312517516816143 0.029342723004694832 0.05985915492957746
21 0.32511737089201875 0.5373616171524664 0.030516431924882625 0.05985915492957746
4 0.426056338028169 0.7092979260089687 0.0352112676056338 0.016431924882629106
4 0.04225352112676056 0.7098847393497758 0.0352112676056338 0.0176056338028169
0 0.8849765258215962 0.31848024103139017 0.0539906103286385 0.0704225352112676
5 0.8615023474178404 0.260972533632287 0.03755868544600939 0.01408450704225352
4 0.2341549295774648 0.7092979260089687 0.03638497652582159 0.016431924882629106
5 0.5176056338028169 0.260972533632287 0.03755868544600939 0.01408450704225352
9 0.3257042253521127 0.37188025504484307 0.01995305164319249 0.012910798122065728
0 0.4923708920187793 0.3190670543721973 0.05516431924882629 0.0715962441314554
10 0.971830985915493 0.31848024103139017 0.025821596244131457 0.018779342723004695
15 0.7142018779342723 0.4904165498878924 0.11384976525821595 0.11150234741784038
4 0.13262910798122066 0.7087111126681614 0.03755868544600939 0.0176056338028169
5 0.041666666666666664 0.2615593469730942 0.03638497652582159 0.015258215962441313
11 0.301056338028169 0.6418143918161434 0.05985915492957746 0.08098591549295774
4 0.8051643192488263 0.7087111126681614 0.0352112676056338 0.0176056338028169
