10 0.921813403416557 0.3313952323717949 0.01971090670170828 0.01971090670170828
4 0.5768725361366623 0.6200570913461538 0.04993429697766097 0.02759526938239159
10 0.9224704336399474 0.6528595753205128 0.02102496714848883 0.01971090670170828
4 0.035479632063074903 0.5308343349358975 0.05256241787122208 0.030223390275952694
0 0.316688567674113 0.5813501602564102 0.05781865965834428 0.08409986859395532
2 0.42049934296977665 0.40356069711538467 0.05781865965834428 0.08541392904073587
2 0.3180026281208936 0.4048727964743589 0.05781865965834428 0.08541392904073587
2 0.14060446780551905 0.4048727964743589 0.05781865965834428 0.08541392904073587
2 0.8186596583442839 0.40356069711538467 0.05781865965834428 0.08541392904073587
0 0.1445466491458607 0.5852864583333334 0.05781865965834428 0.08409986859395532
0 0.8160315374507228 0.5839743589743589 0.05781865965834428 0.08409986859395532
2 0.6859395532194481 0.4022485977564102 0.05781865965834428 0.08541392904073587
0 0.6452036793692509 0.5813501602564102 0.05781865965834428 0.08409986859395532
