6 0.4020979020979021 0.41156081536388134 0.015384615384615385 0.032867132867132866
2 0.8618881118881119 0.5671159029649596 0.03146853146853147 0.046153846153846156
2 0.34615384615384615 0.6129085242587602 0.03216783216783216 0.044055944055944055
10 0.941958041958042 0.4430213948787062 0.006993006993006994 0.007692307692307693
4 0.9129370629370628 0.7016972708894879 0.024475524475524476 0.011888111888111888
2 0.6066433566433567 0.5181772237196766 0.032867132867132866 0.043356643356643354
2 0.8216783216783217 0.6503116576819407 0.03216783216783216 0.044755244755244755
6 0.20034965034965033 0.41156081536388134 0.01608391608391608 0.032867132867132866
2 0.10839160839160837 0.5185267857142858 0.03216783216783216 0.044055944055944055
2 0.536013986013986 0.612558962264151 0.03146853146853147 0.043356643356643354
6 0.5902097902097903 0.41156081536388134 0.015384615384615385 0.032867132867132866
2 0.4993006993006993 0.5185267857142858 0.03216783216783216 0.044055944055944055
6 0.3842657342657343 0.2986522911051213 0.03986013986013986 0.033566433566433566
5 0.3657342657342657 0.3542326482479784 0.025174825174825177 0.00909090909090909
2 0.06958041958041958 0.6129085242587602 0.032867132867132866 0.044055944055944055
4 0.0534965034965035 0.6642941374663073 0.024475524475524476 0.011188811188811189
4 0.36153846153846153 0.6646436994609164 0.023776223776223775 0.011888111888111888
4 0.16083916083916083 0.6642941374663073 0.023776223776223775 0.011188811188811189
6 0.8468531468531468 0.41156081536388134 0.015384615384615385 0.03146853146853147
2 0.21573426573426574 0.5185267857142858 0.032867132867132866 0.044055944055944055
6 0.16783216783216784 0.45700387466307274 0.04195804195804196 0.03146853146853147
4 0.5513986013986014 0.6642941374663073 0.023076923076923078 0.011188811188811189
2 0.8622377622377624 0.4919600741239892 0.03216783216783216 0.045454545454545456
6 0.5153846153846153 0.41225993935309974 0.015384615384615385 0.032867132867132866
2 0.8972027972027972 0.6506612196765499 0.03216783216783216 0.044055944055944055
6 0.37797202797202795 0.6975025269541779 0.038461538461538464 0.032867132867132866
2 0.75 0.5667663409703504 0.03146853146853147 0.045454545454545456
6 0.12412587412587413 0.41225993935309974 0.014685314685314685 0.03146853146853147
2 0.3104895104895105 0.5185267857142858 0.03216783216783216 0.044055944055944055
2 0.4174825174825175 0.5185267857142858 0.03216783216783216 0.044055944055944055
6 0.765034965034965 0.4112112533692723 0.015384615384615385 0.032167832167832165
10 0.056293706293706294 0.5167789757412399 0.007692307692307693 0.008391608391608392
4 0.8062937062937063 0.7016972708894879 0.023776223776223775 0.011888111888111888
6 0.32622377622377624 0.41191037735849056 0.014685314685314685 0.032167832167832165
2 0.7496503496503496 0.4919600741239892 0.03216783216783216 0.045454545454545456
2 0.14475524475524476 0.6129085242587602 0.03216783216783216 0.044055944055944055
6 0.36993006993006994 0.45700387466307274 0.04055944055944056 0.03146853146853147
10 0.9122377622377622 0.6013729784366577 0.00909090909090909 0.009790209790209791
10 0.24930069930069934 0.5174780997304582 0.00909090909090909 0.009790209790209791
