2 0.6608247422680412 0.6592911073825503 0.030927835051546393 0.04020618556701031
2 0.14329896907216494 0.6402789429530201 0.02268041237113402 0.028865979381443297
0 0.2077319587628866 0.5570364932885906 0.021649484536082474 0.028865979381443297
10 0.45670103092783504 0.5935192953020134 0.010309278350515464 0.01134020618556701
0 0.12525773195876289 0.4938338926174497 0.021649484536082474 0.02989690721649484
0 0.7407216494845361 0.4660864093959732 0.04020618556701031 0.04020618556701031
0 0.5572164948453608 0.37513632550335574 0.03814432989690721 0.03917525773195876
2 0.08402061855670104 0.5570364932885906 0.021649484536082474 0.028865979381443297
0 0.6082474226804123 0.4660864093959732 0.041237113402061855 0.04020618556701031
0 0.26649484536082474 0.5570364932885906 0.021649484536082474 0.028865979381443297
10 0.0731958762886598 0.4948615771812081 0.010309278350515464 0.01134020618556701
10 0.0443298969072165 0.558064177852349 0.010309278350515464 0.012371134020618558
0 0.490721649484536 0.48458473154362414 0.03711340206185567 0.04020618556701031
10 0.8927835051546392 0.5935192953020134 0.010309278350515464 0.01134020618556701
10 0.30670103092783507 0.5585780201342282 0.01134020618556701 0.01134020618556701
4 0.13402061855670103 0.6741925335570469 0.020618556701030927 0.010309278350515464
4 0.4396907216494846 0.560633389261745 0.029896907216494843 0.015463917525773196
10 0.43144329896907224 0.6603187919463087 0.01134020618556701 0.01134020618556701
4 0.8422680412371134 0.711189177852349 0.028865979381443297 0.014432989690721649
0 0.7917525773195876 0.3746224832214765 0.03711340206185567 0.04020618556701031
5 0.6752577319587629 0.3196413590604027 0.04742268041237113 0.012371134020618558
5 0.17525773195876287 0.457864932885906 0.03917525773195876 0.009278350515463918
0 0.4231958762886598 0.48407088926174496 0.03608247422680412 0.041237113402061855
10 0.6118556701030928 0.6603187919463087 0.01134020618556701 0.01134020618556701
10 0.36443298969072163 0.48458473154362414 0.01134020618556701 0.01134020618556701
0 0.8582474226804123 0.48407088926174496 0.03608247422680412 0.03917525773195876
4 0.5072164948453608 0.711189177852349 0.028865979381443297 0.014432989690721649
0 0.9257731958762887 0.48458473154362414 0.03711340206185567 0.04020618556701031
0 0.20824742268041238 0.4938338926174497 0.020618556701030927 0.027835051546391754
0 0.6912371134020618 0.48407088926174496 0.03814432989690721 0.041237113402061855
2 0.4943298969072165 0.6598049496644295 0.031958762886597936 0.03917525773195876
0 0.7912371134020618 0.48407088926174496 0.03814432989690721 0.041237113402061855
4 0.9087628865979381 0.560633389261745 0.029896907216494843 0.015463917525773196
2 0.2077319587628866 0.6402789429530201 0.021649484536082474 0.028865979381443297
4 0.6742268041237114 0.711189177852349 0.028865979381443297 0.014432989690721649
2 0.8551546391752577 0.6592911073825503 0.029896907216494843 0.03814432989690721
10 0.27319587628865977 0.6181837248322147 0.010309278350515464 0.01134020618556701
10 0.9850515463917526 0.48458473154362414 0.01134020618556701 0.01134020618556701
0 0.14329896907216494 0.5570364932885906 0.02268041237113402 0.028865979381443297
0 0.6577319587628866 0.37513632550335574 0.03711340206185567 0.03917525773195876
0 0.5577319587628866 0.48458473154362414 0.03711340206185567 0.04020618556701031
4 0.21649484536082478 0.6736786912751678 0.020618556701030927 0.01134020618556701
10 0.17628865979381445 0.5272336409395973 0.012371134020618558 0.012371134020618558
10 0.48969072164948446 0.37513632550335574 0.012371134020618558 0.012371134020618558
