6 0.2702285361334157 0.5146344866071428 0.017912291537986413 0.012353304508956145
6 0.02347127856701668 0.5553320312500001 0.012353304508956145 0.01852995676343422
11 0.3091414453366276 0.5867801339285714 0.017912291537986413 0.02717726991970352
15 0.07226683137739345 0.45235491071428574 0.04941321803582458 0.033353922174181594
14 0.9734403953057443 0.3715764508928571 0.01605929586164299 0.008647313156269302
2 0.9654107473749228 0.5155594308035715 0.01976528721432983 0.026559604694255712
0 0.9397776405188388 0.4939773995535714 0.021618282890673253 0.026559604694255712
2 0.6117974058060531 0.5756808035714286 0.021618282890673253 0.025941939468807906
0 0.7140210006176653 0.4242982700892857 0.021000617665225447 0.026559604694255712
0 0.12384187770228536 0.4233733258928572 0.02038295243977764 0.025941939468807906
14 0.8937615812229771 0.37003487723214284 0.01605929586164299 0.00926497838171711
0 0.03211859172328598 0.423681640625 0.021000617665225447 0.026559604694255712
2 0.8604076590487957 0.4921275111607143 0.01976528721432983 0.025324274243360097
11 0.12168004941321804 0.5867801339285714 0.017294626312538603 0.02717726991970352
0 0.5327362569487338 0.4468052455357142 0.021618282890673253 0.02717726991970352
2 0.40148239654107476 0.5750641741071428 0.021000617665225447 0.02717726991970352
2 0.6655342804200124 0.5759891183035715 0.021618282890673253 0.026559604694255712
0 0.8610253242742434 0.4548214285714286 0.021000617665225447 0.02717726991970352
0 0.6114885731933292 0.4227566964285714 0.021000617665225447 0.02717726991970352
0 0.3486720197652872 0.423681640625 0.02038295243977764 0.025324274243360097
2 0.9397776405188388 0.5352915736607142 0.021618282890673253 0.026559604694255712
0 0.2523162445954293 0.4233733258928572 0.019147621988882025 0.02470660901791229
15 0.16584311303273624 0.45327985491071426 0.050030883261272384 0.0339715873996294
0 0.5753551575046325 0.44711356026785715 0.021618282890673253 0.027794935145151328
0 0.3069796170475602 0.423681640625 0.01976528721432983 0.025324274243360097
0 0.21062384187770228 0.42306501116071427 0.01976528721432983 0.025324274243360097
6 0.7764051883878937 0.5072349330357143 0.012353304508956145 0.01852995676343422
6 0.7764051883878937 0.5651981026785714 0.01358863495985176 0.01976528721432983
0 0.7683755404570722 0.4242982700892857 0.021000617665225447 0.026559604694255712
0 0.40240889437924643 0.423681640625 0.02038295243977764 0.026559604694255712
0 0.4403953057442866 0.44649693080357145 0.021000617665225447 0.026559604694255712
11 0.1714021000617665 0.5864718191964287 0.017912291537986413 0.027794935145151328
6 0.176343421865349 0.5540987723214286 0.011735639283508337 0.01976528721432983
2 0.8851142680667079 0.4733203125 0.021000617665225447 0.02717726991970352
0 0.4833230389129092 0.44711356026785715 0.021618282890673253 0.026559604694255712
2 0.3480543545398394 0.5744475446428572 0.02285361334156887 0.025941939468807906
0 0.6655342804200124 0.42214006696428574 0.02038295243977764 0.025941939468807906
10 0.8063619518221123 0.46437918526785715 0.014206300185299567 0.012970969734403953
4 0.02378011117974058 0.6305608258928571 0.012970969734403953 0.0074119827053736875
5 0.02439777640518839 0.33766183035714287 0.024088943792464484 0.012353304508956145
