14 0.5177364864864865 0.397191011235955 0.028716216216216218 0.04560810810810811
17 0.625 0.625561797752809 0.05067567567567568 0.030405405405405407
19 0.518581081081081 0.6938202247191011 0.06756756756756757 0.03209459459459459
17 0.5059121621621622 0.5387640449438202 0.05574324324324324 0.03209459459459459
9 0.793918918918919 0.5463483146067416 0.016891891891891893 0.013513513513513514
7 0.03547297297297297 0.627247191011236 0.05405405405405406 0.05405405405405406
17 0.7195945945945946 0.46376404494382023 0.05405405405405406 0.033783783783783786
17 0.10557432432432431 0.5387640449438202 0.05574324324324324 0.03209459459459459
14 0.34121621621621623 0.32640449438202246 0.02702702702702703 0.04222972972972973
17 0.6241554054054054 0.46376404494382023 0.05236486486486487 0.033783783783783786
14 0.4391891891891892 0.6929775280898877 0.030405405405405407 0.04391891891891892
14 0.9163851351351351 0.6061797752808988 0.04222972972972973 0.02533783783783784
17 0.2440878378378378 0.5387640449438202 0.05574324324324324 0.03209459459459459
17 0.7263513513513513 0.6264044943820225 0.05405405405405406 0.03209459459459459
19 0.41891891891891897 0.32724719101123595 0.06756756756756757 0.030405405405405407
4 0.03547297297297297 0.698876404494382 0.033783783783783786 0.02195945945945946
6 0.9746621621621621 0.6061797752808988 0.02702702702702703 0.04560810810810811
17 0.375 0.5387640449438202 0.057432432432432436 0.03209459459459459
4 0.9738175675675675 0.6980337078651686 0.03209459459459459 0.02027027027027027
19 0.5962837837837838 0.39803370786516856 0.06756756756756757 0.030405405405405407
