14 0.3754889178617992 0.6041245404411765 0.049543676662320735 0.024771838331160367
19 0.29595827900912647 0.7233652836134454 0.07040417209908736 0.02607561929595828
19 0.1453715775749674 0.38714548319327735 0.06910039113428944 0.02346805736636245
19 0.21577574967405475 0.5708935136554623 0.024771838331160367 0.07040417209908736
6 0.6890482398956975 0.3936613707983193 0.06388526727509779 0.028683181225554112
6 0.5052151238591917 0.48553538602941176 0.029986962190352025 0.06388526727509779
19 0.499348109517601 0.5715451024159665 0.02607561929595828 0.06910039113428944
10 0.9745762711864406 0.3917066045168067 0.027379400260756193 0.03520208604954368
6 0.6883963494132985 0.728577993697479 0.06779661016949153 0.028683181225554112
19 0.2953063885267275 0.38779707195378155 0.06910039113428944 0.024771838331160367
14 0.22294654498044325 0.6471293986344537 0.049543676662320735 0.024771838331160367
10 0.9752281616688396 0.7272748161764706 0.02607561929595828 0.03389830508474576
6 0.8911342894393742 0.3943129595588235 0.06388526727509779 0.03259452411994785
19 0.14602346805736635 0.7240168723739496 0.07040417209908736 0.022164276401564535
6 0.22229465449804434 0.48488379726890757 0.029986962190352025 0.0651890482398957
19 0.5821382007822686 0.38779707195378155 0.06910039113428944 0.024771838331160367
14 0.5052151238591917 0.6471293986344537 0.05084745762711864 0.024771838331160367
19 0.5834419817470665 0.7233652836134454 0.06910039113428944 0.02607561929595828
6 0.37614080834419816 0.5115989364495799 0.029986962190352025 0.06649282920469361
4 0.02607561929595828 0.7872209821428571 0.03389830508474576 0.02607561929595828
6 0.8878748370273793 0.7298811712184874 0.0651890482398957 0.03389830508474576
