10 0.697226502311248 0.38216922732696895 0.020030816640986132 0.020030816640986132
4 0.919106317411402 0.7995431831742243 0.0600924499229584 0.026194144838212634
10 0.3050847457627119 0.38293928997613363 0.01848998459167951 0.018489984591679505
10 0.4437596302003081 0.3837093526252983 0.02157164869029276 0.020030816640986132
2 0.37673343605546994 0.728697419451074 0.07550077041602465 0.09707241910631742
14 0.18412942989214176 0.42529273568019094 0.05084745762711864 0.029275808936825888
14 0.6486902927580893 0.2982323985680191 0.07395993836671803 0.05238828967642527
10 0.8174114021571649 0.38216922732696895 0.020030816640986132 0.020030816640986132
2 0.3790446841294299 0.5592836366348448 0.07087827426810478 0.09707241910631742
10 0.046224961479198766 0.3837093526252983 0.02157164869029276 0.020030816640986132
14 0.17103235747303544 0.6486109039379475 0.027734976887519257 0.0539291217257319
19 0.7565485362095532 0.24278788782816227 0.07087827426810478 0.02157164869029276
14 0.3543913713405239 0.29900246121718377 0.07395993836671803 0.0539291217257319
5 0.24499229583975346 0.20274463007159907 0.055469953775038515 0.015408320493066254
14 0.1332819722650231 0.477656995823389 0.023112480739599383 0.05084745762711864
14 0.8305084745762713 0.6478408412887828 0.027734976887519257 0.05238828967642527
14 0.3189522342064715 0.6486109039379475 0.027734976887519257 0.0539291217257319
2 0.11248073959938368 0.7279273568019093 0.07704160246533129 0.09861325115562404
10 0.18489984591679506 0.38216922732696895 0.01848998459167951 0.020030816640986132
14 0.6825885978428351 0.6486109039379475 0.027734976887519257 0.0539291217257319
2 0.6255778120184899 0.7279273568019093 0.07704160246533129 0.09861325115562404
4 0.4067796610169491 0.8010833084725537 0.058551617873651776 0.026194144838212634
10 0.5585516178736518 0.38293928997613363 0.020030816640986132 0.02157164869029276
2 0.11016949152542373 0.5592836366348448 0.07241910631741141 0.09707241910631742
4 0.08166409861325115 0.8010833084725537 0.058551617873651776 0.026194144838212634
2 0.8913713405238829 0.5592836366348448 0.07241910631741141 0.09707241910631742
4 0.5932203389830508 0.7995431831742243 0.058551617873651776 0.026194144838212634
14 0.30585516178736516 0.4260627983293556 0.05084745762711864 0.027734976887519257
2 0.6232665639445301 0.5585135739856801 0.07550077041602465 0.09861325115562404
2 0.886748844375963 0.7279273568019093 0.07550077041602465 0.09861325115562404
14 0.13482280431432975 0.29900246121718377 0.07241910631741141 0.05084745762711864
14 0.6448382126348228 0.4761168705250597 0.026194144838212634 0.0539291217257319
10 0.9553158705701078 0.38293928997613363 0.02157164869029276 0.02157164869029276
14 0.697226502311248 0.42452267303102625 0.0539291217257319 0.027734976887519257
14 0.8166409861325116 0.42452267303102625 0.05238828967642527 0.027734976887519257
5 0.7565485362095532 0.2012045047732697 0.055469953775038515 0.012326656394453005
14 0.3574730354391371 0.477656995823389 0.02465331278890601 0.05084745762711864
19 0.2457627118644068 0.24278788782816227 0.06933744221879815 0.02157164869029276
14 0.8690292758089369 0.4768869331742243 0.02465331278890601 0.05238828967642527
14 0.864406779661017 0.2982323985680191 0.07395993836671803 0.05238828967642527
