10 0.575682382133995 0.1283667127071823 0.04962779156327544 0.04962779156327544
10 0.9230769230769231 0.48389589088397794 0.044665012406947896 0.04714640198511166
14 0.3424317617866005 0.7849188535911602 0.12903225806451615 0.06947890818858561
4 0.3411910669975186 0.8976476174033149 0.10669975186104219 0.057071960297766754
2 0.5260545905707196 0.6783839779005525 0.11910669975186106 0.14888337468982632
4 0.5744416873449132 0.8976476174033149 0.10173697270471464 0.057071960297766754
8 0.5744416873449132 0.3240935773480663 0.18114143920595535 0.17866004962779158
17 0.31265508684863524 0.5780429903314918 0.08436724565756824 0.1315136476426799
10 0.05583126550868487 0.48389589088397794 0.04218362282878412 0.04714640198511166
17 0.7183622828784119 0.4566427831491713 0.13647642679900746 0.08188585607940448
17 0.2456575682382134 0.4554040055248619 0.13895781637717122 0.08436724565756824
