14 0.7483702737940026 0.35562499999999997 0.03650586701434159 0.08083441981747067
6 0.18122555410691005 0.5045523648648649 0.11212516297262061 0.04563233376792699
15 0.3748370273794003 0.46748310810810806 0.14993481095176014 0.16427640156453716
15 0.7646675358539765 0.5039020270270271 0.1421121251629726 0.16427640156453716
6 0.4791395045632334 0.6534797297297297 0.11342894393741851 0.0469361147327249
10 0.9009126466753585 0.5039020270270271 0.02346805736636245 0.02607561929595828
6 0.5730117340286832 0.46813344594594597 0.11342894393741851 0.048239895697522815
4 0.6290743155149935 0.6034037162162162 0.04302477183833116 0.024771838331160367
4 0.031942633637548894 0.5292652027027027 0.04302477183833116 0.024771838331160367
6 0.18057366362451108 0.4310641891891892 0.11342894393741851 0.049543676662320735
