17 0.27154195011337867 0.5572333333333332 0.023809523809523808 0.045351473922902494
14 0.46825396825396826 0.3379333333333333 0.011337868480725623 0.03061224489795918
14 0.4075963718820862 0.4461666666666667 0.010204081632653062 0.029478458049886618
17 0.3021541950113379 0.4949 0.0419501133786848 0.022675736961451247
14 0.6706349206349206 0.4195333333333333 0.030612244897959183 0.010204081632653062
14 0.4070294784580499 0.6887 0.011337868480725623 0.029478458049886618
17 0.7080498866213152 0.4949 0.04421768707482993 0.022675736961451247
14 0.22448979591836732 0.5005666666666666 0.011337868480725623 0.03174603174603175
17 0.17800453514739228 0.5566666666666666 0.02494331065759637 0.04421768707482993
14 0.8129251700680273 0.4461666666666667 0.011337868480725623 0.029478458049886618
15 0.4053287981859411 0.5198333333333334 0.07369614512471655 0.07256235827664399
15 0.8106575963718822 0.5192666666666667 0.07256235827664399 0.07142857142857144
10 0.3599773242630385 0.5974666666666666 0.010204081632653062 0.012471655328798185
17 0.9172335600907029 0.5147333333333333 0.04308390022675737 0.021541950113378686
17 0.9178004535147393 0.3328333333333333 0.04421768707482993 0.022675736961451247
14 0.4342403628117914 0.3923333333333333 0.009070294784580499 0.03061224489795918
10 0.9710884353741497 0.5204000000000001 0.010204081632653062 0.010204081632653062
14 0.6303854875283447 0.5005666666666666 0.011337868480725623 0.03174603174603175
9 0.2653061224489796 0.3912 0.013605442176870746 0.010204081632653062
17 0.6768707482993197 0.5561 0.02494331065759637 0.045351473922902494
17 0.5833333333333334 0.5572333333333332 0.023809523809523808 0.04308390022675737
17 0.8798185941043084 0.39459999999999995 0.02494331065759637 0.04421768707482993
17 0.5527210884353742 0.4949 0.04421768707482993 0.022675736961451247
4 0.9682539682539681 0.36796666666666666 0.009070294784580499 0.009070294784580499
17 0.1473922902494331 0.4949 0.04308390022675737 0.022675736961451247
10 0.04365079365079365 0.5 0.017006802721088437 0.017006802721088433
