9 0.5698080279232112 0.28575917119565214 0.029668411867364748 0.019197207678883072
2 0.34467713787085513 0.5819887907608695 0.075043630017452 0.0924956369982548
9 0.7652705061082025 0.7213909646739131 0.029668411867364748 0.019197207678883072
2 0.7949389179755671 0.5819887907608695 0.07155322862129146 0.0924956369982548
2 0.21116928446771382 0.5819887907608695 0.07329842931937172 0.09598603839441536
0 0.34642233856893545 0.2901154891304348 0.075043630017452 0.09773123909249563
9 0.7643979057591623 0.4321314538043478 0.027923211169284468 0.019197207678883072
6 0.3760907504363002 0.7257472826086957 0.05759162303664922 0.11169284467713787
4 0.4720767888307155 0.8660207201086957 0.06806282722513088 0.03664921465968586
0 0.21204188481675393 0.2892442255434783 0.075043630017452 0.0924956369982548
2 0.5383944153577661 0.7274898097826087 0.07155322862129146 0.09424083769633508
0 0.6003490401396161 0.43648777173913045 0.07329842931937172 0.09075043630017451
0 0.7338568935427574 0.2909867527173913 0.075043630017452 0.0924956369982548
5 0.5663176265270506 0.19601902173913044 0.04712041884816754 0.027923211169284468
10 0.9258289703315882 0.5802462635869565 0.029668411867364748 0.029668411867364748
10 0.9240837696335078 0.43561650815217395 0.029668411867364748 0.029668411867364748
10 0.9275741710296683 0.2909867527173913 0.029668411867364748 0.029668411867364748
5 0.3760907504363002 0.1942764945652174 0.04712041884816754 0.027923211169284468
10 0.9258289703315882 0.7283610733695652 0.029668411867364748 0.029668411867364748
