17 0.42223502304147464 0.5032402989821882 0.051843317972350235 0.029953917050691243
17 0.2557603686635945 0.5026657919847328 0.05299539170506913 0.028801843317972354
17 0.5887096774193549 0.5032402989821882 0.05299539170506913 0.029953917050691243
14 0.6440092165898618 0.6348024013994911 0.016129032258064516 0.038018433179723504
17 0.6728110599078341 0.5038148059796438 0.05299539170506913 0.028801843317972354
4 0.04377880184331797 0.6256102894402036 0.041474654377880185 0.0195852534562212
17 0.5057603686635944 0.5038148059796438 0.05299539170506913 0.028801843317972354
7 0.04377880184331797 0.5520733937659033 0.03686635944700461 0.038018433179723504
14 0.8847926267281107 0.4773874840966921 0.016129032258064516 0.038018433179723504
14 0.3024193548387097 0.7002961991094148 0.01728110599078341 0.038018433179723504
6 0.8836405529953917 0.5434557888040713 0.041474654377880185 0.02304147465437788
17 0.771889400921659 0.5951614185750637 0.055299539170506916 0.029953917050691243
19 0.7759216589861752 0.5112833969465649 0.04953917050691244 0.02304147465437788
14 0.5610599078341014 0.36880566157760813 0.018433179723502304 0.0391705069124424
17 0.08986175115207373 0.5032402989821882 0.05299539170506913 0.027649769585253458
17 0.33986175115207373 0.5032402989821882 0.05299539170506913 0.029953917050691243
14 0.22811059907834103 0.302737356870229 0.016129032258064516 0.038018433179723504
14 0.6935483870967742 0.4021270674300254 0.016129032258064516 0.0391705069124424
17 0.7713133640552995 0.4291288963104326 0.05414746543778802 0.031105990783410135
14 0.46889400921658986 0.6681238072519083 0.016129032258064516 0.038018433179723504
17 0.17338709677419356 0.5026657919847328 0.051843317972350235 0.028801843317972354
14 0.39400921658986177 0.3360587627226463 0.016129032258064516 0.038018433179723504
17 0.8957373271889401 0.5945869115776081 0.05414746543778802 0.031105990783410135
17 0.896889400921659 0.4285543893129772 0.05414746543778802 0.029953917050691243
4 0.9752304147465438 0.625035782442748 0.040322580645161296 0.020737327188940093
