2 0.8765786452353617 0.4957805616740088 0.05625717566016074 0.05970149253731344
14 0.5522388059701493 0.672847260462555 0.02985074626865672 0.04936854190585534
4 0.4690011481056257 0.5490724807268723 0.030998851894374284 0.028702640642939155
10 0.5499425947187141 0.5805892070484582 0.016073478760045924 0.016073478760045924
5 0.2508610792192882 0.3043880781938326 0.040183696900114814 0.022962112514351322
8 0.13892078071182548 0.629296875 0.055109070034443174 0.05625717566016074
2 0.2261768082663605 0.4952075302863436 0.05740528128587831 0.060849598163031
0 0.8754305396096441 0.3754439702643172 0.058553386911595874 0.05970149253731344
2 0.5499425947187141 0.5129715033039648 0.05970149253731344 0.06199770378874857
4 0.25200918484500573 0.5479264179515418 0.030998851894374284 0.028702640642939155
0 0.6590126291618829 0.37487093887665196 0.05740528128587831 0.058553386911595874
4 0.6337543053960965 0.548499449339207 0.02985074626865672 0.02985074626865672
4 0.8501722158438575 0.5479264179515418 0.030998851894374284 0.028702640642939155
5 0.6681974741676234 0.31699476872246696 0.03903559127439725 0.011481056257175661
0 0.4425947187141217 0.37487093887665196 0.05625717566016074 0.060849598163031
2 0.4431687715269804 0.4952075302863436 0.05740528128587831 0.060849598163031
6 0.9070034443168773 0.4361852973568282 0.05051664753157291 0.04133180252583238
0 0.2261768082663605 0.3754439702643172 0.05740528128587831 0.05970149253731344
6 0.19402985074626866 0.4361852973568282 0.052812858783008045 0.04133180252583238
5 0.6291618828932262 0.30266898403083703 0.045924225028702644 0.01492537313432836
2 0.6584385763490241 0.4957805616740088 0.058553386911595874 0.06199770378874857
14 0.0774971297359357 0.629296875 0.04707233065442021 0.030998851894374284
5 0.8513203214695751 0.3038150468061674 0.04247990815154994 0.021814006888633754
