19 0.5610409007352941 0.5095238095238095 0.09047619047619046 0.02222222222222222
8 0.28992417279411764 0.6944444444444444 0.05873015873015872 0.05873015873015872
5 0.6950137867647059 0.07539682539682539 0.07619047619047618 0.020634920634920634
14 0.4540211397058823 0.2857142857142857 0.053968253968253964 0.01904761904761905
14 0.45322840073529413 0.7015873015873015 0.052380952380952375 0.01904761904761905
14 0.6950137867647059 0.3682539682539683 0.050793650793650794 0.02222222222222222
4 0.2907169117647059 0.8507936507936508 0.06984126984126984 0.02857142857142857
10 0.6308019301470588 0.5428571428571428 0.01746031746031746 0.015873015873015872
6 0.6958065257352941 0.21428571428571427 0.0365079365079365 0.08253968253968254
4 0.4540211397058823 0.9793650793650792 0.073015873015873 0.031746031746031744
