4 0.18176538908246226 0.7081829896907217 0.04065040650406504 0.018583042973286876
14 0.0975609756097561 0.6530927835051547 0.030197444831591175 0.010452961672473868
6 0.0975609756097561 0.5666881443298969 0.020905923344947737 0.04413472706155633
6 0.41521486643437855 0.33878865979381445 0.019744483159117303 0.04529616724738676
5 0.778164924506388 0.2616623711340206 0.04413472706155633 0.011614401858304297
4 0.27990708478513354 0.7632731958762886 0.041811846689895474 0.019744483159117303
19 0.3397212543554007 0.502319587628866 0.05226480836236934 0.012775842044134728
6 0.5801393728222997 0.33936855670103094 0.019744483159117303 0.04645760743321719
4 0.6817653890824622 0.7076030927835052 0.041811846689895474 0.01742160278745645
14 0.413472706155633 0.42577319587628865 0.027874564459930314 0.010452961672473868
14 0.778164924506388 0.609020618556701 0.027874564459930314 0.010452961672473868
19 0.17305458768873402 0.5017396907216495 0.05342624854819977 0.011614401858304297
8 0.6823461091753774 0.6200386597938145 0.03368176538908246 0.03252032520325203
8 0.18176538908246226 0.6206185567010309 0.03368176538908246 0.0313588850174216
14 0.5801393728222997 0.42577319587628865 0.029036004645760744 0.010452961672473868
14 0.27990708478513354 0.37880154639175256 0.030197444831591175 0.011614401858304297
14 0.9123112659698027 0.6530927835051547 0.029036004645760744 0.010452961672473868
5 0.27990708478513354 0.2622422680412371 0.041811846689895474 0.010452961672473868
19 0.837979094076655 0.5028994845360825 0.05226480836236934 0.013937282229965157
19 0.6538908246225319 0.5017396907216495 0.05110336817653891 0.011614401858304297
14 0.7775842044134728 0.37880154639175256 0.029036004645760744 0.011614401858304297
6 0.9134727061556329 0.56784793814433 0.019744483159117303 0.04413472706155633
14 0.2804878048780488 0.609020618556701 0.029036004645760744 0.010452961672473868
4 0.778164924506388 0.7638530927835052 0.041811846689895474 0.020905923344947737
