14 0.826740506329114 0.5197278225806452 0.08069620253164558 0.03164556962025317
2 0.502373417721519 0.4652998991935484 0.04905063291139241 0.07436708860759494
7 0.06566455696202532 0.5394480846774193 0.08386075949367089 0.08386075949367089
14 0.3061708860759494 0.5252494959677418 0.05537974683544304 0.05537974683544304
6 0.9754746835443038 0.5149949596774194 0.04905063291139241 0.11075949367088608
2 0.36313291139240506 0.3580216733870968 0.07753164556962025 0.04905063291139241
2 0.17325949367088608 0.3572328629032258 0.07753164556962025 0.05063291139240507
19 0.6748417721518988 0.3319909274193548 0.16613924050632914 0.034810126582278486
2 0.502373417721519 0.6601360887096774 0.04905063291139241 0.0759493670886076
10 0.4177215189873418 0.49054183467741935 0.00949367088607595 0.011075949367088608
10 0.3884493670886076 0.4400579637096774 0.02056962025316456 0.020569620253164562
10 0.19699367088607594 0.44321320564516126 0.02056962025316456 0.020569620253164562
10 0.4200949367088608 0.6861668346774193 0.02056962025316456 0.020569620253164562
