6 0.5620104438642297 0.3142666457286432 0.045691906005221924 0.08485639686684072
17 0.22519582245430808 0.5404051507537688 0.045691906005221924 0.0731070496083551
6 0.0783289817232376 0.3149183417085427 0.044386422976501305 0.0835509138381201
4 0.6906005221932114 0.28819880653266333 0.05221932114882506 0.030026109660574413
6 0.498041775456919 0.3748743718592965 0.08485639686684072 0.04699738903394256
10 0.3335509138381201 0.4915279522613066 0.014360313315926892 0.014360313315926892
17 0.4471279373368146 0.5410568467336684 0.050913838120104436 0.07441253263707573
10 0.379242819843342 0.490876256281407 0.014360313315926892 0.013054830287206266
6 0.7774151436031331 0.37617776381909546 0.08746736292428198 0.04699738903394256
10 0.3328981723237598 0.37617776381909546 0.013054830287206266 0.01566579634464752
10 0.4915143603133159 0.5162923994974874 0.022193211488250653 0.022193211488250653
10 0.6194516971279374 0.5162923994974874 0.022193211488250653 0.022193211488250653
8 0.5913838120104439 0.634901067839196 0.08877284595300261 0.08746736292428198
6 0.6272845953002611 0.37617776381909546 0.08485639686684072 0.04699738903394256
17 0.5783289817232375 0.5404051507537688 0.04960835509138381 0.0731070496083551
9 0.5620104438642297 0.4876177763819095 0.024804177545691905 0.014360313315926892
17 0.09073107049608355 0.5397534547738694 0.061357702349869446 0.07441253263707573
9 0.4347258485639687 0.48696608040201 0.02349869451697128 0.01566579634464752
8 0.10704960835509139 0.6342493718592964 0.08877284595300261 0.08616187989556136
6 0.27088772845953 0.37617776381909546 0.08485639686684072 0.04699738903394256
10 0.4634464751958224 0.7287452889447237 0.02349869451697128 0.024804177545691905
15 0.7702349869451697 0.4628533291457286 0.1279373368146214 0.12663185378590078
9 0.20626631853785898 0.4876177763819095 0.02610966057441253 0.016971279373368148
10 0.26370757180156656 0.5162923994974874 0.02349869451697128 0.022193211488250653
4 0.6906005221932114 0.5560458542713567 0.05221932114882506 0.03133159268929504
10 0.2349869451697128 0.7293969849246231 0.02349869451697128 0.02610966057441253
8 0.2349869451697128 0.6335976758793971 0.08877284595300261 0.08746736292428198
6 0.20626631853785898 0.3142666457286432 0.04699738903394256 0.08485639686684072
10 0.10770234986945168 0.7287452889447237 0.022193211488250653 0.024804177545691905
8 0.4634464751958224 0.6342493718592964 0.08877284595300261 0.08616187989556136
6 0.1422976501305483 0.37617776381909546 0.0835509138381201 0.04699738903394256
10 0.5913838120104439 0.7287452889447237 0.02349869451697128 0.024804177545691905
6 0.4347258485639687 0.3142666457286432 0.044386422976501305 0.08485639686684072
10 0.8988250652741513 0.37552606783919595 0.022193211488250653 0.022193211488250653
10 0.3785900783289817 0.376829459798995 0.015665796344647518 0.014360313315926892
10 0.1377284595300261 0.5169440954773868 0.024804177545691905 0.02349869451697128
