4 0.1340956340956341 0.895913313882064 0.056133056133056136 0.02702702702702703
4 0.738045738045738 0.8969517813267813 0.05405405405405406 0.02494802494802495
4 0.5083160083160083 0.6061808968058968 0.056133056133056136 0.02494802494802495
14 0.27442827442827444 0.7577971437346437 0.07068607068607069 0.029106029106029108
8 0.738045738045738 0.7598740786240785 0.10810810810810811 0.09563409563409564
2 0.6881496881496881 0.4950648802211302 0.11642411642411643 0.16424116424116425
4 0.2733887733887734 0.895913313882064 0.056133056133056136 0.02702702702702703
8 0.13513513513513514 0.7588356111793612 0.10810810810810811 0.09355509355509356
6 0.735966735966736 0.2873713912776413 0.062370062370062374 0.11434511434511437
2 0.46153846153846156 0.4929879453316953 0.11226611226611227 0.16424116424116425
6 0.5124740124740125 0.28633292383292386 0.060291060291060294 0.11642411642411643
10 0.738045738045738 0.20014012592137592 0.029106029106029108 0.04365904365904366
10 0.8284823284823284 0.38914120085995085 0.05197505197505198 0.0395010395010395
10 0.5093555093555093 0.20014012592137592 0.029106029106029108 0.04365904365904366
