15 0.6613137461656442 0.5134048257372654 0.14209115281501342 0.11528150134048258
14 0.5662001533742331 0.15147453083109919 0.021447721179624665 0.045576407506702415
15 0.5286905674846626 0.9289544235924933 0.12332439678284182 0.13136729222520108
14 0.5675397814417178 0.8150134048257373 0.024128686327077747 0.04825737265415549
6 0.2942556556748467 0.9021447721179625 0.10991957104557641 0.05093833780160858
15 0.5728982937116565 0.2734584450402145 0.12064343163538874 0.13404825737265416
6 0.6948044478527609 0.3418230563002681 0.03753351206434317 0.07238605898123326
10 0.1375191717791411 0.900804289544236 0.0160857908847185 0.0160857908847185
6 0.29291602760736196 0.8163538873994638 0.10723860589812333 0.05093833780160858
10 0.8153709739263804 0.9302949061662197 0.021447721179624665 0.021447721179624665
10 0.8153709739263804 0.2761394101876676 0.0160857908847185 0.0160857908847185
10 0.14957582438650308 0.24664879356568364 0.018766756032171584 0.0160857908847185
6 0.29291602760736196 0.24664879356568364 0.10723860589812333 0.05361930294906166
6 0.29291602760736196 0.34048257372654156 0.10723860589812333 0.05361930294906166
6 0.5675397814417178 0.09115281501340483 0.08847184986595175 0.04289544235924933
6 0.5675397814417178 0.7506702412868632 0.08847184986595175 0.04289544235924933
6 0.7939369248466258 0.5201072386058981 0.04825737265415549 0.09115281501340483
10 0.6050493673312883 0.5348525469168901 0.018766756032171584 0.01876675603217158
10 0.7229366372699386 0.5375335120643432 0.018766756032171584 0.01876675603217158
10 0.5434264762269939 0.9879356568364612 0.018766756032171584 0.01876675603217158
10 0.5407472200920245 0.8699731903485255 0.018766756032171584 0.01876675603217158
10 0.5862945743865031 0.21313672922252008 0.018766756032171584 0.01876675603217158
10 0.5862945743865031 0.33378016085790885 0.018766756032171584 0.01876675603217158
10 0.46304879217791417 0.9919571045576407 0.018766756032171584 0.0160857908847185
10 0.5085961464723927 0.33646112600536193 0.018766756032171584 0.01876675603217158
10 0.5970115989263804 0.46514745308310984 0.018766756032171584 0.01876675603217158
