10 0.9177215189873419 0.5075842696629214 0.017721518987341773 0.017721518987341773
16 0.23291139240506328 0.5075842696629214 0.1468354430379747 0.1848101265822785
14 0.4430379746835443 0.26994382022471913 0.025316455696202535 0.043037974683544304
14 0.6873417721518987 0.3634831460674157 0.027848101265822784 0.04810126582278481
16 0.49493670886075947 0.5063202247191011 0.15443037974683543 0.18734177215189873
6 0.5468354430379747 0.26994382022471913 0.06075949367088608 0.032911392405063286
10 0.07848101265822785 0.5075842696629214 0.020253164556962026 0.017721518987341773
6 0.7936708860759494 0.364747191011236 0.06835443037974684 0.035443037974683546
16 0.4962025316455696 0.7325842696629212 0.1468354430379747 0.1848101265822785
16 0.7468354430379747 0.5075842696629214 0.15189873417721517 0.1848101265822785
