14 0.9861910241657077 0.5437189054726368 0.025316455696202535 0.01726121979286536
14 0.7951668584579977 0.4045087064676617 0.013808975834292293 0.028768699654775604
6 0.9861910241657077 0.49079601990049754 0.020713463751438434 0.04027617951668584
8 0.39643268124280784 0.512080223880597 0.0379746835443038 0.039125431530494824
6 0.47871116225546606 0.5126554726368159 0.020713463751438434 0.04027617951668584
6 0.7468354430379747 0.40278296019900495 0.03682393555811277 0.020713463751438434
14 0.9177215189873419 0.5138059701492537 0.02646720368239356 0.01726121979286536
4 0.12543153049482164 0.6000932835820896 0.025316455696202535 0.01726121979286536
8 0.6668584579976985 0.5138059701492537 0.0379746835443038 0.04027617951668584
8 0.7779056386651323 0.5115049751243781 0.03682393555811277 0.04027617951668584
8 0.12543153049482164 0.512080223880597 0.03682393555811277 0.039125431530494824
14 0.5506329113924051 0.5126554726368159 0.02646720368239356 0.01726121979286536
6 0.20713463751438438 0.512080223880597 0.020713463751438434 0.04142692750287687
6 0.8532796317606444 0.512080223880597 0.019562715765247412 0.04142692750287687
14 0.2790563866513234 0.5132307213930348 0.028768699654775604 0.018411967779056387
