4 0.4696024941543258 0.7126013935108153 0.0475448168355417 0.026500389711613403
10 0.2665627435697584 0.2916662333610649 0.010911925175370225 0.011691348402182385
10 0.9789555728760717 0.35657497920133113 0.018706157443491817 0.02026500389711614
6 0.3682774746687451 0.4245931260399335 0.036632891660171474 0.0724863600935308
10 0.9777864380358535 0.67489990640599 0.017926734216679657 0.019485580670303974
6 0.8706157443491817 0.4245931260399335 0.03585346843335931 0.0724863600935308
6 0.765003897116134 0.6037723585690516 0.03507404520654715 0.07326578332034295
6 0.2626656274356976 0.6037723585690516 0.03585346843335931 0.07326578332034295
8 0.041309431021044424 0.42342710066555733 0.05767731878409976 0.07638347622759159
8 0.23031956352299296 0.42614782653910144 0.05845674201091192 0.07716289945440374
8 0.13367108339828526 0.6041610336938437 0.05845674201091192 0.07716289945440374
8 0.6363990646921278 0.6041610336938437 0.05845674201091192 0.07716289945440374
8 0.7346063912704599 0.4245931260399335 0.05845674201091192 0.07716289945440374
10 0.4773967264224474 0.35735232945091516 0.011691348402182385 0.012470771628994544
8 0.5428682774746687 0.42226107529118134 0.05845674201091192 0.07716289945440374
10 0.4649259547934529 0.5299240848585691 0.011691348402182385 0.012470771628994544
