13 0.6291935316139766 0.5763723150357996 0.045346062052505964 0.0548926014319809
10 0.5023814475873544 0.029236276849642008 0.022673031026252982 0.022673031026252982
14 0.6244306364392679 0.26610978520286394 0.03579952267303103 0.06682577565632458
6 0.5005953618968386 0.8591885441527445 0.0477326968973747 0.0883054892601432
10 0.8030392054908486 0.4797136038186157 0.02386634844868735 0.026252983293556086
14 0.6244306364392679 0.6933174224343676 0.03579952267303103 0.06443914081145585
6 0.5011907237936771 0.14439140811455847 0.04892601431980907 0.08591885441527446
14 0.36068531613976706 0.7720763723150358 0.03699284009546539 0.06682577565632458
14 0.38330906821963395 0.2893794749403341 0.03699284009546539 0.06563245823389022
10 0.5017860856905159 0.9779236276849643 0.02386634844868735 0.022673031026252982
14 0.38271370632279533 0.6700477326968973 0.03579952267303103 0.06324582338902147
13 0.6297888935108154 0.38365155131264916 0.046539379474940336 0.05369928400954653
10 0.19636543261231282 0.48090692124105006 0.022673031026252982 0.02386634844868735
8 0.5011907237936771 0.4821002386634845 0.07517899761336515 0.09785202863961814
