15 0.7276119402985075 0.5420839608433734 0.25746268656716415 0.2555970149253731
14 0.7341417910447762 0.3873964608433735 0.0503731343283582 0.09888059701492537
14 0.3162313432835821 0.3892601656626506 0.0503731343283582 0.09888059701492537
4 0.3908582089552239 0.7023625753012048 0.08395522388059701 0.054104477611940295
4 0.5764925373134329 0.7014307228915663 0.08208955223880596 0.05597014925373134
17 0.41138059701492535 0.5495387801204819 0.061567164179104475 0.11007462686567164
4 0.23787313432835822 0.7042262801204819 0.08395522388059701 0.054104477611940295
10 0.058768656716417914 0.3864646084337349 0.039179104477611935 0.03731343283582089
17 0.16324626865671643 0.36969126506024097 0.10261194029850747 0.06343283582089551
10 0.9514925373134329 0.3883283132530121 0.03731343283582089 0.03731343283582089
17 0.48507462686567165 0.3687594126506024 0.1007462686567164 0.06529850746268656
17 0.25652985074626866 0.557925451807229 0.061567164179104475 0.10820895522388059
