6 0.7508398656215005 0.5362932276657061 0.043673012318029114 0.06270996640537514
8 0.5963045912653976 0.5351765129682997 0.059350503919372896 0.05823068309070548
10 0.09910414333706608 0.4637067723342939 0.016797312430011195 0.017917133258678608
10 0.8426651735722285 0.4625900576368876 0.016797312430011195 0.020156774916013438
6 0.2782754759238522 0.5362932276657061 0.04143337066069429 0.06270996640537514
14 0.39249720044792835 0.5379682997118156 0.06159014557670772 0.030235162374020158
10 0.49384098544232924 0.6730907780979827 0.020156774916013438 0.019036954087346025
6 0.1881298992161254 0.4642651296829971 0.06270996640537514 0.043673012318029114
14 0.49496080627099664 0.3844200288184438 0.02911534154535274 0.060470324748040316
6 0.4916013437849944 0.4642651296829971 0.06270996640537514 0.043673012318029114
