12 0.5304659498207885 0.38995398773006135 0.10035842293906809 0.17204301075268816
5 0.5609318996415771 0.15554703476482618 0.13620071684587814 0.07526881720430108
4 0.1075268817204301 0.6422546012269938 0.07526881720430108 0.03942652329749104
6 0.5636200716845878 0.7120398773006136 0.06630824372759855 0.10035842293906809
10 0.9435483870967742 0.6055725971370143 0.03046594982078853 0.034050179211469536
10 0.6218637992831542 0.83640081799591 0.02867383512544803 0.034050179211469536
10 0.5062724014336918 0.8310327198364007 0.03046594982078853 0.034050179211469536
4 0.9516129032258064 0.9026073619631901 0.07526881720430108 0.04121863799283154
10 0.9498207885304659 0.8131390593047035 0.02867383512544803 0.034050179211469536
7 0.1075268817204301 0.5053680981595091 0.10394265232974911 0.1021505376344086
6 0.26344086021505375 0.3917433537832311 0.1075268817204301 0.06810035842293907
