10 0.05717054263565892 0.5185691550925926 0.03294573643410852 0.03875968992248062
10 0.9370155038759689 0.4324598524305555 0.03294573643410852 0.036821705426356585
4 0.3992248062015504 0.8736490885416666 0.08139534883720931 0.044573643410852716
10 0.9370155038759689 0.7768970630787038 0.03294573643410852 0.036821705426356585
5 0.6753875968992248 0.1876772280092593 0.14922480620155038 0.08139534883720931
10 0.05717054263565892 0.7730269820601852 0.03294573643410852 0.036821705426356585
4 0.05426356589147287 0.8717140480324075 0.08139534883720931 0.044573643410852716
4 0.9379844961240311 0.8813892505787037 0.08139534883720931 0.044573643410852716
6 0.40019379844961234 0.7314236111111112 0.07170542635658914 0.10852713178294573
6 0.6715116279069767 0.297974537037037 0.07170542635658914 0.10852713178294573
12 0.3594961240310077 0.514699074074074 0.1065891472868217 0.18604651162790697
