10 0.4392476663961039 0.066796875 0.025974025974025972 0.02435064935064935
2 0.16289442978896104 0.7004206730769231 0.09253246753246752 0.11363636363636362
2 0.8323013900162337 0.6987980769230769 0.08928571428571427 0.11363636363636362
2 0.8314909699675324 0.31262019230769234 0.08766233766233765 0.11363636363636362
4 0.5283938717532468 0.9462439903846154 0.08766233766233765 0.050324675324675314
2 0.47652698863636367 0.5316706730769231 0.0909090909090909 0.11363636363636362
10 0.8695807122564935 0.04489182692307692 0.02435064935064935 0.025974025974025972
10 0.1288567877435065 0.0805889423076923 0.02435064935064935 0.025974025974025972
10 0.03808974228896104 0.87890625 0.02435064935064935 0.025974025974025972
10 0.9684519581980519 0.8805288461538462 0.02435064935064935 0.025974025974025972
