10 0.12753277711561384 0.3031663474930362 0.01907032181168057 0.02264600715137068
10 0.1263408820023838 0.5265472667130919 0.01907032181168057 0.02264600715137068
4 0.4088200238379023 0.6917065633704735 0.0500595947556615 0.027413587604290822
4 0.9380214541120381 0.5324882486072424 0.0500595947556615 0.027413587604290822
6 0.732419547079857 0.44396761838440113 0.04410011918951132 0.06674612634088199
6 0.4082240762812873 0.6043741295264624 0.04410011918951132 0.06674612634088199
8 0.2836710369487485 0.41604500348189416 0.06912991656734208 0.06793802145411203
8 0.5214541120381406 0.414856807103064 0.07032181168057211 0.06793802145411203
8 0.9368295589988082 0.44574991295264627 0.06912991656734208 0.06793802145411203
4 0.03456495828367104 0.3590115772980501 0.0500595947556615 0.027413587604290822
