4 0.7799479166666666 0.43221757322175736 0.0546875 0.036458333333333336
10 0.41796875 0.36261440899581593 0.020833333333333336 0.024739583333333336
10 0.783203125 0.36131341527196653 0.022135416666666668 0.024739583333333336
7 0.8880208333333334 0.6052497384937239 0.0703125 0.0703125
7 0.048177083333333336 0.6065507322175733 0.0703125 0.0703125
8 0.3756510416666667 0.7307956328451882 0.07161458333333334 0.07161458333333334
10 0.509765625 0.8999248169456067 0.022135416666666668 0.024739583333333336
10 0.4244791666666667 0.9025268043933055 0.020833333333333336 0.024739583333333336
5 0.6516927083333334 0.099163179916318 0.03776041666666667 0.046875
5 0.2858072916666667 0.10306616108786612 0.03776041666666667 0.046875
6 0.6516927083333334 0.18502876569037657 0.05338541666666667 0.078125
6 0.2845052083333333 0.1876307531380753 0.05338541666666667 0.078125
6 0.5592447916666666 0.7301451359832636 0.05338541666666667 0.078125
10 0.4147135416666667 0.2702438546025105 0.022135416666666668 0.024739583333333336
10 0.779296875 0.2715448483263598 0.022135416666666668 0.024739583333333336
2 0.6796875 0.5122286872384938 0.08072916666666667 0.09505208333333334
2 0.251953125 0.5109276935146443 0.08203125 0.09505208333333334
4 0.8912760416666666 0.7652719665271966 0.055989583333333336 0.036458333333333336
4 0.05078125 0.7639709728033474 0.0546875 0.036458333333333336
4 0.4166666666666667 0.4289650889121339 0.0546875 0.03515625
