12 0.7230926513671875 0.51213282247765 0.07535121328224777 0.12260536398467434
10 0.7511566162109375 0.1500638569604087 0.021711366538952746 0.024265644955300127
10 0.2951171875 0.14878671775223498 0.020434227330779056 0.024265644955300127
6 0.3429534912109375 0.23116219667943802 0.05236270753512133 0.07662835249042145
6 0.7026824951171875 0.23243933588761173 0.05236270753512133 0.07662835249042145
6 0.6593109130859375 0.7496807151979565 0.05236270753512133 0.07662835249042145
10 0.926556396484375 0.3160919540229885 0.020434227330779056 0.024265644955300127
10 0.4756195068359375 0.3186462324393359 0.021711366538952746 0.024265644955300127
4 0.110150146484375 0.7139208173690932 0.05363984674329503 0.035759897828863345
10 0.5712921142578125 0.9112388250319284 0.021711366538952746 0.024265644955300127
10 0.482635498046875 0.9112388250319284 0.020434227330779056 0.024265644955300127
8 0.5279205322265625 0.7452107279693486 0.070242656449553 0.070242656449553
7 0.11142578125 0.6028097062579821 0.06896551724137931 0.06896551724137931
12 0.3263702392578125 0.5070242656449553 0.07535121328224777 0.12260536398467434
10 0.929107666015625 0.4067688378033206 0.020434227330779056 0.024265644955300127
10 0.4756195068359375 0.40804597701149425 0.021711366538952746 0.024265644955300127
4 0.4743438720703125 0.47381864623243936 0.05491698595146871 0.035759897828863345
5 0.5266448974609375 0.070242656449553 0.04469987228607918 0.03320561941251597
4 0.929107666015625 0.4725415070242657 0.05363984674329503 0.035759897828863345
