4 0.5892291446673706 0.3438818565400844 0.044350580781414996 0.029567053854276666
4 0.440337909186906 0.7020042194092827 0.044350580781414996 0.028511087645195353
4 0.7349524815205913 0.7020042194092827 0.044350580781414996 0.028511087645195353
4 0.07391763463569166 0.5981012658227849 0.044350580781414996 0.029567053854276666
7 0.07497360084477296 0.4715189873417721 0.057022175290390706 0.057022175290390706
8 0.43980992608236535 0.4688818565400844 0.05807814149947201 0.05807814149947201
8 0.7333685322069694 0.4667721518987342 0.05807814149947201 0.05807814149947201
6 0.7323125659978881 0.3560126582278481 0.04329461457233368 0.06441393875395987
6 0.8854276663146778 0.4746835443037975 0.04329461457233368 0.06335797254487857
6 0.7349524815205913 0.6102320675105485 0.042238648363252376 0.06441393875395987
6 0.43980992608236535 0.6118143459915613 0.04329461457233368 0.06335797254487857
6 0.44192185850052806 0.3570675105485232 0.04329461457233368 0.06441393875395987
6 0.2930306230200634 0.47204641350210974 0.04329461457233368 0.06441393875395987
