6 0.4242590559824369 0.3561924846625767 0.04500548847420417 0.06586169045005488
6 0.2716794731064764 0.4751070424335378 0.04500548847420417 0.06695938529088914
8 0.4220636663007683 0.46962710889570547 0.060373216245883654 0.060373216245883654
8 0.7305159165751921 0.47072309560327197 0.060373216245883654 0.060373216245883654
7 0.043907793633369926 0.47455904907975466 0.0592755214050494 0.0592755214050494
4 0.042810098792535674 0.6099134074642126 0.04610318331503842 0.0296377607025247
4 0.42371020856201974 0.7178680981595092 0.04610318331503842 0.030735455543358946
4 0.7288693743139407 0.7184160915132924 0.04610318331503842 0.0296377607025247
4 0.575192096597146 0.29700920245398776 0.04610318331503842 0.030735455543358946
6 0.7294182217343579 0.6230652479550102 0.04500548847420417 0.06695938529088914
6 0.4209659714599342 0.6230652479550102 0.04500548847420417 0.06695938529088914
6 0.8809001097694841 0.47675102249488754 0.04500548847420417 0.06586169045005488
6 0.7283205268935236 0.35728847137014313 0.04500548847420417 0.06586169045005488
