10 0.9296610169491526 0.8257014691714837 0.0288135593220339 0.030508474576271184
12 0.652542372881356 0.39679070327552984 0.08813559322033898 0.16101694915254236
12 0.3474576271186441 0.32403660886319846 0.08813559322033898 0.16101694915254236
6 0.3864406779661017 0.535531069364162 0.061016949152542375 0.09322033898305085
6 0.6796610169491526 0.7825565992292871 0.061016949152542375 0.09322033898305085
18 0.06779661016949153 0.5812138728323699 0.09152542372881356 0.06271186440677966
7 0.06525423728813559 0.4204780828516378 0.09322033898305085 0.09322033898305085
10 0.7330508474576272 0.1514571290944123 0.01864406779661017 0.01864406779661017
10 0.6262711864406779 0.14976517341040463 0.01864406779661017 0.01864406779661017
10 0.9279661016949152 0.6624277456647399 0.0288135593220339 0.0288135593220339
4 0.6822033898305084 0.9077613198458574 0.06949152542372881 0.03898305084745763
4 0.06864406779661017 0.6827312138728324 0.06949152542372881 0.03898305084745763
4 0.9279661016949152 0.9111452312138729 0.06949152542372881 0.03898305084745763
