4 0.09669811320754718 0.8334686147186148 0.06446540880503145 0.036163522012578615
18 0.09827044025157233 0.7479437229437229 0.08647798742138366 0.04088050314465409
7 0.09827044025157233 0.5918019480519481 0.08647798742138366 0.08647798742138366
6 0.40408805031446543 0.7016504329004329 0.05660377358490566 0.08647798742138366
2 0.3687106918238994 0.4937229437229437 0.10220125786163523 0.11635220125786164
12 0.720125786163522 0.5745400432900433 0.08176100628930819 0.14937106918238993
10 0.9591194968553459 0.43016774891774895 0.02830188679245283 0.026729559748427674
10 0.6941823899371069 0.20890151515151514 0.01729559748427673 0.01729559748427673
10 0.8011006289308176 0.20890151515151514 0.01729559748427673 0.01729559748427673
6 0.7437106918238994 0.3203192640692641 0.05660377358490566 0.08647798742138366
4 0.7460691823899371 0.8444534632034632 0.06446540880503145 0.036163522012578615
4 0.404874213836478 0.8452380952380952 0.06446540880503145 0.03459119496855346
