10 0.9726640159045725 0.592561973583461 0.016898608349900597 0.016898608349900597
10 0.045228628230616304 0.5900794410413476 0.016898608349900597 0.017892644135188866
10 0.11928429423459244 0.22167161179173048 0.017892644135188866 0.017892644135188866
10 0.9135188866799204 0.2211751052833078 0.017892644135188866 0.016898608349900597
10 0.044234592445328035 0.7107305225880551 0.016898608349900597 0.016898608349900597
4 0.044234592445328035 0.7623671994640123 0.040755467196819085 0.02286282306163022
12 0.37077534791252487 0.4361624234303216 0.05168986083499007 0.09542743538767398
4 0.21819085487077533 0.6680309628637059 0.040755467196819085 0.02286282306163022
12 0.7882703777335984 0.3462947454058193 0.05168986083499007 0.0944333996023857
6 0.3966202783300199 0.7961296420367534 0.05765407554671968 0.04274353876739563
4 0.6336978131212724 0.7673322645482389 0.040755467196819085 0.02286282306163022
4 0.8136182902584495 0.7454859781776417 0.040755467196819085 0.02286282306163022
12 0.6153081510934394 0.5434078292496171 0.05168986083499007 0.09542743538767398
2 0.1918489065606362 0.5846178694486983 0.0636182902584493 0.07455268389662027
2 0.6113320079522863 0.6898772492343033 0.0636182902584493 0.07455268389662027
6 0.813121272365805 0.6650519238131699 0.03578528827037773 0.05467196819085487
6 0.35685884691848907 0.2857209513782542 0.03578528827037773 0.05467196819085487
6 0.21669980119284293 0.3601969276416539 0.03578528827037773 0.05467196819085487
6 0.6322067594433399 0.28671396439509955 0.03578528827037773 0.05467196819085487
