4 0.10298549107142856 0.7111613876319759 0.06184012066365008 0.03469079939668175
12 0.6220424107142857 0.5339366515837104 0.0784313725490196 0.14479638009049775
12 0.24235491071428572 0.5316742081447964 0.0784313725490196 0.14328808446455504
10 0.10147879464285717 0.528657616892911 0.02564102564102564 0.02564102564102564
10 0.9053013392857142 0.4110105580693816 0.027149321266968323 0.02564102564102564
6 0.5979352678571429 0.24660633484162897 0.054298642533936646 0.08295625942684767
6 0.43521205357142856 0.7473604826546003 0.054298642533936646 0.08295625942684767
10 0.4811662946428571 0.9298642533936652 0.02564102564102564 0.02564102564102564
10 0.3832310267857143 0.9245852187028658 0.02564102564102564 0.027149321266968323
4 0.7719587053571428 0.6055806938159879 0.06184012066365008 0.03469079939668175
4 0.9075613839285716 0.5950226244343891 0.06184012066365008 0.03469079939668175
10 0.9060546875 0.5143288084464555 0.02564102564102564 0.027149321266968323
10 0.09921875 0.6319758672699849 0.027149321266968323 0.027149321266968323
5 0.5888950892857142 0.08748114630467571 0.054298642533936646 0.0392156862745098
5 0.27926897321428573 0.08144796380090498 0.05279034690799397 0.0392156862745098
