8 0.23985774253731346 0.8225108225108226 0.08513708513708512 0.07792207792207792
10 0.06835121268656716 0.6782106782106783 0.024531024531024532 0.025974025974025972
12 0.7925699626865671 0.5793650793650794 0.07503607503607504 0.1370851370851371
12 0.21607742537313435 0.575036075036075 0.07503607503607504 0.1370851370851371
10 0.3371408582089552 0.341991341991342 0.025974025974025972 0.025974025974025972
10 0.6614179104477611 0.341991341991342 0.025974025974025972 0.025974025974025972
8 0.7615834888059702 0.8268398268398268 0.08513708513708512 0.07792207792207792
6 0.4920732276119403 0.7236652236652237 0.09090909090909091 0.05627705627705628
6 0.4992793843283582 0.26406926406926406 0.09090909090909091 0.05483405483405483
6 0.23769589552238807 0.17965367965367965 0.051948051948051945 0.07936507936507936
5 0.7601422574626866 0.08080808080808081 0.05050505050505051 0.03751803751803752
4 0.07123367537313433 0.753968253968254 0.05916305916305916 0.0331890331890332
4 0.3421851679104478 0.5173160173160173 0.05916305916305916 0.0331890331890332
4 0.9316487873134328 0.7525252525252525 0.05916305916305916 0.0331890331890332
4 0.662138526119403 0.5202020202020202 0.05916305916305916 0.0331890331890332
5 0.23985774253731346 0.0836940836940837 0.05050505050505051 0.03751803751803752
10 0.2009444962686567 0.9278499278499279 0.024531024531024532 0.025974025974025972
10 0.06907182835820895 0.5772005772005772 0.025974025974025972 0.025974025974025972
10 0.9330900186567165 0.5772005772005772 0.024531024531024532 0.025974025974025972
10 0.93453125 0.6767676767676768 0.024531024531024532 0.025974025974025972
10 0.33497901119402984 0.4458874458874459 0.024531024531024532 0.025974025974025972
10 0.6614179104477611 0.443001443001443 0.025974025974025972 0.025974025974025972
10 0.8091441231343284 0.9278499278499279 0.024531024531024532 0.025974025974025972
6 0.7608628731343283 0.17676767676767677 0.051948051948051945 0.07936507936507936
