5 0.2610192837465565 0.20035244360902257 0.048209366391184574 0.03581267217630854
4 0.48691460055096425 0.8456943139097746 0.05647382920110193 0.03168044077134986
12 0.6831955922865014 0.594155310150376 0.07162534435261708 0.13085399449035812
12 0.2878787878787879 0.5996534304511278 0.07162534435261708 0.13085399449035812
8 0.26515151515151514 0.33368186090225566 0.081267217630854 0.0743801652892562
10 0.027548209366391185 0.46563674812030076 0.024793388429752067 0.024793388429752067
10 0.026859504132231406 0.7831531954887218 0.023415977961432508 0.024793388429752067
10 0.9579889807162536 0.7845277255639098 0.023415977961432508 0.024793388429752067
10 0.9517906336088154 0.37423049812030074 0.024793388429752067 0.023415977961432508
10 0.7086776859504132 0.317874765037594 0.023415977961432508 0.023415977961432508
