10 0.10264266304347824 0.8924802110817943 0.022427440633245383 0.022427440633245383
10 0.8868138586956522 0.5171503957783641 0.022427440633245383 0.0237467018469657
10 0.10132472826086958 0.6339050131926122 0.022427440633245383 0.022427440633245383
4 0.10000679347826087 0.3529023746701847 0.05408970976253298 0.030343007915567283
4 0.6904415760869564 0.07849604221635884 0.05408970976253298 0.030343007915567283
4 0.5863247282608696 0.9729551451187335 0.05408970976253298 0.030343007915567283
6 0.8255298913043478 0.2974934036939314 0.0474934036939314 0.07255936675461741
6 0.34975543478260873 0.300131926121372 0.0474934036939314 0.07255936675461741
6 0.3510733695652174 0.7618733509234829 0.0474934036939314 0.07255936675461741
6 0.7200951086956522 0.7592348284960422 0.0474934036939314 0.07255936675461741
8 0.5856657608695652 0.7605540897097626 0.07387862796833773 0.07255936675461741
8 0.5843478260869565 0.30145118733509235 0.07387862796833773 0.07255936675461741
4 0.8868138586956522 0.9729551451187335 0.05408970976253298 0.030343007915567283
4 0.10396059782608695 0.9729551451187335 0.05408970976253298 0.030343007915567283
10 0.8848369565217391 0.8898416886543534 0.0237467018469657 0.022427440633245383
