10 0.024524524524524523 0.8327261513157895 0.017017017017017015 0.018018018018018018
2 0.3768768768768769 0.7592865953947368 0.06706706706706707 0.06706706706706707
10 0.7542542542542543 0.5489597039473685 0.017017017017017015 0.018018018018018018
10 0.9554554554554555 0.8322265625 0.017017017017017015 0.017017017017017015
10 0.55005005005005 0.4265604440789474 0.017017017017017015 0.017017017017017015
10 0.42992992992992995 0.4260608552631579 0.017017017017017015 0.018018018018018018
10 0.25825825825825827 0.5504584703947368 0.018018018018018018 0.017017017017017015
0 0.6006006006006006 0.27518503289473684 0.06406406406406406 0.07007007007007007
0 0.3283283283283283 0.27418585526315786 0.06406406406406406 0.07007007007007007
0 0.07107107107107107 0.2756846217105263 0.06406406406406406 0.07107107107107107
9 0.35535535535535534 0.36411184210526315 0.03403403403403403 0.022022022022022022
9 0.6266266266266266 0.6743564967105263 0.03403403403403403 0.023023023023023025
5 0.6271271271271271 0.17826480263157896 0.035035035035035036 0.028028028028028024
5 0.35685685685685686 0.17926398026315787 0.035035035035035036 0.028028028028028024
5 0.056056056056056056 0.1812623355263158 0.03403403403403403 0.028028028028028024
5 0.9359359359359359 0.17726562499999998 0.03403403403403403 0.028028028028028024
8 0.05305305305305306 0.4885094572368421 0.056056056056056056 0.055055055055055056
8 0.942942942942943 0.48751027960526316 0.056056056056056056 0.055055055055055056
4 0.25875875875875876 0.6948396381578947 0.041041041041041046 0.02002002002002002
4 0.43093093093093093 0.5829317434210526 0.041041041041041046 0.02002002002002002
4 0.55005005005005 0.5829317434210526 0.041041041041041046 0.02002002002002002
4 0.7577577577577578 0.6598684210526315 0.04004004004004004 0.02002002002002002
10 0.2577577577577578 0.6608675986842105 0.017017017017017015 0.018018018018018018
10 0.43443443443443447 0.5504584703947368 0.018018018018018018 0.017017017017017015
10 0.5505505505505506 0.5504584703947368 0.018018018018018018 0.017017017017017015
10 0.7577577577577578 0.6378865131578947 0.018018018018018018 0.018018018018018018
2 0.6466466466466466 0.5494592927631579 0.06806806806806806 0.06706706706706707
2 0.33633633633633636 0.5499588815789473 0.06806806806806806 0.06806806806806806
2 0.6466466466466466 0.7562890625 0.06806806806806806 0.06706706706706707
2 0.924924924924925 0.7567886513157894 0.06806806806806806 0.06806806806806806
