7 0.16052060737527116 0.6369509830447331 0.06073752711496746 0.059652928416485895
4 0.15997830802603036 0.7155776515151515 0.044468546637744036 0.021691973969631236
10 0.9441431670281994 0.3669090458152958 0.01843817787418655 0.01843817787418655
10 0.45444685466377444 0.831619769119769 0.019522776572668113 0.019522776572668113
10 0.5222342733188721 0.8327042748917748 0.01843817787418655 0.019522776572668113
8 0.4945770065075922 0.7291339736652237 0.06073752711496746 0.059652928416485895
4 0.829175704989154 0.7155776515151515 0.044468546637744036 0.021691973969631236
7 0.8318872017353579 0.6391199945887446 0.06073752711496746 0.059652928416485895
12 0.7147505422993492 0.5599510732323232 0.05639913232104121 0.09869848156182214
12 0.2706073752711497 0.5615778318903318 0.057483731019522775 0.0997830802603037
11 0.3036876355748373 0.2768950667388167 0.05856832971800434 0.10520607375271149
11 0.6778741865509761 0.2736415494227994 0.05856832971800434 0.10520607375271149
10 0.9457700650759218 0.44662022005772 0.019522776572668113 0.019522776572668113
4 0.945227765726681 0.4927117153679654 0.044468546637744036 0.020607375271149676
5 0.29067245119305857 0.18037405303030302 0.039045553145336226 0.027114967462039043
5 0.6946854663774403 0.18037405303030302 0.03796095444685466 0.027114967462039043
