5 0.595837366892546 0.27687289562289563 0.06873184898354308 0.039690222652468535
5 0.08131655372700872 0.26961279461279464 0.034849951597289444 0.025169409486931266
2 0.8804453049370766 0.5406565656565656 0.06292352371732816 0.07163601161665054
12 0.3717328170377541 0.5488846801346801 0.05421103581800581 0.09390125847047434
12 0.09390125847047434 0.5503367003367003 0.05421103581800581 0.09293320425943855
2 0.6161665053242982 0.5517887205387206 0.06292352371732816 0.07066795740561471
6 0.5972894482090997 0.3668981481481482 0.034849951597289444 0.05324298160696998
6 0.07938044530493708 0.3659301346801347 0.034849951597289444 0.05324298160696998
4 0.7507260406582769 0.7260311447811447 0.03969022265246854 0.018393030009680542
4 0.2299128751210068 0.7260311447811447 0.03969022265246854 0.018393030009680542
10 0.9022265246853823 0.36399410774410773 0.017424975798644722 0.016456921587608905
10 0.3823814133591481 0.3620580808080808 0.017424975798644722 0.016456921587608905
