14 0.803680981595092 0.48655790441176466 0.04732690622261175 0.021910604732690624
6 0.11831726555652936 0.43504136029411766 0.049079754601226995 0.03418054338299737
8 0.5854513584574934 0.4874310661764706 0.04732690622261175 0.04645048203330412
14 0.3939526730937774 0.4315487132352941 0.023663453111305875 0.04645048203330412
6 0.3913234005258545 0.5961397058823529 0.03418054338299737 0.049079754601226995
4 0.8028045574057844 0.5498621323529411 0.03680981595092024 0.021034180543382998
10 0.967572304995618 0.43373161764705886 0.014022787028921999 0.014022787028921999
10 0.9671340929009642 0.6528952205882353 0.013146362839614373 0.014022787028921999
6 0.3943908851884312 0.3564568014705882 0.04732690622261175 0.032427695004382126
6 0.8873794916739703 0.4341681985294118 0.04820333041191937 0.03418054338299737
10 0.03374233128834356 0.43373161764705886 0.013146362839614373 0.014022787028921999
10 0.03374233128834356 0.6524586397058825 0.013146362839614373 0.014899211218229624
6 0.694127957931639 0.48568474264705885 0.03155127081507449 0.04820333041191937
14 0.19807186678352323 0.48830422794117645 0.04382120946538125 0.020157756354075372
6 0.3089395267309378 0.48655790441176466 0.032427695004382126 0.04820333041191937
