10 0.8470714750744047 0.9178343949044587 0.021656050955414015 0.021656050955414015
10 0.10494326636904763 0.35477707006369424 0.022929936305732486 0.021656050955414015
6 0.5380103701636905 0.44203821656050957 0.04713375796178344 0.0713375796178344
6 0.23848818824404763 0.4445859872611465 0.04585987261146497 0.0713375796178344
8 0.7701241629464286 0.16178343949044585 0.07388535031847135 0.0713375796178344
5 0.5799816313244048 0.08789808917197452 0.0445859872611465 0.03312101910828026
5 0.7675804501488095 0.08789808917197452 0.04585987261146497 0.03312101910828026
10 0.8496151878720237 0.3554140127388535 0.021656050955414015 0.022929936305732486
12 0.517660667782738 0.6636942675159235 0.067515923566879 0.11464968152866242
12 0.7497744605654761 0.5401273885350318 0.0713375796178344 0.1248407643312102
12 0.6060546875 0.2356687898089172 0.0713375796178344 0.1248407643312102
12 0.25820196242559523 0.6700636942675159 0.067515923566879 0.11464968152866242
10 0.10494326636904763 0.9159235668789808 0.022929936305732486 0.022929936305732486
9 0.7694882347470238 0.3490445859872611 0.04203821656050956 0.02802547770700637
6 0.5386462983630952 0.8242038216560509 0.04585987261146497 0.0713375796178344
4 0.6531133742559524 0.9770700636942674 0.0535031847133758 0.030573248407643316
