12 0.6301369863013698 0.5497928627348643 0.03582718651211802 0.05584826132771338
8 0.6264488935721813 0.3791052322546973 0.1106427818756586 0.10642781875658587
8 0.8530031612223393 0.3780516049060543 0.1106427818756586 0.10642781875658587
8 0.3440463645943098 0.39807052453027136 0.06006322444678609 0.06006322444678609
8 0.12486828240252898 0.3959632698329854 0.06006322444678609 0.06006322444678609
5 0.8530031612223393 0.3000831811064718 0.028451001053740776 0.026343519494204427
5 0.6243414120126449 0.2995563674321503 0.028451001053740776 0.025289778714436252
5 0.34615384615384615 0.3032440631524008 0.028451001053740776 0.026343519494204427
5 0.12065331928345627 0.3011368084551148 0.028451001053740776 0.026343519494204427
12 0.32771338250790305 0.5461051670146138 0.0547945205479452 0.09272918861959958
12 0.09483667017913593 0.6251272181628392 0.0547945205479452 0.09272918861959958
12 0.8661749209694415 0.6298685412317327 0.03582718651211802 0.05584826132771338
10 0.565858798735511 0.4581272834029228 0.023182297154899896 0.01791359325605901
10 0.3998946259220232 0.4581272834029228 0.022128556375131718 0.01791359325605901
4 0.8593256059009484 0.7315435803757829 0.04531085353003161 0.029504741833508957
4 0.9425711275026345 0.7315435803757829 0.04531085353003161 0.029504741833508957
4 0.6232876712328768 0.7304899530271399 0.04531085353003161 0.029504741833508957
4 0.3440463645943098 0.7310167667014614 0.04531085353003161 0.030558482613277132
4 0.12012644889357219 0.7304899530271399 0.044257112750263436 0.029504741833508957
4 0.0273972602739726 0.7294363256784969 0.044257112750263436 0.029504741833508957
