13 0.14285714285714285 0.7696920955882353 0.07589285714285714 0.044642857142857144
10 0.5145089285714286 0.16121323529411763 0.029017857142857144 0.03125000000000001
4 0.5145089285714286 0.916796875 0.07366071428571429 0.04017857142857143
10 0.14285714285714285 0.16121323529411763 0.03125 0.03125000000000001
2 0.4810267857142857 0.5512637867647059 0.08258928571428573 0.10267857142857144
0 0.17522321428571427 0.30386029411764703 0.08258928571428573 0.10267857142857144
10 0.7790178571428571 0.16121323529411763 0.03125 0.03125000000000001
6 0.515625 0.7251148897058823 0.0625 0.12500000000000003
0 0.7444196428571429 0.30386029411764703 0.08258928571428573 0.10267857142857144
0 0.4787946428571429 0.30386029411764703 0.08258928571428573 0.10267857142857144
2 0.17522321428571427 0.5512637867647059 0.08258928571428573 0.10267857142857144
4 0.14174107142857142 0.9179113051470589 0.07366071428571429 0.04241071428571429
13 0.5145089285714286 0.8309857536764707 0.06919642857142858 0.04241071428571429
