12 0.13755458515283842 0.6577626641651031 0.08296943231441048 0.1426491994177584
10 0.7285298398835517 0.40766885553470916 0.024745269286754003 0.026200873362445413
12 0.5596797671033479 0.6490384615384615 0.08296943231441048 0.1426491994177584
12 0.7023289665211062 0.6446763602251407 0.08296943231441048 0.1426491994177584
12 0.8362445414847162 0.6432223264540338 0.08296943231441048 0.1426491994177584
5 0.11572052401746727 0.18810975609756098 0.05094614264919942 0.03784570596797671
10 0.9556040756914118 0.8024390243902438 0.024745269286754003 0.024745269286754003
10 0.9585152838427946 0.4963649155722326 0.024745269286754003 0.026200873362445413
6 0.11426491994177583 0.3153377110694184 0.05385735080058224 0.08296943231441048
4 0.19141193595342068 0.8707786116322701 0.059679767103347894 0.033478893740902474
4 0.7285298398835517 0.8693245778611634 0.059679767103347894 0.033478893740902474
12 0.28748180494905384 0.652673545966229 0.08296943231441048 0.14410480349344978
