12 0.6925925925925925 0.6029398563734291 0.0637037037037037 0.11851851851851851
4 0.10962962962962963 0.822890484739677 0.06222222222222222 0.034074074074074076
4 0.8525925925925926 0.7029174147217235 0.06074074074074074 0.034074074074074076
4 0.8 0.557024236983842 0.06222222222222222 0.035555555555555556
8 0.4762962962962963 0.7577199281867145 0.06962962962962962 0.07851851851851852
10 0.5192592592592593 0.8569569120287254 0.02518518518518519 0.02518518518518519
10 0.4333333333333334 0.8517728904847397 0.02518518518518519 0.026666666666666665
12 0.2548148148148148 0.6029398563734291 0.06222222222222222 0.11851851851851851
11 0.29703703703703704 0.2548698384201077 0.0637037037037037 0.11851851851851851
11 0.6474074074074074 0.25042639138240574 0.06222222222222222 0.11851851851851851
10 0.8014814814814815 0.42446140035906643 0.026666666666666665 0.02518518518518519
10 0.11037037037037037 0.6644075403949732 0.02518518518518519 0.02518518518518519
10 0.11185185185185184 0.7406867145421903 0.02518518518518519 0.026666666666666665
10 0.8044444444444444 0.502221723518851 0.026666666666666665 0.026666666666666665
