0 0.7324596774193548 0.1887966804979253 0.07468879668049792 0.0954356846473029
10 0.9055762768817205 0.9190871369294605 0.02697095435684647 0.024896265560165977
4 0.4660467069892473 0.9740663900414936 0.06846473029045644 0.03941908713692946
6 0.7645950940860214 0.5570539419087137 0.056016597510373446 0.10580912863070539
0 0.497145497311828 0.1887966804979253 0.07261410788381742 0.0954356846473029
10 0.9221622983870968 0.48547717842323646 0.02697095435684647 0.02904564315352697
4 0.9045396505376344 0.9751037344398339 0.06639004149377593 0.03734439834024896
12 0.48781586021505374 0.7313278008298755 0.06639004149377593 0.12240663900414936
0 0.49818212365591397 0.3381742738589212 0.07468879668049792 0.0954356846473029
12 0.740752688172043 0.7313278008298755 0.06224066390041494 0.12240663900414936
0 0.7314230510752688 0.3360995850622407 0.07261410788381742 0.0954356846473029
18 0.3167725134408602 0.22302904564315354 0.07676348547717841 0.06431535269709543
6 0.46915658602150534 0.8807053941908712 0.05809128630705394 0.10995850622406637
4 0.7625218413978494 0.9740663900414936 0.06846473029045644 0.035269709543568464
9 0.6153209005376344 0.3350622406639004 0.022821576763485476 0.01867219917012448
5 0.4681199596774193 0.0912863070539419 0.022821576763485476 0.024896265560165977
