7 0.21967213114754097 0.3484060402684564 0.06120218579234973 0.06229508196721312
5 0.6721311475409836 0.30696308724832216 0.030601092896174863 0.025136612021857924
10 0.029508196721311476 0.5038171140939598 0.017486338797814208 0.017486338797814208
10 0.980327868852459 0.5016359060402685 0.017486338797814208 0.017486338797814208
10 0.6983606557377049 0.6957634228187919 0.017486338797814208 0.017486338797814208
4 0.9027322404371585 0.6652265100671141 0.04590163934426229 0.02622950819672131
15 0.42513661202185793 0.3860318791946309 0.12240437158469945 0.14207650273224043
15 0.43005464480874317 0.6150587248322148 0.12349726775956285 0.14207650273224043
7 0.22240437158469945 0.6559563758389262 0.060109289617486336 0.06229508196721312
10 0.6491803278688525 0.6979446308724833 0.017486338797814208 0.017486338797814208
10 0.030601092896174863 0.6172399328859061 0.017486338797814208 0.017486338797814208
4 0.030601092896174863 0.6652265100671141 0.04590163934426229 0.02622950819672131
0 0.6502732240437158 0.39093959731543626 0.06557377049180327 0.073224043715847
2 0.6486338797814207 0.6166946308724832 0.06448087431693988 0.073224043715847
6 0.9027322404371585 0.5801593959731545 0.039344262295081964 0.06120218579234973
