2 0.18293991416309013 0.5621763754045308 0.0611587982832618 0.07081545064377683
5 0.6282188841201717 0.22127831715210355 0.02467811158798283 0.02575107296137339
10 0.974785407725322 0.6790250809061489 0.018240343347639486 0.017167381974248927
10 0.050965665236051505 0.6725930420711974 0.018240343347639486 0.017167381974248927
4 0.05203862660944205 0.7240493527508092 0.046137339055793994 0.02575107296137339
10 0.050965665236051505 0.5643203883495145 0.018240343347639486 0.017167381974248927
10 0.9812231759656653 0.5664644012944985 0.018240343347639486 0.017167381974248927
10 0.4050429184549357 0.7872977346278317 0.018240343347639486 0.017167381974248927
10 0.3374463519313305 0.784081715210356 0.018240343347639486 0.017167381974248927
2 0.5488197424892703 0.5664644012944985 0.0611587982832618 0.07081545064377683
0 0.4957081545064378 0.33544700647249187 0.06437768240343347 0.07188841201716738
0 0.23605150214592277 0.3365190129449839 0.06437768240343347 0.07188841201716738
8 0.6266094420600858 0.3204389158576052 0.05579399141630901 0.06545064377682402
8 0.10729613733905578 0.3209749190938511 0.057939914163090134 0.06437768240343347
8 0.3642703862660944 0.7106492718446602 0.05901287553648069 0.06974248927038626
0 0.8610515021459226 0.47266383495145636 0.06330472103004292 0.07188841201716738
9 0.5209227467811158 0.47212783171521033 0.04184549356223176 0.030042918454935626
5 0.20708154506437765 0.22717435275080905 0.02575107296137339 0.026824034334763946
5 0.10300429184549356 0.2266383495145631 0.02575107296137339 0.02575107296137339
5 0.5241416309012875 0.2244943365695793 0.02467811158798283 0.02575107296137339
5 0.8846566523605152 0.22395833333333331 0.02467811158798283 0.026824034334763946
4 0.9726394849785407 0.714401294498382 0.046137339055793994 0.02575107296137339
