10 0.9518867924528301 0.8808367768595042 0.024528301886792454 0.022641509433962266
9 0.4877358490566038 0.34917355371900827 0.020754716981132074 0.01509433962264151
13 0.6226415094339622 0.8591554752066116 0.06037735849056604 0.035849056603773584
2 0.38113207547169814 0.6508264462809917 0.06792452830188679 0.08679245283018867
2 0.5943396226415094 0.6508264462809917 0.06792452830188679 0.08679245283018867
4 0.8028301886792452 0.9298553719008265 0.062264150943396226 0.033962264150943396
0 0.5933962264150944 0.35011621900826445 0.06981132075471698 0.08867924528301886
0 0.38113207547169814 0.35011621900826445 0.06792452830188679 0.08867924528301886
4 0.35377358490566035 0.9298553719008265 0.062264150943396226 0.03773584905660377
18 0.2632075471698113 0.24642303719008268 0.06981132075471698 0.062264150943396226
0 0.5943396226415094 0.2162577479338843 0.06792452830188679 0.08867924528301886
13 0.8028301886792452 0.8148502066115704 0.05849056603773585 0.03773584905660377
0 0.7745283018867924 0.21437241735537188 0.06981132075471698 0.08490566037735849
6 0.8028301886792452 0.6847623966942149 0.0509433962264151 0.1018867924528302
10 0.9471698113207548 0.5301652892561983 0.026415094339622643 0.026415094339622643
0 0.7735849056603774 0.34917355371900827 0.06792452830188679 0.08679245283018867
0 0.38113207547169814 0.21531508264462812 0.06792452830188679 0.08679245283018867
13 0.35283018867924526 0.7818569214876032 0.06037735849056604 0.035849056603773584
4 0.6216981132075472 0.9298553719008265 0.05849056603773585 0.033962264150943396
4 0.9518867924528301 0.9307980371900826 0.062264150943396226 0.03207547169811321
6 0.6226415094339622 0.761118285123967 0.052830188679245285 0.10377358490566038
5 0.6216981132075472 0.13047520661157025 0.020754716981132074 0.022641509433962266
5 0.35 0.12670454545454546 0.020754716981132074 0.022641509433962266
