6 0.5992805755395684 0.33993347338935576 0.07913669064748201 0.05755395683453237
6 0.26115107913669067 0.3406512605042017 0.07913669064748201 0.05611510791366907
10 0.06258992805755395 0.3384978991596639 0.02446043165467626 0.02302158273381295
10 0.8539568345323743 0.5251225490196079 0.02446043165467626 0.02302158273381295
15 0.6107913669064748 0.5222514005602241 0.16834532374100722 0.1841726618705036
4 0.06115107913669064 0.6141281512605042 0.0618705035971223 0.034532374100719423
10 0.06546762589928058 0.5193802521008404 0.02446043165467626 0.02302158273381295
10 0.8496402877697842 0.6342261904761906 0.02446043165467626 0.02302158273381295
4 0.44820143884892094 0.6500175070028011 0.0618705035971223 0.034532374100719423
4 0.8496402877697842 0.7246673669467787 0.0618705035971223 0.034532374100719423
