10 0.0546875 0.447217437664042 0.020833333333333336 0.022135416666666668
4 0.7532552083333334 0.48036827427821527 0.055989583333333336 0.03125
10 0.97265625 0.5460199311023622 0.020833333333333336 0.022135416666666668
15 0.5065104166666666 0.5486199967191601 0.14583333333333334 0.17057291666666669
12 0.7526041666666666 0.3653153707349081 0.12760416666666669 0.07421875000000001
10 0.053385416666666664 0.3497149770341207 0.020833333333333336 0.022135416666666668
6 0.224609375 0.3497149770341207 0.07161458333333334 0.05078125
4 0.369140625 0.6675729986876641 0.055989583333333336 0.03125
4 0.9720052083333334 0.7273745078740157 0.055989583333333336 0.03125
4 0.052734375 0.5310695538057744 0.055989583333333336 0.03125
10 0.9700520833333334 0.6448224245406824 0.020833333333333336 0.022135416666666668
