4 0.32414848768736615 0.9778963414634146 0.05945121951219512 0.0350609756097561
10 0.8014052462526766 0.6486280487804879 0.024390243902439025 0.025914634146341466
4 0.662871386509636 0.9839939024390244 0.05792682926829268 0.03201219512195122
8 0.32643201284796575 0.18216463414634146 0.10060975609756098 0.09908536585365854
12 0.34317786402569594 0.35060975609756095 0.05792682926829268 0.10365853658536586
12 0.47638349839400435 0.26753048780487804 0.05945121951219512 0.10518292682926829
6 0.32643201284796575 0.8612804878048781 0.04878048780487805 0.09451219512195122
12 0.6453643602783725 0.34984756097560976 0.05640243902439024 0.10518292682926829
12 0.3447002141327623 0.520579268292683 0.05792682926829268 0.10213414634146341
12 0.6438420101713062 0.520579268292683 0.05640243902439024 0.10213414634146341
12 0.3447002141327623 0.6905487804878049 0.05792682926829268 0.10365853658536586
6 0.6643937366167023 0.8147865853658537 0.05182926829268293 0.09603658536585366
10 0.8014052462526766 0.9458841463414634 0.024390243902439025 0.025914634146341466
10 0.49160699946466807 0.07240853658536585 0.022865853658536585 0.02896341463414634
