10 0.09309895833333333 0.6768518518518518 0.01953125 0.01953125
10 0.09440104166666667 0.7314678649237473 0.01953125 0.01953125
4 0.8782552083333334 0.581924019607843 0.055989583333333336 0.029947916666666668
2 0.4615885416666667 0.6124829793028322 0.08723958333333334 0.0859375
9 0.3287760416666667 0.38491625816993463 0.04296875 0.059895833333333336
9 0.5540364583333334 0.3790645424836601 0.04296875 0.05859375
15 0.7233072916666666 0.432380174291939 0.15234375 0.16796875
4 0.09309895833333333 0.7808823529411765 0.055989583333333336 0.029947916666666668
4 0.5462239583333334 0.7093613834422658 0.055989583333333336 0.029947916666666668
4 0.626953125 0.5546160130718955 0.055989583333333336 0.029947916666666668
4 0.14388020833333334 0.4492851307189543 0.055989583333333336 0.029947916666666668
14 0.8782552083333334 0.5019505718954248 0.06901041666666667 0.03125
2 0.23372395833333334 0.614433551198257 0.08723958333333334 0.08463541666666667
2 0.23111979166666666 0.35370710784313725 0.08723958333333334 0.0859375
2 0.458984375 0.35240672657952066 0.08723958333333334 0.0859375
14 0.724609375 0.2951899509803922 0.03515625 0.06770833333333334
14 0.376953125 0.5136540032679738 0.06901041666666667 0.03125
10 0.4615885416666667 0.25812908496732023 0.01953125 0.01953125
10 0.974609375 0.4336805555555555 0.01953125 0.01953125
10 0.23502604166666666 0.26072984749455336 0.01953125 0.01953125
