10 0.8703216374269006 0.12818181818181817 0.030909090909090907 0.034545454545454546
4 0.24131944444444442 0.05 0.07636363636363636 0.04181818181818182
10 0.8703216374269006 0.6736363636363636 0.030909090909090907 0.034545454545454546
6 0.5535514132553606 0.7963636363636364 0.06909090909090909 0.10181818181818181
7 0.24131944444444442 0.19727272727272727 0.10181818181818181 0.10363636363636364
10 0.604379873294347 0.9281818181818181 0.02909090909090909 0.034545454545454546
10 0.503630604288499 0.9281818181818181 0.030909090909090907 0.034545454545454546
10 0.2957785087719298 0.5027272727272727 0.02909090909090909 0.034545454545454546
10 0.18595272904483431 0.5027272727272727 0.030909090909090907 0.034545454545454546
0 0.5190606725146198 0.3181818181818182 0.10909090909090909 0.12363636363636363
4 0.8721369395711502 0.05 0.07454545454545454 0.04181818181818182
4 0.556274366471735 0.05 0.07454545454545454 0.04181818181818182
0 0.5172453703703703 0.5763636363636364 0.10909090909090909 0.12363636363636363
