4 0.24580792682926828 0.5616622636262514 0.03125 0.017530487804878047
4 0.40358231707317066 0.5609010011123471 0.03125 0.017530487804878047
4 0.2381859756097561 0.4154998609566185 0.03125 0.017530487804878047
4 0.13071646341463414 0.2868464961067853 0.03125 0.017530487804878047
4 0.024009146341463415 0.4139773359288098 0.03125 0.017530487804878047
4 0.32926829268292684 0.17684406284760845 0.03201219512195122 0.016768292682926827
4 0.48666158536585363 0.17684406284760845 0.03125 0.016768292682926827
0 0.6909298780487805 0.40446155450500554 0.04649390243902439 0.05182926829268293
0 0.8323170731707317 0.42577690489432707 0.04573170731707317 0.05182926829268293
0 0.8323170731707317 0.3351866657397108 0.04573170731707317 0.05182926829268293
0 0.4721798780487805 0.34584434093437155 0.04649390243902439 0.05182926829268293
0 0.4725609756097561 0.2400288515016685 0.04573170731707317 0.05182926829268293
0 0.3433689024390244 0.23926758898776418 0.04649390243902439 0.05182926829268293
9 0.32621951219512196 0.5898289766407119 0.03048780487804878 0.023628048780487805
7 0.946265243902439 0.5175090378197998 0.04039634146341463 0.04192073170731707
7 0.5895579268292683 0.47373644327030034 0.04039634146341463 0.04268292682926829
2 0.8307926829268293 0.6457817714126807 0.04573170731707317 0.05182926829268293
2 0.8330792682926831 0.5361599694104561 0.04573170731707317 0.05182926829268293
2 0.473704268292683 0.7196242352614016 0.04649390243902439 0.05182926829268293
2 0.3128810975609756 0.7211467602892102 0.04649390243902439 0.05182926829268293
2 0.4717987804878049 0.5338761818687431 0.04573170731707317 0.05182926829268293
2 0.31440548780487804 0.5323536568409344 0.04649390243902439 0.05182926829268293
0 0.06745426829268293 0.3858106229143493 0.04649390243902439 0.051067073170731704
0 0.19588414634146342 0.3869525166852058 0.04573170731707317 0.05182926829268293
0 0.34260670731707316 0.34584434093437155 0.04649390243902439 0.05182926829268293
4 0.847560975609756 0.29065280867630705 0.03201219512195122 0.017530487804878047
4 0.7785823170731707 0.3652565350389322 0.03125 0.017530487804878047
4 0.6741615853658537 0.3557407536151279 0.03125 0.016768292682926827
4 0.7439024390243902 0.4326282675194661 0.03201219512195122 0.016768292682926827
4 0.7816310975609756 0.45660803670745265 0.03125 0.017530487804878047
4 0.7808689024390244 0.5624235261401557 0.03125 0.017530487804878047
4 0.9470274390243902 0.558617213570634 0.03125 0.017530487804878047
4 0.8471798780487806 0.6948832035595106 0.03125 0.017530487804878047
4 0.7793445121951219 0.6743291156840934 0.03125 0.017530487804878047
4 0.5903201219512195 0.5175090378197998 0.03125 0.017530487804878047
4 0.4858993902439025 0.7862347052280312 0.03125 0.017530487804878047
4 0.4047256097560975 0.747790948275862 0.03201219512195122 0.016768292682926827
4 0.3273628048780488 0.7850928114571747 0.03125 0.016768292682926827
4 0.24657012195121952 0.7481715795328142 0.03125 0.017530487804878047
