11 0.3049440298507463 0.5303776683087028 0.07389162561576354 0.13464696223316913
11 0.5360607675906184 0.21674876847290642 0.07389162561576354 0.13464696223316913
11 0.7057102878464818 0.5328407224958949 0.0722495894909688 0.13628899835796388
10 0.4532849147121535 0.10098522167487685 0.013136288998357965 0.01477832512315271
10 0.5614672174840085 0.10098522167487685 0.013136288998357965 0.01477832512315271
10 0.686860341151386 0.21428571428571427 0.027914614121510674 0.031198686371100164
10 0.7999600213219616 0.5295566502463054 0.027914614121510674 0.031198686371100164
10 0.21315298507462685 0.5254515599343186 0.027914614121510674 0.02955665024630542
10 0.28363539445629 0.9211822660098521 0.027914614121510674 0.02955665024630542
10 0.7335754264392325 0.9244663382594418 0.02955665024630542 0.02955665024630542
6 0.6770255863539446 0.784072249589491 0.0574712643678161 0.09688013136289
6 0.3360874200426439 0.784072249589491 0.0574712643678161 0.09688013136289
