10 0.18380660015349193 0.43515518417462484 0.013046815042210284 0.013814274750575594
10 0.08672294704528012 0.43745736698499316 0.013814274750575594 0.013814274750575594
10 0.036454336147352266 0.49424454297407916 0.013046815042210284 0.013814274750575594
10 0.23637759017651577 0.4946282401091405 0.013814274750575594 0.014581734458940903
10 0.32041442824251726 0.49424454297407916 0.013046815042210284 0.013814274750575594
10 0.11435149654643131 0.7436476807639836 0.013814274750575594 0.013814274750575594
6 0.7498081350729087 0.29357094133697137 0.026093630084420567 0.04528012279355333
6 0.6327705295471988 0.29433833560709416 0.026861089792785876 0.04528012279355333
6 0.4666155026861089 0.29740791268758526 0.026093630084420567 0.04528012279355333
10 0.37145049884881043 0.5517991132332879 0.013814274750575594 0.013814274750575594
11 0.6465848042977743 0.39218110504774895 0.03453568687643899 0.06293169608595547
11 0.7647735993860323 0.3868093451568895 0.03453568687643899 0.06293169608595547
11 0.8557175748273217 0.38911152796725784 0.03376822716807367 0.06293169608595547
11 0.5982348426707598 0.49117496589358806 0.03453568687643899 0.06293169608595547
11 0.48004604758250197 0.49501193724420195 0.03453568687643899 0.06293169608595547
11 0.35840368380660015 0.49347714870395637 0.03376822716807367 0.06293169608595547
12 0.19838833461243285 0.49347714870395637 0.03453568687643899 0.06293169608595547
12 0.07674597083653108 0.4965467257844475 0.03376822716807367 0.06293169608595547
12 0.15003837298541828 0.6135743519781719 0.03453568687643899 0.0636991557943208
12 0.5744435917114351 0.6154928376534788 0.03453568687643899 0.06293169608595547
12 0.6450498848810438 0.6170276261937244 0.03453568687643899 0.06293169608595547
10 0.5180353031465849 0.49347714870395637 0.013814274750575594 0.013814274750575594
10 0.8967766692248655 0.3868093451568895 0.013046815042210284 0.013814274750575594
10 0.8649270913277054 0.25711971350613916 0.013814274750575594 0.013814274750575594
10 0.44359171143514964 0.25788710777626195 0.013814274750575594 0.013814274750575594
10 0.8956254796623178 0.612806957708049 0.013814274750575594 0.014581734458940903
6 0.8457405986185724 0.7064290586630286 0.026093630084420567 0.04528012279355333
6 0.8449731389102071 0.2928035470668486 0.026093630084420567 0.04528012279355333
6 0.750575594781274 0.7079638472032743 0.026093630084420567 0.04528012279355333
10 0.8668457405986185 0.7413454979536153 0.013046815042210284 0.013814274750575594
6 0.6320030698388335 0.708731241473397 0.026861089792785876 0.04528012279355333
6 0.5859554873369148 0.7071964529331514 0.026861089792785876 0.04528012279355333
6 0.13545663852647735 0.7079638472032743 0.026861089792785876 0.04528012279355333
11 0.4785111281657713 0.3875767394270123 0.03453568687643899 0.06293169608595547
10 0.46738296239447424 0.5525665075034106 0.013814274750575594 0.013814274750575594
12 0.8584036838066001 0.6139580491132334 0.03453568687643899 0.06293169608595547
12 0.7670759785111282 0.6139580491132334 0.03453568687643899 0.06293169608595547
