4 0.2859054415700268 0.5330844907407407 0.03835860838537021 0.020517395182872437
6 0.5017841213202497 0.48941550925925925 0.03479036574487064 0.05798394290811776
6 0.28679750223015166 0.4885243055555556 0.03479036574487064 0.05798394290811776
6 0.17975022301516502 0.39673032407407405 0.03479036574487064 0.05798394290811776
6 0.39250669045495096 0.40029513888888885 0.03389830508474576 0.05798394290811776
4 0.5013380909901873 0.36197337962962967 0.039250669045495096 0.020517395182872437
4 0.34210526315789475 0.48986111111111114 0.03835860838537021 0.021409455842997326
4 0.11552185548617304 0.6511689814814815 0.03835860838537021 0.021409455842997326
4 0.8862622658340766 0.6520601851851853 0.03835860838537021 0.021409455842997326
7 0.11552185548617304 0.6008159722222223 0.04906333630686886 0.04727921498661909
7 0.8862622658340766 0.601261574074074 0.04906333630686886 0.04817127564674398
12 0.16681534344335414 0.5633854166666666 0.04103479036574487 0.07225691347011597
12 0.3849241748438894 0.5678414351851852 0.04014272970561998 0.07225691347011597
12 0.6159678858162355 0.5633854166666666 0.04014272970561998 0.07225691347011597
12 0.8354148082069581 0.5678414351851852 0.04014272970561998 0.07225691347011597
10 0.8438893844781445 0.33568287037037037 0.016057091882247992 0.016057091882247992
10 0.16101694915254236 0.33612847222222225 0.015165031222123104 0.01694915254237288
4 0.5008920606601249 0.5317476851851852 0.03835860838537021 0.021409455842997326
