4 0.9100397614314115 0.6995385906040268 0.04274353876739563 0.02286282306163022
4 0.507455268389662 0.6995385906040268 0.04274353876739563 0.02286282306163022
4 0.12375745526838966 0.6995385906040268 0.04274353876739563 0.02286282306163022
9 0.37375745526838966 0.4980145413870246 0.03578528827037773 0.020874751491053677
9 0.37375745526838966 0.4255453020134228 0.03578528827037773 0.020874751491053677
9 0.4463220675944334 0.42455257270693514 0.03578528827037773 0.020874751491053677
4 0.31560636182902585 0.3307396532438479 0.04274353876739563 0.02385685884691849
9 0.7326043737574552 0.4980145413870246 0.03578528827037773 0.020874751491053677
10 0.9363817097415505 0.5014890939597316 0.017892644135188866 0.017892644135188866
10 0.9363817097415505 0.43001258389261743 0.017892644135188866 0.017892644135188866
10 0.47017892644135195 0.2999650447427293 0.017892644135188866 0.017892644135188866
10 0.16202783300198806 0.2999650447427293 0.017892644135188866 0.017892644135188866
9 0.25646123260437376 0.4265380313199105 0.03578528827037773 0.020874751491053677
9 0.44731610337972166 0.4980145413870246 0.03578528827037773 0.020874751491053677
6 0.2554671968190855 0.3734270134228188 0.03777335984095427 0.06361829025844931
6 0.1824055666003976 0.37293064876957494 0.03876739562624255 0.06461232604373758
6 0.7331013916500994 0.6786912751677853 0.03876739562624255 0.06461232604373758
6 0.8518886679920478 0.6772021812080536 0.03777335984095427 0.06361829025844931
7 0.9120278330019881 0.6444421140939598 0.05467196819085487 0.0536779324055666
7 0.5044731610337972 0.6439457494407159 0.05467196819085487 0.05268389662027834
7 0.12624254473161034 0.6444421140939598 0.0536779324055666 0.0536779324055666
12 0.1749502982107356 0.5962947427293065 0.04572564612326044 0.0805168986083499
12 0.24602385685884692 0.6032438478747204 0.04473161033797217 0.0805168986083499
12 0.3926441351888668 0.6007620246085011 0.04572564612326044 0.08151093439363817
12 0.45477137176938365 0.6007620246085011 0.04473161033797217 0.08151093439363817
12 0.7181908548707754 0.5997692953020135 0.04473161033797217 0.08151093439363817
12 0.8687872763419483 0.5957983780760626 0.04572564612326044 0.08151093439363817
4 0.6724652087475149 0.6270693512304251 0.04274353876739563 0.02286282306163022
