18 0.9358407079646017 0.589059381237525 0.09882005899705014 0.061946902654867256
6 0.5243362831858407 0.7046157684630738 0.05752212389380531 0.09587020648967551
10 0.7802359882005899 0.2033807385229541 0.026548672566371678 0.026548672566371678
10 0.01696165191740413 0.20190868263473055 0.025073746312684365 0.026548672566371678
10 0.4778761061946903 0.7789545908183633 0.026548672566371678 0.026548672566371678
10 0.9815634218289085 0.7774825349301396 0.025073746312684365 0.026548672566371678
9 0.523598820058997 0.5353293413173653 0.06489675516224189 0.03687315634218289
8 0.3185840707964602 0.4462699600798404 0.07964601769911504 0.07964601769911504
8 0.06563421828908554 0.4462699600798404 0.07817109144542775 0.07964601769911504
12 0.5508849557522124 0.44847804391217566 0.06637168141592922 0.11946902654867257
12 0.7551622418879056 0.4514221556886227 0.06784660766961652 0.11946902654867257
6 0.7293510324483776 0.7038797405189621 0.05752212389380531 0.09439528023598819
