10 0.4597924773022049 0.8622196691176469 0.02204928664072633 0.024643320363164724
8 0.3132295719844358 0.5440625000000001 0.06874189364461739 0.07003891050583658
6 0.5077821011673151 0.7883501838235294 0.05058365758754864 0.08430609597924774
6 0.7503242542153048 0.7870542279411764 0.05058365758754864 0.08430609597924774
18 0.9429312581063554 0.6788419117647059 0.08560311284046693 0.05447470817120623
9 0.5025940337224384 0.6302435661764706 0.066147859922179 0.03761348897535668
8 0.5090791180285343 0.21812959558823533 0.06874189364461739 0.07133592736705577
8 0.7490272373540856 0.2161856617647059 0.06874189364461739 0.07003891050583658
10 0.027885862516212712 0.12028492647058824 0.02204928664072633 0.023346303501945526
10 0.7924773022049286 0.12028492647058824 0.023346303501945526 0.023346303501945526
10 0.9902723735408561 0.8583318014705881 0.019455252918287938 0.024643320363164724
12 0.5350194552529183 0.5447104779411764 0.058365758754863814 0.10505836575875487
12 0.7775616083009079 0.5447104779411764 0.058365758754863814 0.10505836575875487
8 0.07068741893644617 0.545358455882353 0.06874189364461739 0.07003891050583658
