8 0.13189771197846567 0.6236493644067796 0.07267833109017496 0.07267833109017496
10 0.6897711978465679 0.7614108845338983 0.022880215343203232 0.025572005383580083
8 0.5020188425302826 0.34409427966101697 0.07267833109017496 0.07267833109017496
4 0.8761776581426648 0.7257944915254237 0.05652759084791387 0.02960969044414536
4 0.12987886944818305 0.7271385063559322 0.05518169582772544 0.02960969044414536
11 0.7119784656796769 0.5329283633474576 0.06460296096904442 0.11170928667563931
11 0.2920592193808883 0.5282243114406779 0.06460296096904442 0.11036339165545088
10 0.31695827725437414 0.7614108845338983 0.022880215343203232 0.025572005383580083
10 0.4528936742934051 0.25404528601694915 0.022880215343203232 0.024226110363391656
10 0.5484522207267833 0.2520292637711864 0.022880215343203232 0.025572005383580083
8 0.8781965006729475 0.6223053495762711 0.07133243606998654 0.07267833109017496
