0 0.38963730569948185 0.22924510542168672 0.06010362694300518 0.06735751295336788
0 0.694300518134715 0.22924510542168672 0.06010362694300518 0.06735751295336788
0 0.13264248704663212 0.22924510542168672 0.06010362694300518 0.06735751295336788
0 0.3870466321243523 0.44150037650602414 0.061139896373057 0.06735751295336788
0 0.1316062176165803 0.43994728915662656 0.06010362694300518 0.06632124352331606
0 0.694818652849741 0.4425357680722891 0.061139896373057 0.06735751295336788
2 0.4383419689119171 0.6496140813253012 0.06010362694300518 0.06735751295336788
2 0.4404145077720207 0.7790380271084337 0.06010362694300518 0.06735751295336788
2 0.7409326424870466 0.7800734186746988 0.06010362694300518 0.06735751295336788
9 0.4119170984455959 0.3296780873493976 0.046632124352331605 0.030051813471502598
9 0.7150259067357513 0.3296780873493976 0.047668393782383425 0.030051813471502598
9 0.7181347150259068 0.5812782379518072 0.047668393782383425 0.030051813471502598
9 0.4119170984455959 0.5414156626506024 0.046632124352331605 0.031088082901554404
8 0.1072538860103627 0.7143260542168675 0.05699481865284974 0.05595854922279793
10 0.9036269430051813 0.5869728915662651 0.01865284974093264 0.01865284974093264
10 0.8994818652849741 0.7122552710843373 0.01865284974093264 0.01865284974093264
10 0.9036269430051813 0.33589043674698793 0.01865284974093264 0.019689119170984457
10 0.7492227979274612 0.8810240963855422 0.01865284974093264 0.01865284974093264
10 0.0766839378238342 0.8789533132530121 0.01865284974093264 0.01865284974093264
5 0.7155440414507772 0.12259977409638553 0.027979274611398965 0.021761658031088083
5 0.41295336787564774 0.12311746987951806 0.027979274611398965 0.022797927461139896
5 0.1077720207253886 0.1236351656626506 0.02694300518134715 0.021761658031088083
