5 0.7945040097629009 0.06209573091849936 0.03622250970245795 0.03104786545924968
6 0.7945040097629009 0.20504527813712808 0.04398447606727038 0.07373868046571799
10 0.5631864539748954 0.3460543337645537 0.02328589909443726 0.02457956015523933
6 0.4384817381450488 0.203751617076326 0.04527813712807245 0.07373868046571799
10 0.6704454323570432 0.34799482535575677 0.02328589909443726 0.02328589909443726
10 0.06436759065550907 0.7509702457956016 0.02328589909443726 0.02457956015523933
6 0.23171744246861925 0.7542043984476067 0.07632600258732214 0.04915912031047866
8 0.6161698047419806 0.8460543337645536 0.06727037516170763 0.06985769728331177
10 0.753151150627615 0.9379042690815005 0.02328589909443726 0.02328589909443726
5 0.44106629184100415 0.06403622250970246 0.037516170763260026 0.029754204398447608
9 0.6168159431659694 0.7464424320827943 0.04527813712807245 0.02328589909443726
10 0.4843575662482566 0.9398447606727037 0.02328589909443726 0.02457956015523933
2 0.40746709379358437 0.5142302716688227 0.07632600258732214 0.08408796895213454
2 0.82293410041841 0.5155239327296248 0.07503234152652005 0.08408796895213454
6 0.22590219665271966 0.5161707632600259 0.07503234152652005 0.04915912031047866
10 0.06565986750348676 0.5155239327296248 0.02328589909443726 0.02457956015523933
