4 0.6785323110624315 0.7613348470363289 0.044906900328587074 0.023001095290251915
4 0.08269441401971522 0.5262428298279159 0.044906900328587074 0.023001095290251915
7 0.0832420591456736 0.41689770554493305 0.06352683461117196 0.0624315443592552
8 0.803395399780942 0.3988557600382409 0.06024096385542168 0.05914567360350492
14 0.5624315443592552 0.3988557600382409 0.05585980284775466 0.028477546549835708
6 0.3904709748083242 0.4015893881453154 0.03833515881708653 0.0624315443592552
6 0.6796276013143483 0.6465224665391969 0.03833515881708653 0.0624315443592552
6 0.23713033953997806 0.2807630258126195 0.06462212486308871 0.04162102957283681
10 0.8258488499452354 0.5688874282982791 0.019715224534501644 0.020810514786418405
10 0.828039430449069 0.7400125478011472 0.019715224534501644 0.019715224534501644
4 0.9720700985761226 0.35457098470363285 0.044906900328587074 0.023001095290251915
