8 0.5783018867924529 0.4136903234086242 0.0509433962264151 0.04905660377358491
14 0.7292452830188679 0.6476225616016427 0.022641509433962266 0.04905660377358491
10 0.960377358490566 0.33351193531827517 0.01509433962264151 0.01509433962264151
10 0.42122641509433956 0.5683874486652977 0.014150943396226415 0.01509433962264151
14 0.3419811320754717 0.3344552104722792 0.02169811320754717 0.04716981132075472
14 0.4202830188679245 0.6480941991786447 0.02169811320754717 0.05
14 0.5773584905660377 0.5707456365503081 0.04905660377358491 0.02169811320754717
8 0.42075471698113204 0.4136903234086242 0.0509433962264151 0.04905660377358491
6 0.7316037735849057 0.41557687371663243 0.0330188679245283 0.05849056603773585
10 0.03962264150943396 0.3344552104722792 0.01509433962264151 0.01509433962264151
10 0.5783018867924529 0.6910132186858317 0.01509433962264151 0.01509433962264151
14 0.2669811320754717 0.41133213552361403 0.04905660377358491 0.02169811320754717
