6 0.26705653021442494 0.597774174528302 0.03313840155945419 0.05555555555555556
14 0.7894736842105263 0.5510760613207547 0.050682261208576995 0.02436647173489279
6 0.9390838206627681 0.597774174528302 0.0341130604288499 0.05555555555555556
4 0.6033138401559455 0.7407871462264151 0.03898635477582846 0.02046783625730994
4 0.9381091617933723 0.7398142688679246 0.03996101364522417 0.02046783625730994
8 0.5112085769980507 0.30931603773584904 0.05360623781676412 0.05263157894736842
4 0.11647173489278753 0.7398142688679246 0.03996101364522417 0.02046783625730994
4 0.26705653021442494 0.738841391509434 0.03898635477582846 0.02046783625730994
8 0.5102339181286549 0.46011202830188686 0.05360623781676412 0.05263157894736842
8 0.11744639376218322 0.5968012971698113 0.05360623781676412 0.051656920077972714
14 0.42397660818713445 0.5510760613207547 0.050682261208576995 0.02436647173489279
