4 0.6977900552486188 0.6317457170050762 0.045303867403314914 0.02320441988950276
4 0.8337016574585634 0.6306432423857868 0.045303867403314914 0.02320441988950276
10 0.9707182320441989 0.6119011738578679 0.01878453038674033 0.01878453038674033
2 0.6729281767955801 0.39857233502538075 0.06408839779005523 0.06850828729281769
10 0.9707182320441989 0.31423302664974617 0.01878453038674033 0.01878453038674033
2 0.3414364640883978 0.4884240164974619 0.06408839779005523 0.06961325966850829
7 0.07624309392265194 0.5920566307106598 0.06408839779005523 0.06298342541436464
6 0.2 0.48897525380710666 0.06408839779005523 0.041988950276243095
6 0.5066298342541437 0.5027561865482234 0.03867403314917127 0.06298342541436464
6 0.8342541436464088 0.4597596763959391 0.03756906077348066 0.06298342541436464
4 0.505524861878453 0.6317457170050762 0.045303867403314914 0.02320441988950276
4 0.3696132596685083 0.6306432423857868 0.045303867403314914 0.02320441988950276
4 0.07513812154696133 0.7023040926395939 0.04419889502762431 0.02320441988950276
