4 0.1178343949044586 0.6878802281368821 0.06369426751592357 0.03343949044585987
4 0.8614649681528663 0.5891634980988594 0.06369426751592357 0.03343949044585987
12 0.39012738853503187 0.42277804182509504 0.07643312101910829 0.15286624203821658
12 0.6918789808917197 0.3742157794676806 0.15764331210191082 0.08757961783439491
10 0.9641719745222929 0.3519249049429658 0.027070063694267517 0.027070063694267517
4 0.6918789808917197 0.5159220532319392 0.06528662420382166 0.03343949044585987
6 0.8638535031847134 0.4697480988593156 0.05573248407643312 0.09076433121019109
6 0.4140127388535032 0.5859790874524714 0.054140127388535034 0.09076433121019109
6 0.2356687898089172 0.42198193916349813 0.09235668789808917 0.0589171974522293
7 0.11942675159235669 0.5501544676806084 0.09235668789808917 0.09235668789808918
4 0.41321656050955413 0.6878802281368821 0.06528662420382166 0.03343949044585987
