4 0.5266666666666666 0.8445863045302012 0.0496969696969697 0.025454545454545452
4 0.9078787878787878 0.6168807676174497 0.048484848484848485 0.025454545454545452
10 0.37333333333333335 0.27047766359060404 0.019393939393939394 0.020606060606060607
10 0.6781818181818182 0.27047766359060404 0.020606060606060607 0.020606060606060607
6 0.14909090909090908 0.47759280620805367 0.041212121212121214 0.06909090909090909
6 0.3751515151515151 0.47517040687919465 0.04242424242424243 0.06909090909090909
6 0.906060606060606 0.47759280620805367 0.04242424242424243 0.06909090909090909
8 0.6793939393939394 0.47819840604026853 0.06666666666666667 0.06545454545454546
6 0.5266666666666666 0.7234663380872484 0.04242424242424243 0.06909090909090909
4 0.1496969696969697 0.6168807676174497 0.0496969696969697 0.025454545454545452
