8 0.6806060606060607 0.5856841216216215 0.06666666666666667 0.06545454545454545
10 0.37393939393939396 0.3794974662162162 0.020606060606060607 0.020606060606060607
4 0.9066666666666666 0.7253589527027027 0.048484848484848485 0.025454545454545452
4 0.6781818181818182 0.7259636056511056 0.0496969696969697 0.026666666666666665
4 0.37393939393939396 0.7265682585995086 0.0496969696969697 0.025454545454545452
4 0.1484848484848485 0.7259636056511056 0.0496969696969697 0.026666666666666665
6 0.1484848484848485 0.5887073863636363 0.04242424242424243 0.06909090909090909
6 0.3751515151515151 0.5850794686732187 0.04242424242424243 0.06909090909090909
6 0.9054545454545455 0.5862887745700245 0.041212121212121214 0.06909090909090909
10 0.6793939393939394 0.3782881603194103 0.020606060606060607 0.020606060606060607
