0 0.3540831367924528 0.2547043010752688 0.08602150537634409 0.08736559139784947
10 0.13906741352201257 0.5638440860215054 0.021505376344086023 0.0228494623655914
10 0.37760048152515724 0.9495967741935484 0.0228494623655914 0.0228494623655914
10 0.6598086183176101 0.946236559139785 0.0228494623655914 0.021505376344086023
10 0.8600420106132075 0.5625 0.0228494623655914 0.0228494623655914
10 0.8277896521226416 0.3864247311827957 0.0228494623655914 0.0228494623655914
2 0.7270010318396226 0.5625 0.08467741935483872 0.08736559139784947
2 0.30368882665094343 0.5645161290322581 0.08467741935483872 0.08602150537634409
0 0.6678717079402515 0.2560483870967742 0.08467741935483872 0.08736559139784947
5 0.6994521422955975 0.07526881720430108 0.040322580645161296 0.03763440860215054
5 0.3298938679245283 0.07190860215053764 0.040322580645161296 0.038978494623655914
8 0.5133291568396225 0.8514784946236558 0.07661290322580644 0.07661290322580645
