10 0.7687830687830688 0.592652027027027 0.02222222222222222 0.019047619047619046
4 0.038624338624338624 0.7652660472972973 0.04338624338624338 0.02222222222222222
7 0.039153439153439155 0.6755278716216216 0.05714285714285714 0.0582010582010582
6 0.2708994708994709 0.30285050675675673 0.042328042328042326 0.06243386243386243
8 0.5698412698412698 0.36355574324324325 0.06031746031746031 0.061375661375661375
8 0.5708994708994709 0.5905405405405405 0.06031746031746031 0.061375661375661375
10 0.7619047619047619 0.7256756756756757 0.021164021164021163 0.019047619047619046
8 0.27195767195767195 0.5947635135135135 0.059259259259259255 0.061375661375661375
10 0.17407407407407408 0.7246199324324324 0.02222222222222222 0.019047619047619046
14 0.37142857142857144 0.3033783783783784 0.05714285714285714 0.029629629629629627
4 0.8015873015873016 0.28279138513513513 0.04338624338624338 0.02222222222222222
4 0.8005291005291004 0.5319467905405405 0.04338624338624338 0.02222222222222222
10 0.16666666666666666 0.592652027027027 0.02222222222222222 0.019047619047619046
4 0.9021164021164021 0.7652660472972973 0.04338624338624338 0.02222222222222222
4 0.4216931216931217 0.7789907094594595 0.04338624338624338 0.02222222222222222
7 0.9010582010582011 0.6755278716216216 0.056084656084656084 0.0582010582010582
10 0.20582010582010582 0.23053209459459462 0.02222222222222222 0.019047619047619046
