10 0.018906753626107976 0.5491372526978417 0.016921837228041903 0.0145044319097502
10 0.17418349617244158 0.5475269784172662 0.016921837228041903 0.0145044319097502
6 0.5217459458098308 0.3079986791816547 0.031426269137792104 0.0475423045930701
6 0.6376000956889605 0.3079986791816547 0.031426269137792104 0.0475423045930701
6 0.296071716357776 0.3063884049010791 0.03223207091055599 0.0475423045930701
6 0.23814464141821112 0.3088038163219424 0.03223207091055599 0.0475423045930701
6 0.8656879532634972 0.30477813062050363 0.03223207091055599 0.0475423045930701
6 0.43767123287671234 0.3071935420413669 0.03223207091055599 0.0475423045930701
6 0.9220059427880741 0.7842372976618706 0.03223207091055599 0.048348106365834
6 0.7779927981466559 0.8683741288219424 0.03223207091055599 0.0475423045930701
6 0.2984853444802578 0.8699844031025179 0.03223207091055599 0.0475423045930701
6 0.239753726833199 0.8715946773830936 0.03223207091055599 0.0475423045930701
4 0.09855648166800968 0.45855932441546765 0.033037872683319904 0.0169218372280419
4 0.23935145547945202 0.9303696886241006 0.033037872683319904 0.0169218372280419
4 0.297278530419017 0.9311748257643885 0.033037872683319904 0.0169218372280419
4 0.6384046383964546 0.9311748257643885 0.033037872683319904 0.0169218372280419
4 0.7800041549153909 0.9311748257643885 0.033037872683319904 0.0169218372280419
4 0.8644811392022562 0.9311748257643885 0.033037872683319904 0.0169218372280419
4 0.9216036714343272 0.9303696886241006 0.033037872683319904 0.0169218372280419
4 0.7228816226833199 0.7315008149730216 0.033037872683319904 0.0169218372280419
4 0.5531231114020951 0.6960747808003597 0.033037872683319904 0.0169218372280419
4 0.43887804693795324 0.6960747808003597 0.033037872683319904 0.0169218372280419
4 0.6943203565672844 0.3877072560701439 0.03223207091055599 0.0169218372280419
4 0.3544010626510878 0.38851239321043163 0.033037872683319904 0.0169218372280419
4 0.19831977739726026 0.7105672493255396 0.033037872683319904 0.0169218372280419
4 0.35359651994359387 0.7323059521133094 0.033037872683319904 0.0169218372280419
4 0.24015599818694602 0.2460031193794964 0.033037872683319904 0.0169218372280419
4 0.29687625906526993 0.24680825651978416 0.03223207091055599 0.0169218372280419
4 0.4396825896454472 0.2451979822392086 0.033037872683319904 0.0169218372280419
4 0.5812821061643836 0.2460031193794964 0.033037872683319904 0.0169218372280419
4 0.5233550312248186 0.2460031193794964 0.033037872683319904 0.0169218372280419
4 0.6380023670427075 0.2460031193794964 0.03223207091055599 0.0169218372280419
4 0.7800041549153909 0.2451979822392086 0.033037872683319904 0.0169218372280419
4 0.8644811392022562 0.2460031193794964 0.033037872683319904 0.0169218372280419
4 0.9216036714343272 0.2451979822392086 0.033037872683319904 0.0169218372280419
14 0.6734022461724416 0.0861833970323741 0.022562449637389202 0.043513295729250605
14 0.8580447975423047 0.14334813399280577 0.023368251410153102 0.043513295729250605
14 0.8946514907332797 0.20131800809352515 0.022562449637389202 0.043513295729250605
6 0.7936813809427881 0.14375070256294964 0.044319097502014494 0.033037872683319904
11 0.6512773217163578 0.4215230159622302 0.0427074939564867 0.0668815471394037
11 0.5378367999597099 0.42071787882194245 0.0427074939564867 0.0668815471394037
11 0.4517507302578565 0.41991274168165466 0.0427074939564867 0.0668815471394037
11 0.42278719278807414 0.5463192727068344 0.0427074939564867 0.0668815471394037
11 0.3109557564464142 0.41991274168165466 0.0427074939564867 0.0668815471394037
11 0.2522241387993554 0.4191076045413669 0.0427074939564867 0.0668815471394037
11 0.13797907433521353 0.5495398212679856 0.0427074939564867 0.0668815471394037
11 0.0518930046333602 0.5503449584082734 0.0427074939564867 0.0668815471394037
12 0.5096778051974215 0.6050942839478417 0.0427074939564867 0.0668815471394037
12 0.5933502467767929 0.6058994210881294 0.0427074939564867 0.0668815471394037
12 0.8532175412973408 0.55517578125 0.0427074939564867 0.0668815471394037
12 0.7655223861804996 0.49237508430755395 0.0427074939564867 0.0668815471394037
12 0.9071219026994359 0.49076481002697847 0.0427074939564867 0.0668815471394037
12 0.7671314715954874 0.6976850550809353 0.0427074939564867 0.0668815471394037
12 0.30934667103142627 0.6976850550809353 0.0427074939564867 0.0668815471394037
12 0.2522241387993554 0.6976850550809353 0.0427074939564867 0.0668815471394037
11 0.6255319550765511 0.7484086949190647 0.0427074939564867 0.0668815471394037
9 0.5812821061643836 0.41548448741007193 0.0410958904109589 0.024174053182917
9 0.5804775634568896 0.48714169289568343 0.0410958904109589 0.024174053182917
9 0.6376000956889605 0.48714169289568343 0.0410958904109589 0.024174053182917
9 0.3801464292908945 0.5443064298561151 0.0410958904109589 0.024174053182917
9 0.2980830731265109 0.5443064298561151 0.0410958904109589 0.024174053182917
9 0.24096054089443997 0.7548497920413668 0.0410958904109589 0.023368251410153102
14 0.19791750604351327 0.6691026866007195 0.0435132957292506 0.016116035455278
