10 0.8971777640577507 0.4423337856173677 0.02849389416553596 0.024423337856173677
10 0.8951439019756838 0.5481682496607869 0.027137042062415195 0.024423337856173677
10 0.2673584726443769 0.9280868385345997 0.027137042062415195 0.024423337856173677
10 0.7276892572188449 0.9308005427408412 0.02849389416553596 0.024423337856173677
10 0.43413516337386016 0.08412483039348712 0.027137042062415195 0.024423337856173677
10 0.9331093275075988 0.08412483039348712 0.024423337856173677 0.024423337856173677
8 0.4741344509878419 0.378561736770692 0.07191316146540028 0.07327001356852103
12 0.6598938544832826 0.6383989145183175 0.07191316146540028 0.11261872455902307
12 0.28023959916413377 0.7564450474898237 0.07191316146540028 0.11261872455902307
6 0.2992223119300912 0.5210312075983717 0.052917232021709636 0.0814111261872456
4 0.8964998100303951 0.6234735413839891 0.051560379918588875 0.02849389416553596
4 0.47481240501519756 0.5149253731343284 0.051560379918588875 0.02849389416553596
4 0.0917683795592705 0.4925373134328358 0.052917232021709636 0.027137042062415195
11 0.661249762537994 0.26119402985074625 0.06919945725915876 0.12347354138398917
