4 0.06089743589743589 0.5385771079881657 0.037545787545787544 0.021062271062271064
4 0.47756410256410253 0.5385771079881657 0.037545787545787544 0.021062271062271064
4 0.6625457875457875 0.6534485946745562 0.037545787545787544 0.020146520146520148
4 0.7477106227106227 0.6529909393491125 0.037545787545787544 0.021062271062271064
4 0.9629120879120879 0.4113489275147929 0.037545787545787544 0.021062271062271064
6 0.6620879120879121 0.23286335059171598 0.03663003663003663 0.05402930402930404
6 0.8333333333333334 0.23103272928994084 0.03663003663003663 0.05402930402930404
6 0.37637362637362637 0.23103272928994084 0.03663003663003663 0.05402930402930404
6 0.2042124542124542 0.2282867973372781 0.03663003663003663 0.05402930402930404
6 0.47527472527472525 0.4754206730769231 0.03663003663003663 0.05402930402930404
6 0.7481684981684982 0.5779354659763314 0.03663003663003663 0.05402930402930404
6 0.43086080586080583 0.789372226331361 0.03571428571428571 0.05402930402930404
6 0.28846153846153844 0.7477255917159764 0.03663003663003663 0.05494505494505495
6 0.11858974358974358 0.4182137573964497 0.05036630036630037 0.03296703296703297
6 0.5906593406593407 0.6031065088757396 0.049450549450549455 0.03296703296703297
12 0.6474358974358975 0.41638313609467453 0.04578754578754579 0.08424908424908426
12 0.8489010989010989 0.419586723372781 0.04578754578754579 0.08333333333333334
12 0.3891941391941392 0.4182137573964497 0.04578754578754579 0.08424908424908426
12 0.18864468864468864 0.4182137573964497 0.04578754578754579 0.08424908424908426
12 0.30494505494505497 0.6063100961538461 0.04578754578754579 0.08333333333333334
12 0.44963369963369965 0.6932646079881657 0.04578754578754579 0.08333333333333334
10 0.9647435897435898 0.3028846153846154 0.019230769230769232 0.016483516483516484
10 0.966117216117216 0.359633875739645 0.018315018315018316 0.016483516483516484
10 0.8585164835164834 0.1591808431952663 0.019230769230769232 0.016483516483516484
10 0.18086080586080586 0.15735022189349113 0.019230769230769232 0.016483516483516484
10 0.5009157509157509 0.8456638313609467 0.018315018315018316 0.016483516483516484
10 0.22664835164835165 0.8447485207100591 0.019230769230769232 0.016483516483516484
7 0.06089743589743589 0.4740477071005917 0.05402930402930404 0.05311355311355311
