10 0.8147679324894515 0.2676496478873239 0.019409282700421943 0.016877637130801686
6 0.3029535864978903 0.3224838615023474 0.032067510548523206 0.04894514767932489
6 0.14430379746835442 0.3216402582159624 0.032067510548523206 0.04894514767932489
6 0.759493670886076 0.3216402582159624 0.032067510548523206 0.04894514767932489
10 0.0890295358649789 0.2646970363849765 0.019409282700421943 0.016033755274261603
10 0.015611814345991562 0.5388681044600938 0.019409282700421943 0.016033755274261603
10 0.014767932489451477 0.6333516725352113 0.019409282700421943 0.016033755274261603
10 0.8831223628691983 0.3688820422535211 0.03122362869198312 0.016877637130801686
10 0.8316455696202532 0.7303660504694836 0.019409282700421943 0.016033755274261603
10 0.1649789029535865 0.7286788438967136 0.019409282700421943 0.016033755274261603
8 0.22489451476793249 0.6839678697183098 0.05316455696202531 0.049789029535864976
8 0.6814345991561181 0.6514891431924882 0.05316455696202531 0.04894514767932489
12 0.5962025316455696 0.4950007335680751 0.05316455696202531 0.07510548523206752
12 0.7784810126582279 0.49921875 0.05316455696202531 0.07510548523206752
12 0.30886075949367087 0.5388681044600938 0.054008438818565395 0.07510548523206752
12 0.13333333333333333 0.5405553110328638 0.054008438818565395 0.07510548523206752
14 0.22278481012658227 0.4713798415492958 0.021940928270042192 0.04472573839662447
