14 0.46924603174603174 0.5125615157480314 0.051587301587301584 0.023809523809523808
7 0.06349206349206349 0.5817462270341208 0.05555555555555556 0.057539682539682536
12 0.28075396825396826 0.49823039698162735 0.06349206349206349 0.08829365079365079
12 0.6607142857142857 0.45078945209973753 0.06349206349206349 0.08829365079365079
4 0.6775793650793651 0.5936064632545932 0.04365079365079365 0.023809523809523808
4 0.8472222222222221 0.5135498687664042 0.04365079365079365 0.023809523809523808
4 0.46726190476190477 0.5906414041994751 0.04365079365079365 0.023809523809523808
4 0.2986111111111111 0.5945948162729658 0.04365079365079365 0.023809523809523808
10 0.9474206349206348 0.3682619750656168 0.03571428571428571 0.01984126984126984
6 0.16319444444444445 0.4972420439632546 0.058531746031746025 0.038690476190476185
6 0.29563492063492064 0.38901738845144357 0.037698412698412696 0.057539682539682536
6 0.8501984126984127 0.43546998031496065 0.037698412698412696 0.057539682539682536
4 0.3978174603174603 0.3593667979002625 0.04365079365079365 0.023809523809523808
4 0.0625 0.6677329396325459 0.04365079365079365 0.023809523809523808
