0 0.38877005347593585 0.49358305509181977 0.06737967914438502 0.06951871657754011
0 0.11871657754010694 0.49090932804674453 0.06844919786096257 0.07058823529411765
2 0.3406417112299465 0.6834176752921536 0.06524064171122995 0.07058823529411765
2 0.16844919786096257 0.6823481844741235 0.06524064171122995 0.07058823529411765
5 0.6737967914438503 0.2347662771285476 0.03850267379679144 0.028877005347593583
5 0.8449197860962567 0.22995356844741238 0.03850267379679144 0.029946524064171122
5 0.2545454545454545 0.2331620409015025 0.03850267379679144 0.029946524064171122
2 0.8171122994652407 0.6235261894824708 0.06417112299465241 0.07058823529411765
8 0.260427807486631 0.3320899415692821 0.06737967914438502 0.06310160427807486
8 0.6754010695187166 0.3304857053422371 0.06737967914438502 0.06203208556149732
8 0.8454545454545455 0.3320899415692821 0.06737967914438502 0.06310160427807486
8 0.679144385026738 0.7026685100166945 0.06844919786096257 0.06203208556149732
10 0.9502673796791445 0.4743322203672788 0.02459893048128342 0.02032085561497326
10 0.5438502673796791 0.46363731218697823 0.02459893048128342 0.02032085561497326
10 0.5807486631016042 0.4652415484140233 0.023529411764705882 0.0213903743315508
10 0.4828877005347594 0.4957220367278798 0.02459893048128342 0.02032085561497326
10 0.028342245989304814 0.4957220367278798 0.02459893048128342 0.02032085561497326
10 0.03582887700534759 0.7727201585976627 0.02459893048128342 0.02032085561497326
10 0.9481283422459892 0.7705811769616027 0.02459893048128342 0.02032085561497326
14 0.7593582887700535 0.4374347871452421 0.027807486631016044 0.05561497326203209
0 0.6540106951871658 0.49786101836393987 0.06737967914438502 0.06951871657754011
