10 0.4979903536977492 0.5401357323232323 0.01527331189710611 0.012861736334405145
10 0.11294212218649517 0.5409380260942761 0.01527331189710611 0.012861736334405145
10 0.7021704180064309 0.5858664772727272 0.01527331189710611 0.012861736334405145
10 0.9264469453376206 0.5834595959595961 0.01527331189710611 0.012861736334405145
10 0.9393086816720257 0.4623132365319865 0.01527331189710611 0.012861736334405145
10 0.9867363344051447 0.4655224116161616 0.01527331189710611 0.012861736334405145
10 0.8536977491961416 0.702199074074074 0.01607717041800643 0.012861736334405145
10 0.2540192926045016 0.702199074074074 0.01607717041800643 0.012861736334405145
4 0.028536977491961414 0.5433449074074075 0.03295819935691317 0.01768488745980707
4 0.3042604501607717 0.5453506418350168 0.03295819935691317 0.01688102893890675
4 0.6772508038585209 0.6765256734006735 0.03295819935691317 0.01768488745980707
4 0.9031350482315113 0.6773279671717172 0.03295819935691317 0.01768488745980707
14 0.30265273311897106 0.4996198968855219 0.04260450160771704 0.024919614147909965
14 0.028938906752411574 0.4883877840909091 0.04340836012861737 0.024919614147909965
14 0.6768488745980707 0.6344052504208755 0.04340836012861737 0.024919614147909965
14 0.9047427652733118 0.6352075441919192 0.04260450160771704 0.024919614147909965
2 0.43287781350482313 0.5417403198653199 0.05064308681672025 0.05305466237942121
2 0.17443729903536978 0.5417403198653199 0.05144694533762058 0.05305466237942121
0 0.5956591639871383 0.49039351851851853 0.05466237942122186 0.05144694533762058
0 0.817524115755627 0.4907946654040404 0.05466237942122186 0.0522508038585209
9 0.4168006430868168 0.4234019886363637 0.026527331189710606 0.02009646302250804
9 0.8034565916398714 0.5465540824915825 0.026527331189710606 0.02090032154340836
8 0.4159967845659164 0.35600931186868684 0.04421221864951768 0.04742765273311897
8 0.19413183279742766 0.35721275252525253 0.04421221864951768 0.04823151125401929
8 0.305064308681672 0.64603851010101 0.04421221864951768 0.04823151125401929
8 0.5783762057877814 0.6332018097643097 0.04421221864951768 0.04823151125401929
8 0.8018488745980707 0.6344052504208755 0.04421221864951768 0.04742765273311897
5 0.4172025723472669 0.2998487478956229 0.022508038585209 0.01688102893890675
5 0.19654340836012862 0.29824416035353535 0.02331189710610932 0.01688102893890675
