4 0.13132022471910113 0.4691396508728179 0.05758426966292135 0.02949438202247191
10 0.09691011235955056 0.6087125935162094 0.02808988764044944 0.02247191011235955
10 0.985252808988764 0.33658042394014964 0.026685393258426966 0.02247191011235955
14 0.6453651685393258 0.5925810473815462 0.07443820224719101 0.04353932584269663
14 0.8932584269662922 0.4214463840399002 0.07584269662921347 0.04353932584269663
4 0.889747191011236 0.5049096009975063 0.05758426966292135 0.03089887640449438
4 0.6453651685393258 0.6837593516209476 0.05758426966292135 0.02949438202247191
4 0.3518258426966292 0.7581047381546134 0.05758426966292135 0.02949438202247191
2 0.32092696629213485 0.6129208229426434 0.08848314606741572 0.09269662921348314
0 0.3181179775280899 0.41302992518703247 0.09691011235955056 0.09129213483146068
