16 0.7346278317152104 0.637910447761194 0.12944983818770225 0.14023732470334413
14 0.7411003236245954 0.525858208955224 0.030204962243797196 0.05609492988133765
9 0.3112189859762675 0.3400023320895523 0.04207119741100324 0.03128371089536139
8 0.307982740021575 0.26727611940298507 0.06364617044228696 0.06472491909385114
10 0.4913700107874865 0.8081436567164179 0.020496224379719527 0.01725997842502697
0 0.17475728155339806 0.4612126865671642 0.07335490830636462 0.08629989212513485
2 0.21898597626752964 0.723027052238806 0.07335490830636462 0.07119741100323626
2 0.39859762675296656 0.7241044776119403 0.0744336569579288 0.07119741100323626
0 0.4466019417475728 0.45798041044776117 0.07335490830636462 0.08629989212513485
5 0.307982740021575 0.1961660447761194 0.02696871628910464 0.030204962243797196
10 0.05501618122977346 0.4644449626865672 0.01941747572815534 0.01725997842502697
10 0.05231930960086299 0.3405410447761194 0.020496224379719527 0.01725997842502697
10 0.9428263214670982 0.6368330223880597 0.01941747572815534 0.01725997842502697
10 0.12351672060409924 0.8081436567164179 0.020496224379719527 0.01725997842502697
