10 0.3221518987341772 0.9374344822109275 0.024050632911392405 0.020253164556962026
9 0.24683544303797472 0.48277775571791615 0.06329113924050633 0.04177215189873418
9 0.24430379746835446 0.6452906607369758 0.06329113924050633 0.043037974683544304
5 0.24936708860759493 0.07301759053367218 0.04050632911392405 0.036708860759493665
5 0.5594936708860759 0.06859116899618804 0.04050632911392405 0.03797468354430379
0 0.5348101265822784 0.17292824809402793 0.08481012658227848 0.08734177215189873
0 0.2759493670886076 0.18051639930114358 0.08354430379746836 0.08734177215189873
0 0.22341772151898734 0.30951496982210924 0.08481012658227848 0.08734177215189873
0 0.5360759493670886 0.3069855860864041 0.08481012658227848 0.08734177215189873
2 0.5316455696202531 0.5801590295425667 0.08354430379746836 0.08734177215189873
2 0.21835443037974683 0.5713061864675985 0.08481012658227848 0.08734177215189873
2 0.2221518987341772 0.7192751350063532 0.08481012658227848 0.08734177215189873
2 0.5829113924050633 0.7167457512706481 0.08481012658227848 0.08734177215189873
10 0.7379746835443038 0.7135840216010165 0.02278481012658228 0.020253164556962026
10 0.49177215189873424 0.9386991740787801 0.024050632911392405 0.020253164556962026
10 0.06962025316455696 0.7116869837992377 0.02278481012658228 0.021518987341772152
10 0.01708860759493671 0.5308360466963151 0.024050632911392405 0.021518987341772152
10 0.09430379746835443 0.532733084498094 0.024050632911392405 0.020253164556962026
10 0.020253164556962026 0.267147792249047 0.02278481012658228 0.020253164556962026
10 0.09873417721518987 0.2658831003811944 0.02278481012658228 0.020253164556962026
10 0.9487341772151898 0.4442046537484117 0.024050632911392405 0.020253164556962026
8 0.4075949367088608 0.852700127064803 0.07594936708860758 0.07594936708860758
14 0.8208860759493671 0.5213508576874206 0.07468354430379746 0.035443037974683546
4 0.8240506329113924 0.6149380559085134 0.05569620253164557 0.032911392405063286
