8 0.13596966413867823 0.5950960206280789 0.06392199349945829 0.06392199349945829
0 0.15872156013001085 0.20617014316502463 0.06392199349945829 0.06608884073672808
0 0.43824485373781147 0.20400342518472908 0.06392199349945829 0.06608884073672808
0 0.5985915492957746 0.42555033866995073 0.06392199349945829 0.06500541711809318
0 0.3179848320693391 0.42392530018472907 0.06392199349945829 0.06608884073672808
0 0.8282773564463707 0.20454510467980294 0.06392199349945829 0.06500541711809318
2 0.551462621885157 0.7955174338054187 0.06933911159263272 0.07692307692307693
2 0.8304442036836404 0.699098483682266 0.06825568797399784 0.07692307692307693
2 0.37486457204767065 0.7933507158251232 0.06933911159263272 0.07692307692307693
2 0.671180931744312 0.5566367764778325 0.06825568797399784 0.06717226435536294
10 0.9517876489707475 0.4136333897783251 0.020585048754062838 0.01733477789815818
10 0.9469122426868906 0.48946851908866995 0.01950162513542795 0.01733477789815818
10 0.6695557963163596 0.47809324969211825 0.01950162513542795 0.018418201516793065
10 0.20368364030335862 0.42230026169950746 0.01950162513542795 0.01733477789815818
10 0.20693391115926327 0.30963092672413794 0.01950162513542795 0.01733477789815818
10 0.06392199349945829 0.10812615455665024 0.01950162513542795 0.01733477789815818
10 0.9236186348862405 0.10812615455665024 0.020585048754062838 0.01733477789815818
14 0.781148429035753 0.5848041102216748 0.028169014084507043 0.056338028169014086
4 0.9479956663055255 0.5474282250615763 0.04983748645720477 0.029252437703141926
