2 0.5386702849389416 0.49864396411092987 0.08683853459972862 0.09633649932157395
2 0.5420624151967436 0.7345942088091354 0.08548168249660787 0.09633649932157395
2 0.886024423337856 0.5969565660685154 0.08683853459972862 0.08683853459972864
0 0.47964721845318864 0.2559135399673736 0.08005427408412483 0.08276797829036635
0 0.1322930800542741 0.25659155791190863 0.08005427408412483 0.0814111261872456
8 0.10515603799185888 0.6023807096247962 0.08005427408412483 0.0814111261872456
10 0.013568521031207597 0.13454832789559543 0.024423337856173677 0.02170963364993216
10 0.6004070556309362 0.13454832789559543 0.025780189959294438 0.02170963364993216
10 0.7706919945725916 0.629501427406199 0.024423337856173677 0.02170963364993216
10 0.985753052917232 0.6267893556280587 0.025780189959294438 0.02170963364993216
10 0.98236092265943 0.8518913132137029 0.024423337856173677 0.02170963364993216
