4 0.868975903614458 0.818175601750547 0.06927710843373494 0.042168674698795185
4 0.552710843373494 0.818175601750547 0.06927710843373494 0.042168674698795185
4 0.10015060240963855 0.8151668490153172 0.0707831325301205 0.042168674698795185
8 0.09789156626506024 0.7023386214442013 0.09036144578313253 0.09036144578313252
8 0.5640060240963856 0.34279266958424504 0.08885542168674698 0.09036144578313252
10 0.6046686746987951 0.22996444201312913 0.028614457831325303 0.024096385542168676
10 0.5015060240963856 0.2284600656455142 0.027108433734939756 0.024096385542168676
6 0.3516566265060241 0.45787746170678334 0.08885542168674698 0.06475903614457831
2 0.5233433734939759 0.588758205689278 0.09789156626506024 0.10391566265060241
14 0.871234939759036 0.5962800875273523 0.08283132530120482 0.04066265060240964
