2 0.5295 0.6814345991561181 0.0829817158931083 0.10267229254571027
2 0.7521547619047619 0.6814345991561181 0.08157524613220815 0.10267229254571027
6 0.22607142857142856 0.5921237693389592 0.06329113924050632 0.11533052039381153
0 0.26048809523809524 0.18917018284106893 0.08157524613220815 0.10267229254571027
0 0.5309047619047619 0.18917018284106893 0.0829817158931083 0.10267229254571027
2 0.2597857142857143 0.7538677918424754 0.08016877637130801 0.10126582278481014
4 0.3588214285714285 0.9781997187060478 0.08157524613220815 0.04360056258790436
10 0.1740952380952381 0.08579465541490858 0.01828410689170183 0.016877637130801683
10 0.8525952380952381 0.9198312236286921 0.01828410689170183 0.016877637130801683
10 0.16285714285714287 0.9170182841068917 0.01828410689170183 0.016877637130801683
10 0.7879761904761905 0.5330520393811533 0.01828410689170183 0.016877637130801683
10 0.6236190476190477 0.08438818565400844 0.01828410689170183 0.016877637130801683
