10 0.2165467990275527 0.9488272921108741 0.019189765458422176 0.017057569296375266
12 0.6302927471636953 0.8150319829424306 0.059701492537313425 0.10980810234541578
12 0.4664961507293355 0.8187633262260128 0.059701492537313425 0.11087420042643922
12 0.3973612236628849 0.4776119402985074 0.059701492537313425 0.11087420042643922
12 0.7036821312803889 0.47867803837953093 0.059701492537313425 0.11087420042643922
10 0.5872163695299838 0.31343283582089554 0.02025586353944563 0.017057569296375266
10 0.516486021069692 0.31236673773987206 0.019189765458422176 0.017057569296375266
6 0.6824098460291734 0.18017057569296374 0.04051172707889126 0.06396588486140725
6 0.41597447325769854 0.18017057569296374 0.039445628997867806 0.06396588486140725
6 0.3340761750405187 0.7158848614072495 0.0628997867803838 0.04584221748400853
10 0.7494175445705025 0.9466950959488273 0.019189765458422176 0.017057569296375266
10 0.2154831847649919 0.7132196162046909 0.019189765458422176 0.017057569296375266
10 0.21761041329011346 0.6124733475479744 0.019189765458422176 0.01812366737739872
10 0.2154831847649919 0.480277185501066 0.019189765458422176 0.01812366737739872
