12 0.8009153318077804 0.6856971153846153 0.06407322654462241 0.11899313501144164
12 0.3255148741418764 0.6828402366863905 0.06292906178489703 0.11784897025171623
10 0.04919908466819222 0.6845543639053255 0.020594965675057208 0.018306636155606407
10 0.05377574370709383 0.7931157544378699 0.020594965675057208 0.018306636155606407
10 0.04977116704805492 0.5085706360946747 0.021739130434782608 0.018306636155606407
10 0.04919908466819222 0.2925906065088758 0.020594965675057208 0.018306636155606407
10 0.2620137299771167 0.06404031065088758 0.020594965675057208 0.018306636155606407
10 0.8712814645308924 0.0634689349112426 0.021739130434782608 0.019450800915331808
12 0.23970251716247143 0.40343750000000006 0.06292906178489703 0.11899313501144164
8 0.5703661327231121 0.8725369822485207 0.06750572082379863 0.06750572082379862
4 0.5680778032036613 0.9616715976331361 0.053775743707093815 0.030892448512585814
12 0.669908466819222 0.40343750000000006 0.06292906178489703 0.11899313501144164
12 0.8964530892448511 0.4074371301775148 0.06292906178489703 0.11784897025171623
12 0.4559496567505721 0.4091512573964497 0.06292906178489703 0.11899313501144164
