12 0.6047445524146053 0.2655426765015806 0.059009483667017915 0.1095890410958904
12 0.4373638103651355 0.2708113804004215 0.059009483667017915 0.1095890410958904
12 0.2515606595995289 0.44678609062170704 0.05795574288724974 0.1095890410958904
12 0.8037065665488811 0.4546891464699684 0.059009483667017915 0.10853530031612224
12 0.8016011484098939 0.7128556375131717 0.059009483667017915 0.10853530031612224
12 0.20524146054181389 0.7170706006322445 0.05795574288724974 0.10853530031612224
4 0.5231595995288575 0.9857744994731295 0.04952581664910432 0.028451001053740776
4 0.8995030918727915 0.4214963119072708 0.04847207586933614 0.029504741833508957
4 0.6726442873969376 0.5700737618545838 0.04952581664910432 0.029504741833508957
4 0.37788574793875146 0.5679662802950474 0.04952581664910432 0.029504741833508957
8 0.6747497055359245 0.5094836670179136 0.06217070600632244 0.06217070600632244
8 0.37999116607773853 0.5147523709167545 0.06217070600632244 0.06217070600632244
6 0.8189708480565372 0.8319283456269758 0.03898840885142255 0.06217070600632244
6 0.23050647820965842 0.8361433087460485 0.03898840885142255 0.06217070600632244
6 0.2284010600706714 0.13593256059009484 0.03898840885142255 0.06322444678609063
6 0.8200235571260306 0.13382507903055849 0.03898840885142255 0.06322444678609063
10 0.9016085100117784 0.26765015806111697 0.018967334035827184 0.016859852476290828
10 0.9016085100117784 0.36880927291886195 0.018967334035827184 0.016859852476290828
10 0.11207670789163722 0.71390937829294 0.018967334035827184 0.01791359325605901
14 0.524212308598351 0.5974710221285564 0.03266596417281349 0.050579557428872504
13 0.3420936395759718 0.1380400421496312 0.04320337197049526 0.03793466807165437
13 0.7058046230859835 0.13487881981032665 0.04214963119072708 0.03793466807165437
