10 0.8967310549777118 0.12458578020134228 0.02823179791976226 0.0237741456166419
10 0.7072808320950966 0.1290373322147651 0.02674591381872214 0.0237741456166419
10 0.017830609212481426 0.12755348154362417 0.02674591381872214 0.0237741456166419
12 0.5044576523031203 0.36348573825503355 0.0787518573551263 0.14858841010401186
12 0.8707280832095098 0.36645343959731547 0.08023774145616643 0.14858841010401186
12 0.8722139673105499 0.7388999580536912 0.08023774145616643 0.14858841010401186
12 0.17830609212481427 0.5919987416107383 0.08023774145616643 0.14858841010401186
8 0.5282317979197623 0.7077390939597316 0.08766716196136701 0.08915304606240712
8 0.15230312035661217 0.2470034605704698 0.08766716196136701 0.08766716196136701
4 0.8952451708766717 0.9228974412751677 0.06983655274888559 0.038632986627043085
4 0.15601783060921248 0.833124475671141 0.06835066864784546 0.040118870728083206
4 0.525260029717682 0.8338664010067115 0.06983655274888559 0.041604754829123326
