0 0.2385948905109489 0.2392729824029126 0.04470802919708029 0.054744525547445244
15 0.7048357664233577 0.4194108388956311 0.11770072992700728 0.1450729927007299
0 0.4858576642335766 0.2397290276092233 0.04470802919708029 0.05383211678832116
0 0.10492700729927007 0.2392729824029126 0.04562043795620437 0.054744525547445244
11 0.07208029197080291 0.7432029353762136 0.038321167883211674 0.05565693430656933
11 0.4516423357664234 0.630103724211165 0.0364963503649635 0.057481751824817504
11 0.8895985401459854 0.7258732175364078 0.04014598540145985 0.05930656934306568
4 0.448448905109489 0.8581263273665047 0.046532846715328466 0.02645985401459854
11 0.20483576642335768 0.630103724211165 0.03923357664233577 0.057481751824817504
0 0.35264598540145986 0.2397290276092233 0.04470802919708029 0.05383211678832116
6 0.4666970802919709 0.5042352472694175 0.035583941605839414 0.06295620437956204
6 0.9037408759124087 0.583131067961165 0.035583941605839414 0.06386861313868612
11 0.3193430656934307 0.7432029353762136 0.038321167883211674 0.057481751824817504
0 0.8864051094890509 0.23881693719660194 0.046532846715328466 0.05565693430656933
5 0.3353102189781022 0.17633874393203883 0.022810218978102186 0.0218978102189781
5 0.4666970802919709 0.1767947891383495 0.022810218978102186 0.020985401459854013
5 0.9046532846715328 0.17542665351941747 0.022810218978102186 0.0218978102189781
5 0.21806569343065693 0.17770687955097086 0.023722627737226276 0.020985401459854013
10 0.9630474452554745 0.8211866656553397 0.011861313868613138 0.01094890510948905
5 0.08804744525547445 0.17861896996359222 0.022810218978102186 0.020985401459854013
