10 0.951937984496124 0.27847782258064513 0.024806201550387597 0.024806201550387597
7 0.1511627906976744 0.28157594086021503 0.09147286821705426 0.09302325581395349
7 0.6751937984496124 0.5410433467741936 0.09147286821705426 0.09147286821705428
7 0.19612403100775194 0.7470682123655914 0.09147286821705426 0.09147286821705428
6 0.2007751937984496 0.6223689516129032 0.06356589147286822 0.09302325581395349
6 0.4565891472868217 0.5456905241935484 0.09147286821705426 0.06666666666666667
8 0.27984496124031005 0.3559307795698925 0.09147286821705426 0.09302325581395349
4 0.9558139534883721 0.5085131048387097 0.07286821705426356 0.04186046511627907
4 0.19767441860465115 0.8423353494623654 0.07286821705426356 0.034108527131782945
10 0.03255813953488372 0.27847782258064513 0.024806201550387597 0.024806201550387597
