4 0.5154702970297029 0.5628215751262626 0.05816831683168318 0.03341584158415841
4 0.3589108910891089 0.5603515625 0.05693069306930694 0.03341584158415841
4 0.04950495049504951 0.6011067708333334 0.05693069306930694 0.03341584158415841
8 0.05321782178217822 0.4948962279040404 0.07425742574257425 0.07301980198019802
6 0.39542079207920794 0.6702671243686869 0.07301980198019802 0.05321782178217822
6 0.5129950495049505 0.4411734532828283 0.050742574257425746 0.07425742574257425
6 0.7116336633663366 0.5813466698232324 0.04950495049504951 0.07549504950495049
12 0.3347772277227723 0.39794823232323234 0.05816831683168318 0.11633663366336636
12 0.6918316831683168 0.34484296085858585 0.05940594059405942 0.11633663366336636
10 0.9251237623762376 0.29112018623737373 0.04579207920792079 0.02846534653465347
4 0.7122524752475248 0.7171973642676768 0.05816831683168318 0.03341584158415841
