11 0.5630517023959647 0.2830050825921219 0.0617906683480454 0.10592686002522067
12 0.5649432534678437 0.6706768186149936 0.06305170239596469 0.12484237074401008
12 0.7692307692307693 0.6662642947903431 0.06305170239596469 0.12610340479192939
6 0.7477931904161412 0.8723921934561627 0.05044136191677175 0.07692307692307693
6 0.5416141235813366 0.8723921934561627 0.05170239596469105 0.07692307692307693
6 0.5460277427490542 0.12478458545108004 0.05044136191677175 0.07692307692307693
6 0.7477931904161412 0.11911134053367219 0.05044136191677175 0.07566204287515763
6 0.22257250945775536 0.12604530654383733 0.05170239596469105 0.07692307692307693
10 0.05296343001261035 0.47085252541296063 0.025220680958385876 0.027742749054224462
10 0.3896595208070618 0.46896144377382465 0.025220680958385876 0.026481715006305168
10 0.8442622950819672 0.47715613087674713 0.023959646910466585 0.027742749054224462
10 0.648171500630517 0.47715613087674713 0.025220680958385876 0.027742749054224462
10 0.8348045397225725 0.6675250158831004 0.025220680958385876 0.027742749054224462
10 0.7843631778058008 0.9347978875476493 0.025220680958385876 0.027742749054224462
10 0.5094577553593947 0.9347978875476493 0.025220680958385876 0.027742749054224462
10 0.832282471626734 0.2842658036848793 0.025220680958385876 0.027742749054224462
10 0.78562421185372 0.06237889135959339 0.025220680958385876 0.027742749054224462
10 0.18663303909205547 0.0636396124523507 0.025220680958385876 0.027742749054224462
11 0.7698612862547288 0.28741760641677255 0.0617906683480454 0.10718789407313997
11 0.24653215636822196 0.2823747220457433 0.0617906683480454 0.10718789407313997
11 0.3234552332912989 0.46896144377382465 0.0617906683480454 0.10718789407313997
11 0.12295081967213115 0.47022216486658197 0.0617906683480454 0.10718789407313997
9 0.5485498108448928 0.7469504447268107 0.06557377049180327 0.04287515762925599
