4 0.22972972972972974 0.9246031746031746 0.07472178060413354 0.04133545310015898
10 0.0794912559618442 0.12063492063492062 0.03179650238473768 0.033386327503974564
10 0.7758346581875993 0.12142857142857141 0.03179650238473768 0.034976152623211444
10 0.9721780604133545 0.38650793650793647 0.030206677265500793 0.034976152623211444
10 0.030206677265500796 0.3904761904761905 0.03179650238473768 0.033386327503974564
12 0.6089030206677265 0.5404761904761906 0.08903020667726548 0.16216216216216214
2 0.18441971383147854 0.3888888888888889 0.10810810810810809 0.10969793322734497
6 0.6343402225755167 0.2515873015873016 0.06677265500794913 0.09538950715421303
6 0.636724960254372 0.7515873015873016 0.06836248012718601 0.09538950715421303
6 0.22972972972972974 0.7484126984126984 0.06836248012718601 0.09538950715421303
4 0.6351351351351351 0.923015873015873 0.07472178060413354 0.04133545310015898
