8 0.6080114449213162 0.6590902453271028 0.08583690987124463 0.08583690987124462
8 0.8962804005722461 0.5192026869158879 0.0844062947067239 0.08583690987124462
10 0.9871244635193133 0.39501679322429906 0.02575107296137339 0.031473533619456366
10 0.7153075822603719 0.22229848130841123 0.028612303290414875 0.031473533619456366
10 0.4892703862660944 0.22372590537383177 0.028612303290414875 0.031473533619456366
10 0.02145922746781116 0.3978716413551402 0.028612303290414875 0.031473533619456366
10 0.5650929899856938 0.7561550817757009 0.028612303290414875 0.031473533619456366
10 0.6409155937052933 0.7547276577102804 0.028612303290414875 0.031473533619456366
4 0.3111587982832618 0.634110324182243 0.06723891273247497 0.035765379113018594
12 0.47424892703862664 0.405008761682243 0.0786838340486409 0.1459227467811159
4 0.8977110157367669 0.6319691880841122 0.06723891273247497 0.03719599427753934
12 0.7424892703862661 0.40643618574766355 0.08011444921316166 0.1459227467811159
7 0.14449213161659513 0.39573050525700937 0.08583690987124463 0.08440629470672388
8 0.3111587982832618 0.5192026869158879 0.0844062947067239 0.08583690987124462
