10 0.4719188767550702 0.19291176470588237 0.0358814352574103 0.0327613104524181
7 0.0655226209048362 0.5148088235294118 0.093603744149766 0.093603744149766
6 0.24570982839313574 0.3854264705882353 0.09204368174726989 0.078003120124805
12 0.44383775351014043 0.3854264705882353 0.0858034321372855 0.15912636505460218
12 0.7464898595943837 0.3854264705882353 0.0858034321372855 0.15912636505460218
4 0.9134165366614665 0.6325 0.0733229329173167 0.0390015600624025
6 0.9110764430577223 0.5046764705882353 0.062402496099843996 0.0858034321372855
4 0.06318252730109204 0.6379558823529412 0.0733229329173167 0.0405616224648986
10 0.5538221528861155 0.7727941176470587 0.031201248049921998 0.0327613104524181
8 0.5998439937597504 0.6621176470588235 0.09204368174726989 0.09204368174726989
10 0.6458658346333853 0.772014705882353 0.031201248049921998 0.0343213728549142
10 0.7223088923556942 0.18901470588235295 0.031201248049921998 0.0343213728549142
