8 0.27138783269961975 0.5426363031914894 0.05988593155893536 0.057034220532319393
10 0.03802281368821293 0.4298869680851064 0.019011406844106463 0.02091254752851711
10 0.039923954372623575 0.6241190159574469 0.019011406844106463 0.02091254752851711
10 0.9714828897338403 0.6236452792553191 0.019011406844106463 0.019961977186311784
10 0.9667300380228137 0.434624335106383 0.019011406844106463 0.02091254752851711
8 0.4776615969581749 0.48626163563829794 0.05988593155893536 0.05798479087452472
8 0.6820342205323194 0.5360039893617021 0.05988593155893536 0.057034220532319393
6 0.12262357414448669 0.5378989361702128 0.03992395437262357 0.057034220532319393
6 0.8783269961977187 0.5397938829787234 0.03992395437262357 0.057034220532319393
6 0.47861216730038025 0.38914561170212764 0.05608365019011406 0.047528517110266164
4 0.47480988593155893 0.6662815824468085 0.04467680608365019 0.023764258555133082
