4 0.3937768240343348 0.65799724002849 0.045064377682403435 0.022532188841201718
10 0.9431330472103004 0.4536235754985755 0.02145922746781116 0.023605150214592273
7 0.6883047210300429 0.546423165954416 0.05901287553648069 0.05901287553648068
7 0.03701716738197425 0.5485688212250712 0.05901287553648069 0.05901287553648068
6 0.21030042918454933 0.4568420584045584 0.06008583690987125 0.04077253218884121
6 0.5493562231759657 0.37530715811965815 0.06008583690987125 0.04077253218884121
4 0.6877682403433476 0.6601428952991453 0.045064377682403435 0.022532188841201718
4 0.9506437768240342 0.65799724002849 0.045064377682403435 0.022532188841201718
4 0.03755364806866953 0.6590700676638177 0.045064377682403435 0.022532188841201718
10 0.3905579399141631 0.4552328169515669 0.012875536480686695 0.013948497854077252
10 0.3937768240343348 0.6247395833333333 0.012875536480686695 0.013948497854077252
10 0.9474248927038627 0.6247395833333333 0.012875536480686695 0.013948497854077252
