10 0.9040632054176072 0.5185851648351648 0.022573363431151242 0.022573363431151242
4 0.39334085778781036 0.3158379120879121 0.05304740406320542 0.027088036117381493
4 0.8194130925507901 0.3406181318681319 0.05191873589164786 0.027088036117381493
4 0.9001128668171556 0.5653296703296704 0.05304740406320542 0.02595936794582393
4 0.6879232505643341 0.7078159340659341 0.05304740406320542 0.027088036117381493
4 0.2737020316027088 0.7371016483516484 0.05304740406320542 0.027088036117381493
4 0.11230248306997744 0.605879120879121 0.05304740406320542 0.02595936794582393
10 0.11399548532731377 0.5568818681318681 0.022573363431151242 0.022573363431151242
10 0.11399548532731377 0.4791620879120879 0.022573363431151242 0.022573363431151242
10 0.11286681715575622 0.34962912087912085 0.022573363431151242 0.022573363431151242
10 0.11286681715575622 0.2724725274725275 0.022573363431151242 0.023702031602708805
0 0.2466139954853273 0.3479395604395604 0.07110609480812641 0.07336343115124154
0 0.24774266365688485 0.48197802197802203 0.07110609480812641 0.07336343115124154
2 0.6630925507900677 0.6075686813186814 0.07110609480812641 0.07223476297968398
6 0.2748306997742664 0.6492445054945055 0.04853273137697517 0.06772009029345373
6 0.6890519187358917 0.3625824175824176 0.04853273137697517 0.06884875846501129
14 0.5869074492099323 0.5067582417582417 0.03160270880361174 0.06433408577878104
10 0.8967268623024831 0.4391758241758241 0.02144469525959368 0.023702031602708805
