10 0.5189338235294118 0.27631578947368424 0.023923444976076555 0.023923444976076555
5 0.6491727941176471 0.061004784688995214 0.03588516746411484 0.03588516746411483
5 0.3504595588235294 0.06339712918660287 0.03588516746411484 0.03588516746411483
9 0.3492647058823529 0.22308612440191392 0.045454545454545456 0.03229665071770335
10 0.11925551470588236 0.13995215311004786 0.022727272727272728 0.023923444976076555
10 0.1724264705882353 0.13636363636363635 0.023923444976076555 0.023923444976076555
2 0.4633731617647059 0.8403110047846891 0.07535885167464115 0.07775119617224881
2 0.3134191176470588 0.6692583732057417 0.07655502392344497 0.07775119617224881
2 0.3892922794117647 0.5394736842105263 0.07535885167464115 0.07655502392344497
2 0.6897977941176471 0.6656698564593302 0.07655502392344497 0.07775119617224881
2 0.6127297794117648 0.5370813397129187 0.07535885167464115 0.07655502392344497
0 0.6115349264705883 0.16686602870813397 0.07535885167464115 0.07775119617224881
0 0.31162683823529413 0.1674641148325359 0.07535885167464115 0.07655502392344497
0 0.38988970588235294 0.31638755980861244 0.07655502392344497 0.07775119617224881
0 0.6115349264705883 0.31519138755980863 0.07535885167464115 0.07775119617224881
10 0.47472426470588236 0.2769138755980861 0.023923444976076555 0.025119617224880382
10 0.46875 0.4958133971291866 0.023923444976076555 0.025119617224880382
10 0.5267003676470587 0.4958133971291866 0.022727272727272728 0.025119617224880382
10 0.5219209558823529 0.9431818181818181 0.022727272727272728 0.025119617224880382
10 0.4717371323529411 0.9461722488038278 0.022727272727272728 0.023923444976076555
10 0.3839154411764706 0.8361244019138756 0.023923444976076555 0.023923444976076555
10 0.23814338235294122 0.6626794258373205 0.023923444976076555 0.023923444976076555
10 0.7579044117647059 0.6626794258373205 0.023923444976076555 0.023923444976076555
10 0.8481158088235293 0.42344497607655496 0.022727272727272728 0.023923444976076555
10 0.14375 0.4276315789473684 0.023923444976076555 0.025119617224880382
