10 0.5236588332664527 0.7884969325153375 0.01524879614767255 0.016853932584269662
9 0.3605913924558587 0.4635371932515337 0.0304975922953451 0.02086677367576244
14 0.2652350020064206 0.46754409509202455 0.02247191011235955 0.04494382022471911
14 0.28406588583467096 0.5560966257668711 0.04414125200642054 0.04735152487961476
14 0.7167755567817015 0.560103527607362 0.04414125200642054 0.04735152487961476
14 0.7420169542536116 0.49479102760736193 0.02247191011235955 0.04494382022471911
8 0.6378461075441413 0.2607879601226994 0.04815409309791332 0.04654895666131621
8 0.3645979634831461 0.2627914110429448 0.04815409309791332 0.04735152487961476
2 0.3786209620786517 0.4166564417177915 0.05056179775280898 0.0521669341894061
9 0.6418526785714287 0.4931882668711657 0.0304975922953451 0.02086677367576244
2 0.621819823434992 0.4142523006134969 0.05136436597110754 0.0521669341894061
2 0.3425618228330658 0.6362346625766871 0.05056179775280898 0.0521669341894061
2 0.6590809339887641 0.6350325920245399 0.05056179775280898 0.05136436597110754
5 0.3585881069422151 0.21270513803680982 0.023274478330658106 0.024077046548956663
5 0.6394487359550561 0.21591065950920246 0.02407704654895666 0.024077046548956663
8 0.5032253210272873 0.7324003067484662 0.04815409309791332 0.04735152487961476
10 0.41748470104333874 0.3168845858895706 0.016051364365971103 0.016051364365971106
10 0.5825554273675764 0.3168845858895706 0.016051364365971103 0.016051364365971106
10 0.5272647471910112 0.3733819018404908 0.016051364365971103 0.016853932584269662
10 0.4751793238362761 0.3713784509202454 0.016051364365971103 0.016051364365971106
10 0.8858528541332265 0.635433282208589 0.01524879614767255 0.016853932584269662
10 0.11298530296950242 0.635433282208589 0.016051364365971103 0.016853932584269662
10 0.4775832664526485 0.786493481595092 0.016051364365971103 0.016051364365971106
