4 0.25989304812834224 0.7836183286516853 0.04919786096256684 0.023529411764705882
10 0.0748663101604278 0.6104125702247191 0.0213903743315508 0.0213903743315508
10 0.6203208556149733 0.6531794241573035 0.0213903743315508 0.0213903743315508
10 0.6235294117647059 0.8130205407303371 0.0213903743315508 0.02245989304812834
10 0.9187165775401069 0.552142731741573 0.0213903743315508 0.02245989304812834
10 0.6203208556149733 0.17312148876404493 0.0213903743315508 0.0213903743315508
10 0.6245989304812835 0.40566625702247183 0.0213903743315508 0.02245989304812834
0 0.6935828877005348 0.178467345505618 0.08877005347593583 0.0855614973262032
0 0.6903743315508022 0.409408356741573 0.08877005347593583 0.0855614973262032
2 0.6935828877005348 0.6515756671348314 0.08877005347593583 0.08663101604278074
2 0.6925133689839572 0.8114167837078652 0.08877005347593583 0.0855614973262032
2 0.2229946524064171 0.6093433988764045 0.08877005347593583 0.0855614973262032
4 0.725668449197861 0.9594970154494382 0.05026737967914439 0.02459893048128342
4 0.8481283422459892 0.7419206460674157 0.04919786096256684 0.023529411764705882
14 0.8497326203208557 0.6467643960674156 0.052406417112299465 0.02566844919786096
5 0.7229946524064171 0.07903441011235955 0.02566844919786096 0.0213903743315508
