10 0.3735810113519092 0.4912363138686132 0.02063983488132095 0.02063983488132095
17 0.8194014447884417 0.7376505474452555 0.0392156862745098 0.0412796697626419
17 0.47368421052631576 0.7381660583941605 0.0392156862745098 0.04231166150670795
17 0.3188854489164087 0.5206204379562044 0.0392156862745098 0.04231166150670795
17 0.31991744066047473 0.4587591240875913 0.0392156862745098 0.04231166150670795
14 0.3622291021671827 0.429375 0.02063983488132095 0.05159958720330236
14 0.36119711042311664 0.5747490875912409 0.02063983488132095 0.05159958720330236
14 0.6382868937048504 0.6866149635036496 0.0196078431372549 0.050567595459236316
14 0.6388028895768834 0.31544708029197077 0.02063983488132095 0.050567595459236316
14 0.9081527347781219 0.33812956204379563 0.05159958720330238 0.034055727554179564
14 0.9009287925696594 0.651044708029197 0.05159958720330238 0.03508771929824561
4 0.9060887512899896 0.7129060218978103 0.08668730650154799 0.030959752321981428
4 0.9540763673890609 0.2829698905109489 0.056759545923632616 0.02889576883384933
20 0.6898864809081527 0.5025775547445256 0.25077399380804954 0.2848297213622291
10 0.06656346749226007 0.4221578467153284 0.0196078431372549 0.02063983488132095
10 0.06656346749226007 0.5737180656934306 0.0196078431372549 0.02063983488132095
10 0.4649122807017544 0.8005428832116788 0.0196078431372549 0.02063983488132095
10 0.8106295149638802 0.8000273722627738 0.0196078431372549 0.021671826625386997
10 0.9380804953560371 0.5732025547445255 0.02063983488132095 0.021671826625386997
10 0.9422084623323015 0.42628193430656935 0.02063983488132095 0.02063983488132095
10 0.8142414860681114 0.2071897810218978 0.02063983488132095 0.021671826625386997
10 0.4685242518059855 0.20822080291970804 0.02063983488132095 0.021671826625386997
10 0.8627450980392158 0.4994844890510949 0.02063983488132095 0.02063983488132095
17 0.22807017543859648 0.41700273722627734 0.05366357069143447 0.03715170278637771
17 0.22291021671826625 0.5675319343065693 0.05366357069143447 0.03715170278637771
17 0.47058823529411764 0.2577098540145985 0.0392156862745098 0.04231166150670795
17 0.8183694530443757 0.2566788321167883 0.0392156862745098 0.04231166150670795
17 0.8194014447884417 0.3690602189781022 0.0392156862745098 0.04231166150670795
17 0.8173374613003096 0.6237226277372263 0.0392156862745098 0.04231166150670795
