14 0.4587750294464075 0.7144467733739838 0.029446407538280327 0.05771495877502945
4 0.7467608951707891 0.7173844004065041 0.09893992932862192 0.0353356890459364
4 0.7962308598351001 0.3084667174796748 0.06831566548881036 0.0353356890459364
14 0.7432273262661955 0.3701568851626016 0.058892815076560655 0.03415783274440518
14 0.7455830388692579 0.6551067073170731 0.058892815076560655 0.03297997644287397
14 0.2862190812720848 0.5464145071138212 0.058892815076560655 0.03415783274440518
14 0.2838633686690224 0.46709857723577236 0.058892815076560655 0.03297997644287397
14 0.14664310954063603 0.42068407012195125 0.029446407538280327 0.05771495877502945
14 0.14664310954063603 0.5869537601626016 0.029446407538280327 0.05653710247349823
14 0.46054181389870436 0.2896659044715447 0.028268551236749116 0.05653710247349823
20 0.5176678445229682 0.509400406504065 0.2862190812720848 0.3250883392226148
10 0.0624263839811543 0.5840161331300813 0.023557126030624265 0.02473498233215548
10 0.06007067137809187 0.41950901930894313 0.023557126030624265 0.02473498233215548
