10 0.1920391061452514 0.7480227835903084 0.026536312849162007 0.029329608938547486
10 0.797486033519553 0.7466289234581498 0.027932960893854747 0.029329608938547486
5 0.28980446927374304 0.2580809471365639 0.05167597765363128 0.04189944134078212
5 0.7032122905027933 0.25389936674008806 0.05167597765363128 0.04189944134078212
0 0.3128491620111732 0.3793467786343613 0.09217877094972067 0.09776536312849161
0 0.6675977653631285 0.37516519823788547 0.09217877094972067 0.09776536312849161
2 0.7332402234636871 0.6260600220264317 0.09217877094972067 0.09776536312849161
2 0.2430167597765363 0.6274538821585903 0.09217877094972067 0.09776536312849161
10 0.08030726256983241 0.5034003303964758 0.026536312849162007 0.027932960893854747
10 0.44134078212290506 0.4720384774229075 0.027932960893854747 0.029329608938547486
10 0.5293296089385475 0.4643722466960353 0.027932960893854747 0.027932960893854747
10 0.9036312849162013 0.5020064702643172 0.027932960893854747 0.027932960893854747
10 0.9029329608938548 0.621878441629956 0.026536312849162007 0.027932960893854747
10 0.08170391061452514 0.626756952092511 0.026536312849162007 0.029329608938547486
