9 0.5048491379310345 0.5740032783417937 0.044181034482758626 0.034482758620689655
10 0.42403017241379304 0.6509398794416243 0.020474137931034482 0.02262931034482759
10 0.05711206896551725 0.7671518083756346 0.021551724137931036 0.02262931034482759
10 0.06896551724137931 0.4717798223350254 0.021551724137931036 0.021551724137931036
2 0.15625 0.6945193527918782 0.07112068965517242 0.07543103448275863
5 0.12984913793103448 0.2415080372250423 0.03987068965517242 0.032327586206896554
2 0.4849137931034483 0.6891391708967851 0.07112068965517242 0.07543103448275863
2 0.8609913793103449 0.6902152072758037 0.07112068965517242 0.07543103448275863
5 0.8798491379310345 0.23827992808798645 0.03987068965517242 0.032327586206896554
2 0.6411637931034483 0.472855858714044 0.07112068965517242 0.07543103448275863
2 0.3739224137931034 0.47500793147208126 0.07112068965517242 0.07543103448275863
0 0.3706896551724138 0.31575454737732656 0.07112068965517242 0.07543103448275863
0 0.15786637931034483 0.31467851099830796 0.07004310344827587 0.07543103448275863
0 0.6449353448275862 0.3179066201353638 0.07004310344827587 0.07543103448275863
5 0.6223060344827587 0.2425840736040609 0.03987068965517242 0.032327586206896554
0 0.8566810344827587 0.3189826565143824 0.07112068965517242 0.07543103448275863
10 0.9547413793103449 0.7676898265651438 0.021551724137931036 0.021551724137931036
10 0.9461206896551724 0.47662198604060907 0.021551724137931036 0.02262931034482759
10 0.804956896551724 0.6530919521996615 0.021551724137931036 0.02262931034482759
10 0.7359913793103449 0.6530919521996615 0.021551724137931036 0.02262931034482759
10 0.7252155172413793 0.4733938769035532 0.021551724137931036 0.02262931034482759
10 0.28879310344827586 0.4717798223350254 0.021551724137931036 0.021551724137931036
5 0.39816810344827586 0.2425840736040609 0.03987068965517242 0.032327586206896554
10 0.3609913793103448 0.6514778976311337 0.021551724137931036 0.021551724137931036
