0 0.2295751633986928 0.4780123013447433 0.05392156862745099 0.0669934640522876
0 0.3341503267973856 0.31896393643031784 0.05392156862745099 0.06535947712418301
0 0.6887254901960784 0.27002597799511 0.05392156862745099 0.06535947712418301
0 0.8472222222222221 0.2692103453545232 0.05392156862745099 0.0669934640522876
10 0.02287581699346405 0.27165724327628366 0.009803921568627453 0.009803921568627453
2 0.8480392156862745 0.5620224633251834 0.05228758169934641 0.06535947712418301
2 0.690359477124183 0.5628380959657703 0.05392156862745099 0.0669934640522876
2 0.45016339869281047 0.6264574419315403 0.05392156862745099 0.0669934640522876
2 0.2647058823529412 0.6272730745721271 0.05228758169934641 0.06535947712418301
10 0.4616013071895425 0.5603911980440097 0.008169934640522876 0.009803921568627453
4 0.3611111111111111 0.8132373166259168 0.03594771241830065 0.026143790849673203
5 0.6086601307189542 0.1941721424205379 0.03431372549019608 0.011437908496732027
10 0.9852941176470589 0.451096424205379 0.009803921568627453 0.009803921568627453
10 0.016339869281045753 0.7936621332518337 0.009803921568627453 0.009803921568627453
10 0.10375816993464053 0.47882793398533 0.011437908496732025 0.009803921568627453
10 0.6053921568627451 0.47882793398533 0.011437908496732025 0.009803921568627453
0 0.4893790849673202 0.48045919926650366 0.05392156862745099 0.06535947712418301
