0 0.5677083333333334 0.4417604501607717 0.09791666666666667 0.08958333333333332
4 0.8458333333333334 0.8067976286173634 0.05833333333333333 0.03333333333333333
4 0.6791666666666667 0.8067976286173634 0.05833333333333333 0.03333333333333333
4 0.6083333333333333 0.8067976286173634 0.05833333333333333 0.03333333333333333
6 0.8427083333333332 0.653918810289389 0.03958333333333333 0.08541666666666665
6 0.609375 0.698638464630225 0.03958333333333333 0.08333333333333333
6 0.6802083333333333 0.6060791800643087 0.03958333333333333 0.08541666666666665
6 0.6072916666666667 0.5852793408360129 0.03958333333333333 0.08541666666666665
5 0.609375 0.24104200160771705 0.11041666666666665 0.029166666666666664
10 0.10729166666666665 0.4064007234726688 0.022916666666666665 0.022916666666666665
10 0.884375 0.5239198151125402 0.02708333333333333 0.025
14 0.6791666666666667 0.709038384244373 0.05833333333333333 0.025
