6 0.7294661190965093 0.6448368944241316 0.0297741273100616 0.0646817248459959
2 0.46611909650924027 0.6694484117915904 0.04722792607802875 0.0646817248459959
2 0.2535934291581109 0.6709866316270567 0.04722792607802875 0.06365503080082136
8 0.2371663244353183 0.4858875114259599 0.0595482546201232 0.05852156057494866
7 0.13860369609856263 0.3741102033820841 0.06160164271047228 0.06057494866529774
14 0.8767967145790554 0.645349634369287 0.0595482546201232 0.02464065708418891
4 0.48408624229979463 0.7540505027422303 0.05852156057494866 0.03080082135523614
2 0.601129363449692 0.49921875 0.04620123203285421 0.0646817248459959
10 0.6812114989733059 0.4981932701096892 0.007186858316221766 0.007186858316221766
2 0.3701232032854209 0.49768053016453384 0.04620123203285421 0.06365503080082136
0 0.7073921971252567 0.3253999085923217 0.055441478439425054 0.06365503080082136
0 0.5616016427104723 0.32796360831809873 0.055441478439425054 0.0646817248459959
0 0.4070841889117044 0.3253999085923217 0.054414784394250515 0.06365503080082136
