0 0.4596273291925465 0.28303640965732085 0.09109730848861283 0.10351966873706005
2 0.31573498964803315 0.6864388629283489 0.09316770186335403 0.10351966873706005
2 0.07246376811594203 0.6864388629283489 0.09109730848861283 0.10351966873706005
2 0.17805383022774326 0.5250778816199377 0.09109730848861283 0.10351966873706005
2 0.5144927536231884 0.5250778816199377 0.09316770186335403 0.10351966873706005
2 0.7743271221532091 0.6285144080996885 0.09109730848861283 0.10351966873706005
0 0.782608695652174 0.373026187694704 0.09523809523809523 0.10559006211180125
0 0.2360248447204969 0.27993331386292836 0.09109730848861283 0.10559006211180125
5 0.043478260869565216 0.45267231308411215 0.06211180124223602 0.016563146997929608
14 0.7432712215320911 0.4816345404984424 0.041407867494824016 0.07867494824016563
14 0.9327122153209111 0.5374902647975077 0.08074534161490683 0.04554865424430641
8 0.043478260869565216 0.5571432048286604 0.08695652173913043 0.09316770186335402
5 0.34782608695652173 0.17546242211838006 0.06211180124223602 0.016563146997929608
4 0.35507246376811596 0.5654181269470404 0.08074534161490683 0.03105590062111801
6 0.6480331262939959 0.48060017523364484 0.09109730848861283 0.04761904761904761
4 0.9347826086956521 0.6398924260124611 0.08074534161490683 0.04761904761904761
4 0.3778467908902691 0.8095283294392523 0.08074534161490683 0.04347826086956521
10 0.16770186335403728 0.21787139797507787 0.012422360248447204 0.014492753623188406
10 0.9730848861283643 0.4795658099688474 0.024844720496894408 0.024844720496894408
10 0.5942028985507246 0.5271466121495327 0.024844720496894408 0.024844720496894408
10 0.10144927536231885 0.5261122468847352 0.024844720496894408 0.02691511387163561
