10 0.15138355446927373 0.3948919449901768 0.005893909626719057 0.01571709233791748
4 0.6001658519553073 0.8772102161100197 0.07858546168958742 0.04911591355599214
4 0.4558091829608939 0.8791748526522593 0.0805500982318271 0.04911591355599214
4 0.31047049581005587 0.906679764243615 0.0805500982318271 0.04911591355599214
6 0.5991838337988826 0.6827111984282908 0.060903732809430254 0.11591355599214145
6 0.30850645949720673 0.768172888015717 0.060903732809430254 0.11787819253438114
6 0.31047049581005587 0.5667976424361493 0.05697445972495089 0.11984282907662083
2 0.28002793296089384 0.39096267190569745 0.11394891944990178 0.13752455795677798
10 0.15138355446927373 0.6552062868369352 0.005893909626719057 0.009823182711198428
14 0.45286312849162014 0.668958742632613 0.07858546168958742 0.0412573673870334
5 0.31047049581005587 0.13654223968565815 0.06876227897838899 0.021611001964636542
