10 0.4649305555555555 0.058614143331751314 0.013289036544850499 0.013763644992880871
10 0.2554617117117117 0.2807308970099668 0.013289036544850499 0.013763644992880871
10 0.24171828078078078 0.35263407688656856 0.013289036544850499 0.013289036544850497
10 0.4644566441441441 0.35287138111058375 0.013289036544850499 0.013763644992880871
10 0.255224756006006 0.5754627432368297 0.012814428096820124 0.013763644992880871
10 0.24171828078078078 0.6495016611295681 0.013289036544850499 0.013763644992880871
10 0.4639827327327327 0.649264356905553 0.013289036544850499 0.013289036544850497
10 0.2554617117117117 0.8718557190317988 0.013289036544850499 0.013289036544850497
10 0.5611345720720721 0.05885144755576649 0.013289036544850499 0.013289036544850497
10 0.7838729354354355 0.05885144755576649 0.013289036544850499 0.013289036544850497
10 0.5744040915915916 0.28120550545799716 0.013289036544850499 0.013763644992880871
10 0.5611345720720721 0.35287138111058375 0.013289036544850499 0.013763644992880871
10 0.7833990240240241 0.35263407688656856 0.013289036544850499 0.013289036544850497
10 0.5744040915915916 0.5754627432368297 0.013289036544850499 0.013763644992880871
10 0.5611345720720721 0.649264356905553 0.013289036544850499 0.013289036544850497
10 0.7833990240240241 0.6487897484575226 0.013289036544850499 0.013289036544850497
10 0.5744040915915916 0.8718557190317988 0.013289036544850499 0.013289036544850497
14 0.35427224099099097 0.05695301376364499 0.02135738016136687 0.049359278595159
14 0.3537983295795796 0.648077835785477 0.02135738016136687 0.04888467014712862
14 0.36659393768768767 0.1212624584717608 0.02135738016136687 0.04888467014712862
14 0.3803373686186186 0.1815377313716184 0.02135738016136687 0.04888467014712862
14 0.6864841403903903 0.12411010915994306 0.02135738016136687 0.04888467014712862
14 0.6741624436936937 0.05885144755576649 0.02135738016136687 0.049359278595159
14 0.6973841028528529 0.1839107736117703 0.02135738016136687 0.04888467014712862
14 0.6717928866366367 0.35144755576649267 0.02135738016136687 0.04888467014712862
14 0.3537983295795796 0.351922164214523 0.02135738016136687 0.04888467014712862
14 0.36564611486486487 0.4171808258186996 0.02135738016136687 0.049359278595159
14 0.37938954579579576 0.47698149027052683 0.02135738016136687 0.049359278595159
14 0.6855363175675676 0.4174181300427148 0.02135738016136687 0.04888467014712862
14 0.6988058370870871 0.4781680113906027 0.02135738016136687 0.04888467014712862
14 0.6720298423423423 0.6504508780256288 0.020882771713336495 0.04888467014712862
14 0.6864841403903903 0.7126245847176079 0.02135738016136687 0.04888467014712862
14 0.69809496996997 0.7750355956336022 0.020882771713336495 0.049359278595159
14 0.3803373686186186 0.7728998576174656 0.02135738016136687 0.04888467014712862
14 0.36706784909909906 0.7128618889416232 0.02135738016136687 0.049359278595159
14 0.2526182432432432 0.20218319886093972 0.05220692928334124 0.0246796392975795
14 0.3170701951951952 0.22899857617465588 0.05220692928334124 0.02420503084954912
14 0.4495284346846846 0.22899857617465588 0.05173232083531086 0.02420503084954912
14 0.5715606231231231 0.20336971998101566 0.05220692928334124 0.02420503084954912
14 0.6390929992492492 0.23018509729473186 0.05173232083531086 0.0246796392975795
14 0.7722621058558559 0.23113431419079258 0.05173232083531086 0.0246796392975795
14 0.2564095345345345 0.496203132415757 0.05220692928334124 0.02420503084954912
14 0.32275713213213214 0.5220692928334124 0.05220692928334124 0.0246796392975795
14 0.44976539039039043 0.522781205505458 0.05220692928334124 0.02420503084954912
14 0.5720345345345346 0.4952539155196963 0.05220692928334124 0.02420503084954912
14 0.6390929992492492 0.5246796392975795 0.05173232083531086 0.02420503084954912
14 0.7694186373873875 0.522781205505458 0.05173232083531086 0.02420503084954912
14 0.5710867117117117 0.7925961082107261 0.05220692928334124 0.0246796392975795
14 0.6364864864864865 0.8186995728523968 0.05220692928334124 0.0246796392975795
14 0.7691816816816817 0.8191741813004272 0.05220692928334124 0.0246796392975795
14 0.449291478978979 0.8213099193165638 0.05220692928334124 0.02420503084954912
14 0.3206245307807808 0.8196487897484575 0.05173232083531086 0.0246796392975795
14 0.2547508445945946 0.7930707166587565 0.05173232083531086 0.0246796392975795
10 0.2421921921921922 0.058614143331751314 0.013289036544850499 0.013763644992880871
