4 0.16071428571428573 0.7737499999999999 0.046992481203007516 0.03571428571428571
10 0.3148496240601504 0.5178125 0.009398496240601503 0.011278195488721806
10 0.6832706766917294 0.5178125 0.009398496240601503 0.015037593984962405
0 0.4078947368421052 0.3471875 0.07142857142857142 0.07142857142857142
5 0.8364661654135338 0.250625 0.03759398496240601 0.016917293233082706
5 0.6080827067669173 0.250625 0.03571428571428571 0.016917293233082706
5 0.37875939849624063 0.250625 0.03571428571428571 0.016917293233082706
5 0.16071428571428573 0.2525 0.03571428571428571 0.016917293233082706
0 0.8092105263157896 0.3959375 0.06954887218045112 0.06390977443609022
2 0.8157894736842104 0.7015625 0.05263157894736842 0.06390977443609022
2 0.5272556390977443 0.7015625 0.05451127819548872 0.06390977443609022
2 0.18045112781954886 0.7025 0.05263157894736842 0.06578947368421052
0 0.19266917293233082 0.395 0.06954887218045112 0.06954887218045112
0 0.581766917293233 0.348125 0.06954887218045112 0.06954887218045112
2 0.6268796992481203 0.5159375 0.05075187969924812 0.07142857142857142
2 0.3599624060150376 0.515 0.05075187969924812 0.06954887218045112
4 0.05451127819548872 0.6837500000000001 0.05639097744360901 0.03571428571428571
14 0.05639097744360901 0.6059375 0.04887218045112782 0.03007518796992481
14 0.21522556390977443 0.5431250000000001 0.020676691729323307 0.05827067669172932
14 0.9426691729323309 0.6068749999999999 0.05451127819548872 0.03195488721804511
14 0.7828947368421053 0.5403125 0.020676691729323307 0.05639097744360901
4 0.506578947368421 0.7746875 0.05075187969924812 0.03759398496240601
4 0.8355263157894737 0.7737499999999999 0.05075187969924812 0.039473684210526314
4 0.9426691729323309 0.6828125 0.05075187969924812 0.03759398496240601
6 0.7396616541353384 0.4643750000000001 0.028195488721804506 0.07706766917293233
6 0.25845864661654133 0.46624999999999994 0.028195488721804506 0.07706766917293233
