2 0.5933333333333334 0.5030290307101728 0.037575757575757575 0.05575757575757576
5 0.49393939393939396 0.22375239923224566 0.030303030303030304 0.010909090909090908
0 0.16545454545454547 0.44063099808061423 0.037575757575757575 0.05696969696969697
0 0.4212121212121212 0.30735364683301347 0.037575757575757575 0.05696969696969697
0 0.5654545454545454 0.3067478406909789 0.037575757575757575 0.05575757575757576
4 0.06666666666666667 0.7423224568138196 0.03393939393939394 0.023030303030303033
2 0.8212121212121211 0.6490283109404991 0.037575757575757575 0.05696969696969697
4 0.4945454545454545 0.7774592130518234 0.03393939393939394 0.023030303030303033
2 0.42363636363636364 0.3933781190019194 0.037575757575757575 0.05696969696969697
0 0.8212121212121211 0.44123680422264877 0.037575757575757575 0.05575757575757576
2 0.5666666666666667 0.3897432821497121 0.037575757575757575 0.05696969696969697
2 0.16545454545454547 0.6472108925143953 0.037575757575757575 0.05575757575757576
10 0.3593939393939394 0.5024232245681383 0.0036363636363636364 0.006060606060606061
10 0.6290909090909091 0.5012116122840691 0.0048484848484848485 0.006060606060606061
4 0.9327272727272728 0.7411108445297505 0.03272727272727273 0.023030303030303033
14 0.769090909090909 0.537559980806142 0.020606060606060607 0.03515151515151515
14 0.22000000000000003 0.549676103646833 0.020606060606060607 0.03515151515151515
14 0.9327272727272728 0.6562979846449136 0.03515151515151514 0.025454545454545452
14 0.06727272727272728 0.6569037907869482 0.03515151515151514 0.024242424242424242
2 0.5072727272727273 0.6472108925143953 0.037575757575757575 0.05575757575757576
2 0.39575757575757575 0.5024232245681383 0.037575757575757575 0.05696969696969697
