2 0.4361822070765662 0.44649122807017544 0.047368421052631574 0.06842105263157894
0 0.266333744199536 0.09824561403508772 0.050877192982456146 0.08421052631578947
0 0.5893960266821345 0.3201754385964912 0.05263157894736842 0.0824561403508772
0 0.2645827291183295 0.6394736842105263 0.050877192982456146 0.0824561403508772
0 0.5911470417633411 0.9359649122807017 0.05263157894736842 0.0824561403508772
2 0.5928980568445475 0.09298245614035087 0.05263157894736842 0.07368421052631577
2 0.26545823665893276 0.3140350877192982 0.05263157894736842 0.07368421052631577
2 0.598151102088167 0.6350877192982456 0.05263157894736842 0.07368421052631577
2 0.2925989704176334 0.9333333333333333 0.050877192982456146 0.07368421052631577
10 0.17615646751740138 0.30964912280701756 0.03859649122807017 0.022807017543859647
10 0.17615646751740138 0.9263157894736842 0.03859649122807017 0.02456140350877193
10 0.8319116154292342 0.4535087719298246 0.019298245614035085 0.02631578947368421
10 0.403788428074246 0.4482456140350878 0.010526315789473684 0.012280701754385965
10 0.18140951276102085 0.6043859649122807 0.021052631578947368 0.02631578947368421
10 0.1796584976798144 0.06315789473684211 0.021052631578947368 0.02456140350877193
14 0.4484393126450116 0.17105263157894737 0.07543859649122805 0.036842105263157884
14 0.4493148201856149 0.769298245614035 0.07719298245614034 0.036842105263157884
10 0.26545823665893276 0.15 0.014035087719298244 0.008771929824561403
10 0.5928980568445475 0.15350877192982457 0.014035087719298244 0.008771929824561403
10 0.26545823665893276 0.37456140350877193 0.014035087719298244 0.008771929824561403
10 0.5911470417633411 0.37280701754385964 0.014035087719298244 0.008771929824561403
10 0.2672092517401392 0.6921052631578948 0.014035087719298244 0.008771929824561403
10 0.598151102088167 0.6947368421052632 0.014035087719298244 0.010526315789473684
10 0.29172346287703016 0.9929824561403509 0.014035087719298244 0.010526315789473684
10 0.5928980568445475 0.9903508771929823 0.014035087719298244 0.008771929824561403
