5 0.2834890965732087 0.1820879444847605 0.04153686396677051 0.023883696780893044
6 0.7512980269989615 0.6412021498548621 0.02180685358255452 0.05088265835929388
6 0.7512980269989615 0.5261645047169811 0.02180685358255452 0.05088265835929388
14 0.935098650051921 0.5728013878809869 0.03842159916926272 0.023883696780893044
14 0.6806853582554517 0.4328907383889695 0.02180685358255452 0.03842159916926272
8 0.058151609553478714 0.40957229680696655 0.08515057113187954 0.08307372793354102
2 0.3790238836967809 0.7121938497822933 0.07061266874350987 0.07684319833852545
2 0.08515057113187954 0.7121938497822933 0.07061266874350987 0.07684319833852545
2 0.7237798546209762 0.36086266328011607 0.07061266874350987 0.07684319833852545
2 0.5462097611630322 0.48056399673439765 0.07061266874350987 0.07788161993769471
2 0.26272066458982346 0.48108218432510885 0.07061266874350987 0.07684319833852545
2 0.490134994807892 0.25204326923076925 0.07061266874350987 0.07684319833852545
2 0.31671858774662515 0.2499705188679245 0.07061266874350987 0.07684319833852545
6 0.8426791277258567 0.5738377630624092 0.02180685358255452 0.055036344755970926
4 0.5654205607476636 0.8458862481857764 0.0446521287642783 0.020768431983385256
4 0.8904465212876428 0.8469226233671989 0.0446521287642783 0.01869158878504673
5 0.062305295950155756 0.17897881894049344 0.04153686396677051 0.023883696780893044
5 0.5192107995846313 0.18001519412191583 0.04153686396677051 0.023883696780893044
5 0.7481827622014537 0.1820879444847605 0.04049844236760125 0.023883696780893044
10 0.6111111111111112 0.48056399673439765 0.01142263759086189 0.009345794392523366
