7 0.5079680925666199 0.8543882978723405 0.13696808510638298 0.13696808510638298
7 0.8107556100981768 0.8503989361702129 0.13696808510638298 0.13696808510638298
7 0.20650859046283312 0.8597074468085106 0.13696808510638298 0.13696808510638298
4 0.8891085203366058 0.5731382978723404 0.06781914893617022 0.0425531914893617
4 0.9541812762973352 0.6469414893617021 0.03856382978723404 0.0678191489361702
4 0.8120836255259466 0.9753989361702129 0.0625 0.041223404255319146
4 0.5079680925666199 0.9800531914893617 0.0625 0.0398936170212766
4 0.2085006136044881 0.9827127659574468 0.06382978723404256 0.034574468085106384
4 0.4223110974754558 0.3723404255319149 0.06382978723404256 0.0425531914893617
4 0.4223110974754558 0.5884308510638298 0.06382978723404256 0.041223404255319146
14 0.4249671283309958 0.5 0.07446808510638298 0.0398936170212766
14 0.42629514375876576 0.27726063829787234 0.07446808510638298 0.041223404255319146
2 0.8107556100981768 0.6841755319148937 0.11569148936170212 0.09441489361702128
2 0.50531206171108 0.6815159574468085 0.11569148936170212 0.09441489361702128
0 0.20650859046283312 0.6934840425531915 0.12101063829787233 0.11303191489361701
0 0.7031863604488079 0.34308510638297873 0.11303191489361701 0.11436170212765957
0 0.3027897089761571 0.23337765957446804 0.12234042553191489 0.11303191489361701
5 0.07237903225806451 0.14361702127659576 0.0651595744680851 0.02127659574468085
7 0.8904365357643759 0.44680851063829785 0.13696808510638298 0.1356382978723404
10 0.8891085203366058 0.18550531914893617 0.03324468085106383 0.03590425531914894
