4 0.6302578018995929 0.8493703789279113 0.04748982360922659 0.02985074626865672
5 0.6295793758480326 0.19444460489833643 0.04341926729986431 0.017639077340569877
0 0.43283582089552236 0.3549589879852126 0.08955223880597016 0.0814111261872456
0 0.5922659430122117 0.3549589879852126 0.09090909090909091 0.0814111261872456
15 0.19470827679782904 0.5147960951940851 0.18317503392130258 0.22523744911804613
0 0.8371777476255089 0.38001819547134935 0.08955223880597016 0.08276797829036635
2 0.36295793758480327 0.5134415434380777 0.08005427408412483 0.0814111261872456
2 0.6628222523744912 0.7281379967652495 0.08005427408412483 0.08005427408412483
2 0.8480325644504749 0.7274607208872458 0.07869742198100407 0.0814111261872456
4 0.8772048846675713 0.8466612754158966 0.04748982360922659 0.02985074626865672
9 0.8758480325644504 0.6394148567467652 0.042062415196743565 0.03256445047489824
10 0.044097693351424695 0.46806405961183 0.02849389416553596 0.02849389416553596
10 0.9748982360922659 0.46941861136783736 0.02849389416553596 0.02849389416553596
10 0.9748982360922659 0.6441557878927912 0.02849389416553596 0.02849389416553596
6 0.3941655359565807 0.7708063770794824 0.04748982360922659 0.07327001356852103
4 0.39552238805970147 0.8527567583179299 0.04748982360922659 0.025780189959294438
