10 0.12945139557266602 0.6778381719066937 0.010587102983638113 0.010587102983638113
0 0.05919153031761308 0.32828188387423934 0.05293551491819056 0.04908565928777671
0 0.23628488931665062 0.3316430020283976 0.05293551491819056 0.04812319538017324
0 0.16410009624639077 0.48817507606490873 0.05293551491819056 0.04812319538017324
0 0.307507218479307 0.4867345968559837 0.05293551491819056 0.04908565928777671
0 0.5009624639076035 0.3302025228194726 0.05293551491819056 0.04908565928777671
0 0.7762271414821944 0.32972236308316427 0.05293551491819056 0.04812319538017324
0 0.8695861405197306 0.32972236308316427 0.05293551491819056 0.04812319538017324
12 0.19971126082771895 0.6355841151115619 0.037536092396535124 0.05101058710298364
12 0.27093358999037537 0.6346237956389452 0.037536092396535124 0.05101058710298364
11 0.7685274302213667 0.441599581643002 0.037536092396535124 0.05101058710298364
11 0.875842155919153 0.4425599011156187 0.03849855630413859 0.05101058710298364
12 0.7685274302213667 0.5289886536511157 0.035611164581328195 0.05101058710298364
12 0.8787295476419634 0.5289886536511157 0.03849855630413859 0.05101058710298364
12 0.7690086621751684 0.650949226673428 0.03849855630413859 0.05101058710298364
12 0.875842155919153 0.6499889072008114 0.03849855630413859 0.05101058710298364
11 0.48604427333974976 0.4867345968559837 0.03849855630413859 0.05101058710298364
11 0.5774783445620789 0.4857742773833671 0.03849855630413859 0.05101058710298364
21 0.6515880654475458 0.4867345968559837 0.04042348411934552 0.02213666987487969
21 0.6308950914340712 0.6624730603448276 0.04138594802694899 0.02213666987487969
14 0.7088546679499519 0.4862544371196755 0.014436958614051972 0.032723772858517804
14 0.6876804619826756 0.6634333798174442 0.014436958614051972 0.03368623676612127
15 0.8190567853705486 0.4031868027383367 0.06159769008662175 0.07025986525505293
15 0.820019249278152 0.5688419117647059 0.06159769008662175 0.07122232916265639
10 0.03609239653512993 0.43487734533468564 0.010587102983638113 0.010587102983638113
10 0.09961501443695861 0.42143287271805274 0.010587102983638113 0.010587102983638113
10 0.09961501443695861 0.4708893255578094 0.010587102983638113 0.009624639076034648
10 0.961982675649663 0.4790520410750506 0.010587102983638113 0.010587102983638113
10 0.961982675649663 0.49249651369168357 0.010587102983638113 0.010587102983638113
10 0.9547641963426372 0.6855207276876267 0.011549566891241578 0.010587102983638113
4 0.18623676612127046 0.7176914300202839 0.03946102021174206 0.019249278152069296
