2 0.231981981981982 0.5149816176470587 0.08108108108108107 0.10360360360360359
9 0.42905405405405406 0.671484375 0.033783783783783786 0.024774774774774775
4 0.4301801801801802 0.901171875 0.07657657657657657 0.038288288288288286
10 0.2916666666666667 0.7840762867647059 0.033783783783783786 0.02927927927927928
10 0.0945945945945946 0.6771139705882352 0.03153153153153153 0.03153153153153153
2 0.625 0.5161075367647059 0.08333333333333333 0.10135135135135134
0 0.5585585585585585 0.3010569852941177 0.08108108108108107 0.10360360360360359
2 0.3952702702702703 0.7840762867647059 0.07882882882882883 0.10135135135135134
10 0.0945945945945946 0.5149816176470587 0.03153153153153153 0.03153153153153153
10 0.6576576576576577 0.40801930147058824 0.02702702702702703 0.02927927927927928
0 0.30405405405405406 0.3010569852941177 0.08108108108108107 0.10360360360360359
6 0.5135135135135135 0.6241957720588236 0.11711711711711711 0.06531531531531531
4 0.8074324324324325 0.6377068014705882 0.07432432432432431 0.038288288288288286
6 0.3524774774774775 0.6219439338235294 0.11936936936936937 0.06531531531531531
