5 0.45511921458625526 0.26901866515837103 0.03225806451612903 0.008415147265077139
5 0.5252454417952315 0.267618778280543 0.03225806451612903 0.008415147265077139
5 0.6255259467040674 0.26901866515837103 0.033660589060308554 0.008415147265077139
10 0.820476858345021 0.756179298642534 0.011220196353436185 0.011220196353436185
10 0.7468443197755961 0.758279128959276 0.009817671809256662 0.009817671809256662
10 0.258765778401122 0.758279128959276 0.009817671809256662 0.009817671809256662
10 0.18302945301542778 0.75897907239819 0.009817671809256662 0.011220196353436185
0 0.22159887798036465 0.7372808257918552 0.05049088359046283 0.04628330995792426
5 0.1879382889200561 0.267618778280543 0.030855539971949508 0.011220196353436185
10 0.11991584852734923 0.41740667420814476 0.021037868162692847 0.019635343618513323
5 0.6262272089761571 0.5279977375565611 0.03225806451612903 0.008415147265077139
5 0.7040673211781207 0.269718608597285 0.033660589060308554 0.009817671809256662
5 0.8057503506311361 0.269718608597285 0.03225806451612903 0.009817671809256662
5 0.49789621318373073 0.5454963235294118 0.033660589060308554 0.0070126227208976155
6 0.4943899018232819 0.628789592760181 0.021037868162692847 0.03927068723702665
10 0.8744740532959326 0.4188065610859729 0.021037868162692847 0.019635343618513323
0 0.20476858345021037 0.2998161764705882 0.047685834502103785 0.05049088359046283
0 0.27349228611500703 0.2998161764705882 0.047685834502103785 0.05049088359046283
0 0.3695652173913043 0.29911623303167423 0.04628330995792426 0.04908835904628331
0 0.43618513323983177 0.2998161764705882 0.047685834502103785 0.05049088359046283
0 0.5406732117812062 0.2998161764705882 0.043478260869565216 0.05049088359046283
0 0.6079943899018233 0.2998161764705882 0.04067321178120617 0.05049088359046283
0 0.7215988779803647 0.2998161764705882 0.04067321178120617 0.05049088359046283
0 0.7875175315568023 0.2998161764705882 0.043478260869565216 0.05049088359046283
2 0.16760168302945302 0.41390695701357466 0.043478260869565216 0.05189340813464236
2 0.30925666199158486 0.41250707013574656 0.043478260869565216 0.05189340813464236
2 0.6837307152875175 0.41390695701357466 0.043478260869565216 0.05189340813464236
2 0.8239831697054697 0.41250707013574656 0.043478260869565216 0.05189340813464236
2 0.476157082748948 0.578393665158371 0.043478260869565216 0.05049088359046283
2 0.6079943899018233 0.5594951923076923 0.043478260869565216 0.05189340813464236
2 0.6107994389901823 0.6546875 0.043478260869565216 0.05189340813464236
0 0.7833099579242637 0.7372808257918552 0.054698457223001394 0.04908835904628331
8 0.23492286115007013 0.5034997171945701 0.04908835904628331 0.037868162692847124
8 0.5224403927068724 0.4587033371040724 0.04908835904628331 0.037868162692847124
8 0.7594670406732118 0.5020998303167421 0.04908835904628331 0.037868162692847124
4 0.23562412342215988 0.551095871040724 0.0364656381486676 0.021037868162692843
4 0.485273492286115 0.5069994343891402 0.033660589060308554 0.019635343618513323
4 0.758765778401122 0.549695984162896 0.0364656381486676 0.021037868162692843
4 0.5021037868162693 0.679185520361991 0.033660589060308554 0.019635343618513323
4 0.6297335203366059 0.6987839366515837 0.033660589060308554 0.019635343618513323
14 0.453015427769986 0.4587033371040724 0.030855539971949508 0.0182328190743338
5 0.288218793828892 0.26831872171945703 0.03225806451612903 0.009817671809256662
5 0.3520336605890603 0.266918834841629 0.033660589060308554 0.012622720897615708
