14 0.8302646720368239 0.5316020167151163 0.1093210586881473 0.05638665132336018
10 0.03394706559263521 0.2908521075581395 0.02646720368239356 0.023014959723820484
4 0.8325661680092061 0.8522188408430231 0.10701956271576525 0.054085155350978145
4 0.5805523590333717 0.8481967659883722 0.10701956271576525 0.052934407364787106
6 0.5874568469505178 0.7160428779069767 0.07019562715765247 0.13118527042577674
6 0.5874568469505178 0.5080441497093023 0.07019562715765247 0.13118527042577674
0 0.5454545454545454 0.3201557957848837 0.08975834292289989 0.07710011507479862
15 0.2991944764096663 0.32360328851744186 0.19562715765247413 0.20138089758342925
5 0.5845799769850403 0.1742119367732558 0.05983889528193326 0.02416570771001151
5 0.3204833141542002 0.21155977470930232 0.06098964326812428 0.018411967779056387
