0 0.3741044012282497 0.3066683070866142 0.05015353121801434 0.056294779938587516
0 0.6325486182190379 0.30564538807649044 0.04912998976458547 0.056294779938587516
0 0.37461617195496416 0.6299107142857143 0.04912998976458547 0.056294779938587516
0 0.646878198567042 0.6299107142857143 0.04912998976458547 0.056294779938587516
2 0.0752302968270215 0.4524342660292463 0.041965199590583424 0.05731832139201638
2 0.19140225179119755 0.742943264904387 0.04094165813715456 0.05731832139201638
2 0.41760491299897645 0.823753866704162 0.04094165813715456 0.05731832139201638
2 0.6084953940634595 0.8247767857142858 0.041965199590583424 0.05731832139201638
2 0.8254861821903787 0.742943264904387 0.041965199590583424 0.05731832139201638
2 0.5921187308085978 0.4524342660292463 0.041965199590583424 0.05731832139201638
10 0.05885363357215967 0.21511705568053996 0.021494370522006142 0.014329580348004096
10 0.9201637666325485 0.45294572553430823 0.030706243602865918 0.025588536335721602
10 0.763050153531218 0.6288877952755906 0.023541453428863872 0.023541453428863872
10 0.2517911975435005 0.6283763357705288 0.022517911975435005 0.022517911975435005
0 0.19344933469805528 0.1767575928008999 0.04912998976458547 0.056294779938587516
6 0.44268167860798363 0.742943264904387 0.03787103377686797 0.02661207778915046
6 0.5731832139201638 0.7439661839145106 0.036847492323439104 0.02661207778915046
4 0.3986693961105425 0.5143208661417322 0.03582395087001024 0.023541453428863872
4 0.6100307062436029 0.5143208661417322 0.03480040941658137 0.023541453428863872
5 0.39969293756397134 0.08776363892013499 0.03172978505629478 0.027635619242579325
5 0.6084953940634595 0.08674071991001124 0.03172978505629478 0.027635619242579325
5 0.8439099283520981 0.08776363892013499 0.03172978505629478 0.027635619242579325
4 0.5133060388945753 0.9342291197975253 0.03582395087001024 0.022517911975435005
5 0.17349027635619244 0.08878655793025872 0.03172978505629478 0.027635619242579325
0 0.37461617195496416 0.22585770528683913 0.04912998976458547 0.056294779938587516
0 0.631525076765609 0.2248347862767154 0.04912998976458547 0.056294779938587516
0 0.8208802456499488 0.1767575928008999 0.04912998976458547 0.056294779938587516
2 0.3812691914022518 0.4524342660292463 0.041965199590583424 0.05731832139201638
