6 0.658206084280303 0.27595628415300544 0.07468123861566485 0.03825136612021858
6 0.34204841382575757 0.27595628415300544 0.07468123861566485 0.03825136612021858
6 0.5001272490530303 0.075591985428051 0.07468123861566485 0.03825136612021858
10 0.49831025094696973 0.8378870673952641 0.02003642987249545 0.018214936247723138
10 0.5001272490530303 0.6147540983606558 0.02003642987249545 0.02003642987249545
10 0.5001272490530303 0.3925318761384335 0.02003642987249545 0.02003642987249545
10 0.5001272490530303 0.1703096539162113 0.02003642987249545 0.02003642987249545
2 0.49921875 0.9116575591985429 0.10564663023679417 0.07103825136612023
2 0.49921875 0.6894353369763205 0.10564663023679417 0.07103825136612023
2 0.5001272490530303 0.46630236794171226 0.1074681238615665 0.06921675774134792
2 0.5001272490530303 0.24408014571949002 0.1074681238615665 0.06921675774134792
6 0.6591145833333334 0.9444444444444444 0.0801457194899818 0.03825136612021858
6 0.34023141571969695 0.9444444444444444 0.07468123861566485 0.03825136612021858
6 0.6591145833333334 0.7222222222222222 0.07285974499089254 0.03825136612021858
6 0.34023141571969695 0.7240437158469946 0.07468123861566485 0.03825136612021858
6 0.6563890861742424 0.5 0.07468123861566485 0.03825136612021858
6 0.33932291666666664 0.5 0.07285974499089254 0.03825136612021858
