10 0.9833926453143536 0.4087152777777778 0.021352313167259787 0.02372479240806643
14 0.35587188612099646 0.6167733134920634 0.03558718861209965 0.06287069988137604
10 0.0302491103202847 0.4087152777777778 0.022538552787663108 0.02372479240806643
14 0.7995255041518387 0.687311507936508 0.06642941874258598 0.040332147093712925
7 0.6850533807829181 0.4093080357142857 0.0771055753262159 0.07473309608540926
14 0.21411625148279953 0.687311507936508 0.06761565836298933 0.040332147093712925
8 0.11091340450771056 0.593655753968254 0.07236061684460261 0.0711743772241993
8 0.4994068801897983 0.1994717261904762 0.07354685646500593 0.07236061684460261
6 0.3190984578884935 0.4081225198412698 0.08540925266903915 0.048635824436536176
10 0.4916963226571768 0.6653794642857143 0.022538552787663108 0.022538552787663108
14 0.6548042704626335 0.6167733134920634 0.03558718861209965 0.06287069988137604
6 0.5041518386714117 0.2960912698412698 0.0830367734282325 0.0498220640569395
10 0.4916963226571768 0.7483655753968255 0.022538552787663108 0.022538552787663108
14 0.6221826809015422 0.527859623015873 0.03440094899169632 0.06287069988137604
17 0.49051008303677335 0.3962673611111111 0.06287069988137604 0.048635824436536176
8 0.9033214709371293 0.593655753968254 0.07236061684460261 0.0711743772241993
4 0.5800711743772242 0.8479489087301587 0.06168446026097272 0.03440094899169633
