10 0.9572 0.3840533088235294 0.012 0.0112
10 0.7932 0.27450367647058826 0.012 0.0112
10 0.9484 0.6535294117647059 0.012 0.0112
10 0.794 0.5423805147058823 0.012 0.0112
2 0.11400000000000002 0.33207720588235295 0.0264 0.0368
2 0.342 0.49400275735294114 0.0264 0.0376
2 0.5172 0.45202205882352936 0.0264 0.0368
2 0.59 0.6783180147058824 0.0264 0.0368
2 0.614 0.3832536764705882 0.0264 0.0368
2 0.642 0.6755193014705883 0.0264 0.0376
2 0.8019999999999999 0.6527297794117647 0.0264 0.0368
2 0.8019999999999999 0.38365349264705884 0.0264 0.0376
0 0.22159999999999996 0.33207720588235295 0.028800000000000003 0.04160000000000001
0 0.164 0.6775183823529412 0.028800000000000003 0.04160000000000001
2 0.0952 0.6775183823529412 0.028800000000000003 0.04160000000000001
2 0.3416 0.5943566176470588 0.028800000000000003 0.04160000000000001
14 0.4164 0.45082261029411763 0.013600000000000001 0.0312
14 0.43879999999999997 0.6679227941176471 0.013600000000000001 0.0304
14 0.5256 0.6975091911764706 0.028800000000000003 0.0128
14 0.2604 0.6607261029411765 0.029599999999999998 0.0128
8 0.1056 0.41204044117647065 0.035199999999999995 0.033600000000000005
8 0.652 0.617545955882353 0.035199999999999995 0.03520000000000001
8 0.7928 0.31408547794117647 0.035199999999999995 0.0328
8 0.7936 0.5827619485294118 0.032 0.0328
6 0.3504 0.35486672794117646 0.024 0.047200000000000006
6 0.5272 0.3196829044117647 0.024 0.047200000000000006
6 0.6208 0.4736121323529412 0.024 0.04800000000000001
6 0.7928 0.4356295955882352 0.024 0.047200000000000006
6 0.9023999999999999 0.3840533088235294 0.0464 0.0256
6 0.8924 0.654329044117647 0.0456 0.0256
4 0.5816 0.7254963235294117 0.0192 0.009600000000000001
4 0.262 0.7095036764705882 0.0216 0.0112
4 0.174 0.7258961397058823 0.0216 0.010400000000000003
4 0.526 0.7390900735294117 0.0216 0.0112
4 0.6504 0.7250965073529412 0.020800000000000003 0.010400000000000003
4 0.10600000000000001 0.4640165441176471 0.0216 0.0112
4 0.622 0.5287867647058824 0.0216 0.0112
4 0.3516 0.6415349264705882 0.0216 0.0112
4 0.794 0.7103033088235293 0.0216 0.0112
4 0.7932 0.4896047794117647 0.0216 0.0112
10 0.0888 0.26770680147058823 0.0048 0.0056
10 0.6744 0.2673069852941176 0.0048 0.0048000000000000004
10 0.4084 0.2413189338235294 0.013600000000000001 0.012000000000000002
10 0.055200000000000006 0.5927573529411765 0.0128 0.0128
10 0.1304 0.6999080882352942 0.0112 0.0112
10 0.0864 0.7190992647058824 0.0128 0.0112
10 0.2956 0.4944025735294117 0.012 0.0112
10 0.3784 0.5423805147058823 0.0128 0.0112
10 0.4652 0.42723345588235295 0.012 0.0112
10 0.6516 0.5751654411764706 0.012 0.0112
10 0.6572 0.4240349264705882 0.012 0.0112
