4 0.6316872427983539 0.8895007621951219 0.06584362139917696 0.037037037037037035
2 0.5997942386831275 0.7816596798780487 0.0720164609053498 0.09259259259259259
10 0.1779835390946502 0.6810080030487804 0.026748971193415638 0.030864197530864196
9 0.33539094650205764 0.6779268292682927 0.02880658436213992 0.0205761316872428
9 0.6296296296296297 0.6779268292682927 0.02880658436213992 0.0205761316872428
10 0.17695473251028807 0.4868940548780488 0.02880658436213992 0.02880658436213992
2 0.3065843621399177 0.7806326219512194 0.07407407407407407 0.09465020576131687
0 0.3683127572016461 0.28969893292682924 0.07407407407407407 0.09465020576131687
2 0.3055555555555556 0.4868940548780488 0.07613168724279835 0.09465020576131687
2 0.4814814814814815 0.5474904725609757 0.09465020576131687 0.06790123456790123
10 0.20987654320987653 0.7796055640243902 0.02880658436213992 0.026748971193415638
2 0.661522633744856 0.4868940548780488 0.07613168724279835 0.09465020576131687
4 0.3343621399176955 0.8884737042682926 0.06790123456790123 0.03909465020576132
0 0.6018518518518519 0.28969893292682924 0.07613168724279835 0.09465020576131687
4 0.8271604938271604 0.5967892530487805 0.06584362139917696 0.03497942386831276
10 0.6923868312757202 0.38726943597560975 0.026748971193415638 0.026748971193415638
2 0.4825102880658436 0.621438643292683 0.09670781893004116 0.06790123456790123
