10 0.8333333333333334 0.5 0.013333333333333332 0.022222222222222223
0 0.5288888888888889 0.2935032894736842 0.11555555555555556 0.10666666666666666
0 0.6822222222222222 0.2935032894736842 0.11111111111111112 0.10666666666666666
0 0.4600000000000001 0.6865131578947369 0.11111111111111112 0.11111111111111112
0 0.4600000000000001 0.8397203947368421 0.11111111111111112 0.10666666666666666
14 0.34 0.7287006578947368 0.10222222222222224 0.05333333333333333
14 0.7911111111111111 0.6776315789473684 0.09777777777777778 0.04888888888888889
14 0.2577777777777778 0.5510690789473685 0.05333333333333333 0.09777777777777778
14 0.2577777777777778 0.4489309210526316 0.05333333333333333 0.09777777777777778
14 0.5711111111111111 0.1158717105263158 0.05777777777777778 0.09777777777777778
15 0.5822222222222222 0.49555921052631574 0.2577777777777778 0.22666666666666666
4 0.3466666666666667 0.8663651315789475 0.10666666666666666 0.07111111111111111
4 0.4177777777777778 0.9329769736842106 0.10666666666666666 0.06222222222222222
4 0.7955555555555556 0.813075657894737 0.10666666666666666 0.07111111111111111
10 0.11777777777777779 0.4511513157894737 0.013333333333333332 0.022222222222222223
10 0.11555555555555555 0.5488486842105263 0.017777777777777778 0.022222222222222223
