10 0.9032258064516128 0.15166408096926715 0.017921146953405017 0.016129032258064516
0 0.23745519713261648 0.8315455082742318 0.1272401433691756 0.09318996415770608
0 0.5259856630824373 0.8315455082742318 0.1272401433691756 0.09318996415770608
0 0.5331541218637993 0.638957225177305 0.1272401433691756 0.0985663082437276
0 0.239247311827957 0.638957225177305 0.1272401433691756 0.0985663082437276
0 0.239247311827957 0.4383071069739953 0.1272401433691756 0.0985663082437276
0 0.5259856630824373 0.43651558806146573 0.1272401433691756 0.0985663082437276
0 0.5277777777777778 0.24392730496453902 0.1272401433691756 0.09677419354838708
0 0.23745519713261648 0.24392730496453902 0.1272401433691756 0.09677419354838708
10 0.7724014336917563 0.32992021276595745 0.017921146953405017 0.017921146953405017
10 0.7732974910394266 0.36216755319148936 0.01971326164874552 0.017921146953405017
10 0.7724014336917563 0.5287788120567376 0.017921146953405017 0.017921146953405017
10 0.7706093189964157 0.5637134308510638 0.017921146953405017 0.016129032258064516
10 0.7724014336917563 0.7258458924349882 0.017921146953405017 0.017921146953405017
10 0.771505376344086 0.7598847517730497 0.01971326164874552 0.017921146953405017
10 0.904121863799283 0.741969562647754 0.01971326164874552 0.017921146953405017
10 0.9032258064516128 0.5502770390070922 0.017921146953405017 0.017921146953405017
10 0.9032258064516128 0.3460438829787234 0.017921146953405017 0.017921146953405017
