0 0.4368575624082232 0.3415433495821727 0.042584434654919234 0.05286343612334802
10 0.18135095447870778 0.6678947597493037 0.010279001468428781 0.010279001468428781
10 0.184287812041116 0.5938239902506963 0.010279001468428781 0.008810572687224669
10 0.3252569750367107 0.40461350974930366 0.010279001468428781 0.008810572687224669
10 0.7980910425844346 0.4060802576601671 0.010279001468428781 0.008810572687224669
10 0.7085168869309838 0.48161777506963793 0.010279001468428781 0.010279001468428781
10 0.40969162995594716 0.48161777506963793 0.00881057268722467 0.010279001468428781
10 0.19823788546255505 0.4720839136490251 0.014684287812041116 0.017621145374449337
10 0.34948604992657856 0.6678947597493037 0.00881057268722467 0.010279001468428781
10 0.3487518355359765 0.5930906162952646 0.010279001468428781 0.010279001468428781
10 0.5638766519823789 0.5938239902506963 0.00881057268722467 0.008810572687224669
10 0.5646108663729809 0.6693615076601671 0.010279001468428781 0.010279001468428781
10 0.932452276064611 0.47281728760445685 0.014684287812041116 0.016152716593245228
0 0.43759177679882527 0.48161777506963793 0.041116005873715125 0.04552129221732746
5 0.05506607929515418 0.26747258008356545 0.042584434654919234 0.016152716593245228
5 0.2298091042584435 0.2682059540389972 0.042584434654919234 0.014684287812041116
5 0.4530102790014684 0.26747258008356545 0.042584434654919234 0.016152716593245228
5 0.6688693098384728 0.26747258008356545 0.042584434654919234 0.016152716593245228
5 0.8906020558002938 0.26747258008356545 0.042584434654919234 0.016152716593245228
4 0.8906020558002938 0.7316982938718664 0.042584434654919234 0.014684287812041116
4 0.6659324522760646 0.7316982938718664 0.042584434654919234 0.014684287812041116
4 0.4530102790014684 0.7316982938718664 0.042584434654919234 0.014684287812041116
4 0.23127753303964757 0.7316982938718664 0.042584434654919234 0.014684287812041116
4 0.05506607929515418 0.7324316678272981 0.042584434654919234 0.016152716593245228
0 0.24522760646108663 0.4038801357938719 0.041116005873715125 0.048458149779735685
0 0.6806167400881057 0.33934322771587744 0.04552129221732746 0.048458149779735685
0 0.24669603524229075 0.33860985376044567 0.041116005873715125 0.05286343612334802
8 0.05359765051395007 0.42661472841225623 0.0513950073421439 0.05286343612334802
6 0.8928046989720999 0.5886903725626741 0.04698972099853157 0.07488986784140969
6 0.6101321585903083 0.4310149721448468 0.06901615271659325 0.04698972099853157
6 0.5102790014684288 0.4310149721448468 0.06901615271659325 0.04698972099853157
6 0.23348017621145373 0.5894237465181058 0.04405286343612334 0.07342143906020557
2 0.0697503671071953 0.6671613857938719 0.04552129221732746 0.04698972099853157
2 0.0697503671071953 0.5938239902506963 0.04552129221732746 0.04698972099853157
2 0.6527165932452276 0.5938239902506963 0.04552129221732746 0.04698972099853157
2 0.6512481644640234 0.6686281337047354 0.04552129221732746 0.04698972099853157
2 0.43759177679882527 0.6686281337047354 0.04405286343612334 0.04698972099853157
2 0.4383259911894274 0.5938239902506963 0.04552129221732746 0.04698972099853157
0 0.8759177679882526 0.33860985376044567 0.039647577092511016 0.05286343612334802
0 0.8759177679882526 0.40461350974930366 0.042584434654919234 0.05286343612334802
0 0.6813509544787077 0.4823511490250697 0.041116005873715125 0.05286343612334802
