4 0.29943019943019944 0.7192745803357314 0.03703703703703704 0.020512820512820516
2 0.47407407407407404 0.6523531175059952 0.027350427350427354 0.03703703703703704
2 0.6173789173789174 0.5441396882494004 0.02678062678062678 0.03703703703703704
2 0.6173789173789174 0.6369754196642685 0.02678062678062678 0.03703703703703704
2 0.703988603988604 0.5452787769784173 0.02678062678062678 0.03703703703703704
2 0.22962962962962963 0.6523531175059952 0.027350427350427354 0.03703703703703704
2 0.09857549857549858 0.6523531175059952 0.027350427350427354 0.03703703703703704
2 0.02706552706552707 0.6529226618705036 0.02678062678062678 0.03703703703703704
2 0.09857549857549858 0.5515437649880096 0.027350427350427354 0.03703703703703704
2 0.027635327635327632 0.5526828537170264 0.02678062678062678 0.03703703703703704
2 0.22905982905982905 0.5515437649880096 0.029629629629629634 0.03703703703703704
0 0.2284900284900285 0.3584682254196643 0.029629629629629634 0.03703703703703704
0 0.24786324786324787 0.46753597122302154 0.029629629629629634 0.036467236467236465
0 0.350997150997151 0.466681654676259 0.029629629629629634 0.03703703703703704
2 0.3715099715099715 0.5512589928057554 0.029629629629629634 0.036467236467236465
0 0.8809116809116808 0.5125299760191846 0.029629629629629634 0.036467236467236465
0 0.8809116809116808 0.4501648681055156 0.029629629629629634 0.03703703703703704
0 0.7250712250712251 0.4518735011990408 0.02905982905982906 0.03703703703703704
0 0.5971509971509972 0.3593225419664269 0.029629629629629634 0.036467236467236465
2 0.37264957264957266 0.6517835731414868 0.027350427350427354 0.03703703703703704
2 0.8803418803418804 0.5754646282973621 0.027350427350427354 0.03703703703703704
2 0.8803418803418804 0.6369754196642685 0.027350427350427354 0.03703703703703704
2 0.7037037037037037 0.6369754196642685 0.027350427350427354 0.03703703703703704
14 0.96011396011396 0.6210281774580336 0.035327635327635325 0.013105413105413105
5 0.3005698005698006 0.30834832134292567 0.034757834757834755 0.008547008547008548
6 0.3005698005698006 0.4142835731414868 0.03703703703703704 0.023361823361823363
0 0.49344729344729343 0.3593225419664269 0.029629629629629634 0.036467236467236465
0 0.35156695156695156 0.3593225419664269 0.029629629629629634 0.036467236467236465
0 0.11851851851851851 0.3584682254196643 0.029629629629629634 0.03703703703703704
10 0.7991452991452992 0.5441396882494004 0.008547008547008548 0.008547008547008548
10 0.18547008547008548 0.5521133093525179 0.008547008547008548 0.008547008547008548
10 0.41623931623931626 0.5518285371702637 0.008547008547008548 0.009116809116809116
10 0.9752136752136751 0.5444244604316546 0.008547008547008548 0.007977207977207978
10 0.017094017094017096 0.47522482014388495 0.0034188034188034192 0.002849002849002849
