4 0.2930232558139535 0.3791763791763792 0.031857031857031856 0.013986013986013988
14 0.36434108527131787 0.13364413364413363 0.024087024087024088 0.009324009324009324
14 0.4395348837209302 0.1989121989121989 0.024087024087024088 0.009324009324009324
14 0.3635658914728682 0.3139083139083139 0.024087024087024088 0.009324009324009324
14 0.6193798449612403 0.13286713286713286 0.024087024087024088 0.009324009324009324
14 0.6193798449612403 0.3142968142968143 0.024087024087024088 0.008547008547008548
14 0.6961240310077519 0.37567987567987565 0.024087024087024088 0.008547008547008548
14 0.36434108527131787 0.6406371406371406 0.024087024087024088 0.008547008547008548
14 0.4395348837209302 0.7055167055167055 0.024087024087024088 0.009324009324009324
14 0.6178294573643411 0.6406371406371406 0.024087024087024088 0.008547008547008548
8 0.5484496124031008 0.8174048174048174 0.027972027972027975 0.02641802641802642
8 0.29263565891472865 0.8181818181818181 0.027972027972027975 0.02641802641802642
8 0.548062015503876 0.31002331002331 0.027195027195027192 0.02641802641802642
8 0.29263565891472865 0.3111888111888112 0.027972027972027975 0.027195027195027192
4 0.6953488372093023 0.9564879564879565 0.031857031857031856 0.013986013986013988
4 0.5488372093023256 0.8857808857808858 0.031857031857031856 0.013986013986013988
4 0.2930232558139535 0.8850038850038849 0.031857031857031856 0.013986013986013988
4 0.44031007751937984 0.9568764568764567 0.031857031857031856 0.01320901320901321
4 0.6961240310077519 0.44988344988344986 0.031857031857031856 0.013986013986013988
4 0.5472868217054263 0.3776223776223776 0.031857031857031856 0.013986013986013988
4 0.4395348837209302 0.4506604506604507 0.031857031857031856 0.013986013986013988
19 0.6569767441860466 0.7385392385392385 0.03885003885003885 0.011655011655011656
14 0.36434108527131787 0.8205128205128205 0.024087024087024088 0.009324009324009324
14 0.6953488372093023 0.8834498834498834 0.024087024087024088 0.009324009324009324
14 0.6201550387596899 0.8201243201243201 0.024087024087024088 0.008547008547008548
5 0.28255813953488373 0.019036519036519036 0.03263403263403263 0.006993006993006994
5 0.5372093023255814 0.017871017871017872 0.03341103341103341 0.006216006216006216
5 0.28449612403100777 0.5248640248640248 0.03341103341103341 0.006993006993006994
5 0.5383720930232558 0.5248640248640248 0.03263403263403263 0.006993006993006994
21 0.32790697674418606 0.054778554778554776 0.04428904428904429 0.02097902097902098
21 0.5844961240310077 0.054778554778554776 0.04428904428904429 0.02097902097902098
21 0.32829457364341086 0.5629370629370629 0.04351204351204351 0.02097902097902098
21 0.5852713178294573 0.5621600621600622 0.04428904428904429 0.02097902097902098
6 0.4395348837209302 0.08857808857808858 0.017871017871017872 0.035742035742035744
6 0.6961240310077519 0.2641802641802642 0.017871017871017872 0.035742035742035744
6 0.44108527131782943 0.5936285936285937 0.017871017871017872 0.035742035742035744
6 0.6953488372093023 0.77000777000777 0.017871017871017872 0.035742035742035744
19 0.4418604651162791 0.14219114219114218 0.0101010101010101 0.04040404040404041
19 0.6961240310077519 0.31895881895881895 0.0101010101010101 0.041181041181041184
19 0.4007751937984496 0.736985236985237 0.03962703962703963 0.011655011655011656
