12 0.7916666666666666 0.603125 0.075 0.07291666666666666
21 0.646875 0.47916666666666663 0.04791666666666666 0.09583333333333333
21 0.6427083333333333 0.7 0.04791666666666666 0.09583333333333333
21 0.540625 0.7604166666666667 0.04791666666666666 0.09583333333333333
14 0.12395833333333335 0.6364583333333333 0.07708333333333332 0.035416666666666666
4 0.4604166666666666 0.8645833333333333 0.05 0.029166666666666664
12 0.790625 0.478125 0.07708333333333332 0.07291666666666666
2 0.515625 0.5947916666666666 0.06458333333333334 0.07708333333333332
2 0.359375 0.5958333333333334 0.06458333333333334 0.07916666666666666
0 0.2010416666666667 0.490625 0.06458333333333334 0.07708333333333332
0 0.09895833333333333 0.36666666666666664 0.06458333333333334 0.07916666666666666
0 0.703125 0.2614583333333333 0.06458333333333334 0.07708333333333332
0 0.5135416666666667 0.2614583333333333 0.06458333333333334 0.07708333333333332
0 0.359375 0.2614583333333333 0.06458333333333334 0.07708333333333332
10 0.4583333333333333 0.125 0.020833333333333332 0.016666666666666666
10 0.8739583333333332 0.5406249999999999 0.01875 0.014583333333333332
5 0.23125 0.16979166666666665 0.04583333333333333 0.02708333333333333
5 0.3333333333333333 0.165625 0.04583333333333333 0.02708333333333333
5 0.4583333333333333 0.165625 0.04583333333333333 0.02708333333333333
5 0.5416666666666666 0.16770833333333332 0.04583333333333333 0.02708333333333333
