14 0.8545454545454545 0.5870843349358974 0.07272727272727272 0.05454545454545454
14 0.8545454545454545 0.7840244391025641 0.07272727272727272 0.048484848484848485
4 0.1303030303030303 0.9173377403846154 0.06666666666666668 0.06060606060606061
4 0.30303030303030304 0.9294571314102564 0.07272727272727272 0.06060606060606061
4 0.6818181818181818 0.9294571314102564 0.06666666666666668 0.06060606060606061
4 0.8545454545454545 0.9082481971153846 0.07272727272727272 0.06666666666666668
5 0.48484848484848486 0.06292067307692309 0.12121212121212122 0.048484848484848485
19 0.30606060606060603 0.24168169070512818 0.10303030303030303 0.11515151515151516
19 0.6787878787878788 0.24168169070512818 0.09696969696969697 0.11515151515151516
13 0.3878787878787879 0.3840845352564103 0.08484848484848485 0.08484848484848485
13 0.593939393939394 0.39014423076923077 0.08484848484848485 0.08484848484848485
10 0.4878787878787879 0.3234875801282051 0.030303030303030304 0.03636363636363636
10 0.2727272727272727 0.3871143830128205 0.03636363636363636 0.04242424242424243
10 0.7090909090909091 0.39014423076923077 0.03636363636363636 0.03636363636363636
2 0.3484848484848485 0.5810246394230769 0.11515151515151516 0.12727272727272726
2 0.6333333333333333 0.5870843349358974 0.11515151515151516 0.12727272727272726
2 0.3424242424242424 0.8022035256410256 0.11515151515151516 0.13333333333333336
2 0.6363636363636364 0.8022035256410256 0.10909090909090909 0.13333333333333336
14 0.12727272727272726 0.5901141826923076 0.07272727272727272 0.048484848484848485
14 0.12727272727272726 0.7961438301282051 0.07272727272727272 0.048484848484848485
