14 0.454776554404145 0.40813577586206895 0.023706896551724137 0.05657327586206897
14 0.6720106055699482 0.7745150862068966 0.05980603448275863 0.027478448275862072
6 0.3532929889896373 0.417834051724138 0.030711206896551723 0.07920258620689655
6 0.6948915155440414 0.417834051724138 0.03125 0.07920258620689655
19 0.49488544365284975 0.6338900862068966 0.030711206896551723 0.08566810344827587
10 0.1355205634715026 0.6047952586206896 0.021551724137931036 0.03178879310344827
10 0.4421247571243523 0.49353448275862066 0.02101293103448276 0.020474137931034482
10 0.605252185880829 0.49299568965517243 0.02101293103448276 0.020474137931034482
2 0.3161451586787565 0.6069504310344828 0.08997844827586207 0.07704741379310345
5 0.5196506638601036 0.2594288793103448 0.11368534482758623 0.022090517241379313
0 0.3667523477979274 0.1896551724137931 0.08782327586206898 0.08081896551724138
0 0.1726683937823834 0.18588362068965517 0.08836206896551725 0.08081896551724138
5 0.2655379695595855 0.010775862068965518 0.11368534482758623 0.021551724137931036
2 0.4816952720207254 0.8397090517241379 0.0894396551724138 0.07704741379310345
2 0.7304242227979275 0.6069504310344828 0.0894396551724138 0.07704741379310345
10 0.9080877590673575 0.6066810344827587 0.015086206896551723 0.020474137931034482
10 0.29784043069948185 0.835668103448276 0.02101293103448276 0.020474137931034482
4 0.13148275582901553 0.45851293103448276 0.09428879310344829 0.0581896551724138
4 0.52180416126943 0.410290948275862 0.043642241379310345 0.06303879310344827
8 0.13013681994818654 0.34240301724137934 0.07435344827586207 0.0759698275862069
4 0.5231500971502591 0.9752155172413793 0.09482758620689655 0.04956896551724138
4 0.6714722312176165 0.8407866379310345 0.06842672413793104 0.0425646551724138
9 0.4189746599740932 0.33728448275862066 0.037176724137931036 0.03663793103448276
