4 0.577020202020202 0.8341557017543859 0.12878787878787878 0.05050505050505051
17 0.37626262626262624 0.7572368421052632 0.11111111111111112 0.05808080808080808
13 0.047979797979797977 0.5176535087719298 0.09595959595959595 0.07323232323232323
10 0.9368686868686869 0.271765350877193 0.0202020202020202 0.025252525252525256
17 0.39141414141414144 0.4520833333333334 0.11111111111111112 0.05808080808080808
14 0.5744949494949495 0.6803179824561403 0.08838383838383838 0.03535353535353535
17 0.39015151515151514 0.5857456140350877 0.10858585858585859 0.05808080808080808
17 0.7537878787878788 0.25537280701754383 0.10858585858585859 0.05808080808080808
17 0.39141414141414144 0.25537280701754383 0.11111111111111112 0.05808080808080808
14 0.571969696969697 0.36507675438596493 0.08838383838383838 0.03535353535353535
