15 0.4406060606060606 0.5054496102449889 0.12727272727272726 0.14545454545454548
4 0.8484848484848484 0.5720559576837416 0.041212121212121214 0.03636363636363637
4 0.6181818181818182 0.5266425389755012 0.041212121212121214 0.037575757575757575
4 0.3096969696969697 0.6671213808463252 0.04 0.037575757575757575
4 0.21090909090909088 0.6665158685968819 0.041212121212121214 0.03636363636363637
4 0.8436363636363635 0.7518930957683742 0.041212121212121214 0.037575757575757575
10 0.6709090909090909 0.690130846325167 0.037575757575757575 0.04
10 0.673939393939394 0.5096881959910913 0.03636363636363636 0.04242424242424243
10 0.3490909090909091 0.5423858574610245 0.03636363636363636 0.04
10 0.07454545454545454 0.5096881959910913 0.023030303030303033 0.023030303030303033
17 0.16424242424242425 0.45943067928730513 0.05454545454545454 0.03393939393939394
17 0.16545454545454547 0.5466244432071269 0.05454545454545454 0.03393939393939394
17 0.20545454545454547 0.6095977171492205 0.03515151515151514 0.048484848484848485
17 0.3 0.6083866926503341 0.03515151515151514 0.048484848484848485
17 0.6478787878787878 0.2886762249443207 0.05454545454545454 0.03393939393939394
17 0.5521212121212121 0.4279440423162583 0.05454545454545454 0.03393939393939394
17 0.5581818181818182 0.6071756681514477 0.05454545454545454 0.03393939393939394
14 0.2581818181818182 0.4679078507795101 0.03151515151515151 0.046060606060606066
14 0.2581818181818182 0.5526795657015591 0.03151515151515151 0.046060606060606066
14 0.6157575757575757 0.4727519487750557 0.04363636363636363 0.026666666666666665
14 0.7503030303030302 0.3631542316258352 0.03151515151515151 0.044848484848484846
10 0.9212121212121213 0.4721464365256125 0.021818181818181816 0.023030303030303033
6 0.8466666666666667 0.5108992204899778 0.04727272727272727 0.0593939393939394
6 0.8442424242424241 0.6907363585746102 0.04727272727272727 0.06060606060606061
15 0.7490909090909091 0.6513780623608019 0.09212121212121213 0.14424242424242423
15 0.7527272727272727 0.4739629732739421 0.09212121212121213 0.14545454545454548
