8 0.520673324742268 0.4046762589928058 0.07553956834532374 0.07553956834532374
4 0.304951675257732 0.44964028776978415 0.050359712230215826 0.043165467625899276
4 0.520673324742268 0.4856115107913669 0.050359712230215826 0.043165467625899276
4 0.6995425257731959 0.48920863309352514 0.04856115107913669 0.043165467625899276
4 0.8029091494845361 0.4064748201438849 0.050359712230215826 0.043165467625899276
4 0.3382087628865979 0.9424460431654677 0.04856115107913669 0.043165467625899276
10 0.7579671391752576 0.9856115107913668 0.010791366906474819 0.014388489208633093
10 0.49820231958762884 0.9865107913669064 0.03057553956834532 0.02697841726618705
10 0.7696520618556701 0.5440647482014388 0.019784172661870502 0.019784172661870502
10 0.5080895618556701 0.5485611510791367 0.025179856115107913 0.028776978417266185
5 0.7319007731958763 0.5467625899280576 0.04136690647482014 0.03237410071942446
5 0.57909793814433 0.5476618705035972 0.05215827338129496 0.03417266187050359
10 0.8316720360824743 0.2976618705035971 0.025179856115107913 0.02697841726618705
17 0.7426868556701031 0.6223021582733813 0.03776978417266187 0.05755395683453237
0 0.5584246134020618 0.6627697841726619 0.06474820143884892 0.07733812949640287
0 0.7130251288659795 0.7059352517985612 0.06474820143884892 0.07733812949640287
2 0.5566269329896907 0.8785971223021584 0.05755395683453237 0.07733812949640287
2 0.7130251288659795 0.835431654676259 0.05755395683453237 0.07733812949640287
8 0.6977448453608247 0.4046762589928058 0.0737410071942446 0.07553956834532374
17 0.4442719072164948 0.06384892086330936 0.055755395683453224 0.03776978417266187
17 0.7139239690721649 0.06384892086330936 0.055755395683453224 0.03776978417266187
17 0.4128125000000001 0.20413669064748202 0.05755395683453237 0.03776978417266187
17 0.2276514175257732 0.2023381294964029 0.05755395683453237 0.03776978417266187
17 0.2276514175257732 0.3318345323741007 0.05755395683453237 0.03776978417266187
17 0.3939368556701031 0.3327338129496403 0.055755395683453224 0.03597122302158273
17 0.7247100515463918 0.24730215827338128 0.055755395683453224 0.03776978417266187
17 0.25641430412371136 0.697841726618705 0.05755395683453237 0.03597122302158273
17 0.4550579896907216 0.697841726618705 0.055755395683453224 0.03597122302158273
17 0.25641430412371136 0.8282374100719425 0.05755395683453237 0.03776978417266187
17 0.45685567010309286 0.8282374100719425 0.055755395683453224 0.03776978417266187
17 0.7435856958762886 0.9190647482014388 0.039568345323741004 0.05755395683453237
10 0.30585051546391756 0.09712230215827339 0.04856115107913669 0.039568345323741004
10 0.3660728092783505 0.07194244604316546 0.039568345323741004 0.046762589928057555
10 0.7939207474226804 0.07194244604316546 0.039568345323741004 0.046762589928057555
10 0.14405927835051546 0.27697841726618705 0.023381294964028777 0.028776978417266185
10 0.3364110824742268 0.5998201438848921 0.04856115107913669 0.04136690647482014
10 0.17192332474226804 0.77068345323741 0.025179856115107913 0.02697841726618705
10 0.7966172680412371 0.77068345323741 0.03057553956834532 0.03057553956834532
14 0.5755025773195876 0.07284172661870504 0.04136690647482014 0.05575539568345324
14 0.30585051546391756 0.164568345323741 0.04856115107913669 0.03776978417266187
14 0.3040528350515464 0.38758992805755393 0.04856115107913669 0.03776978417266187
14 0.8002126288659793 0.3408273381294964 0.04856115107913669 0.03776978417266187
10 0.466742912371134 0.2976618705035971 0.039568345323741004 0.048561151079136694
15 0.5844909793814433 0.2526978417266187 0.14568345323741005 0.16366906474820145
14 0.3382087628865979 0.8785971223021584 0.04856115107913669 0.03776978417266187
14 0.3373099226804124 0.6591726618705036 0.050359712230215826 0.03776978417266187
