13 0.533532041728763 0.5171072345890411 0.038748137108792845 0.040238450074515646
8 0.14903129657228018 0.6279323630136986 0.06855439642324888 0.07153502235469449
4 0.03129657228017884 0.6941299229452055 0.06259314456035767 0.037257824143070044
4 0.7891207153502235 0.6926423373287671 0.06408345752608048 0.037257824143070044
19 0.28017883755588674 0.3616545376712329 0.09836065573770492 0.026825633383010434
19 0.555886736214605 0.3638859160958904 0.09836065573770492 0.028315946348733235
19 0.39716840536512665 0.6346264982876713 0.09985096870342772 0.028315946348733235
14 0.3956780923994039 0.3698362585616438 0.043219076005961254 0.06408345752608048
14 0.6676602086438153 0.37132384417808223 0.041728763040238454 0.06408345752608048
14 0.5163934426229508 0.6286761558219178 0.043219076005961254 0.06408345752608048
14 0.8859910581222057 0.5766106592465754 0.043219076005961254 0.06408345752608048
13 0.10432190760059612 0.5171072345890411 0.038748137108792845 0.040238450074515646
17 0.1005961251862891 0.4821489726027397 0.06110283159463488 0.032786885245901634
17 0.23174366616989567 0.4821489726027397 0.06110283159463488 0.032786885245901634
17 0.37183308494783907 0.4821489726027397 0.06110283159463488 0.032786885245901634
17 0.5342771982116244 0.4806613869863014 0.06110283159463488 0.032786885245901634
17 0.6646795827123696 0.4821489726027397 0.06259314456035767 0.032786885245901634
17 0.8025335320417287 0.4821489726027397 0.06110283159463488 0.032786885245901634
13 0.2324888226527571 0.5178510273972603 0.038748137108792845 0.038748137108792845
13 0.37257824143070045 0.5178510273972603 0.038748137108792845 0.038748137108792845
13 0.6646795827123696 0.5178510273972603 0.038748137108792845 0.038748137108792845
13 0.8032786885245902 0.5178510273972603 0.038748137108792845 0.038748137108792845
6 0.8874813710879284 0.6361140839041096 0.07004470938897168 0.037257824143070044
