13 0.2958579881656805 0.5900604124493928 0.04142011834319527 0.03994082840236686
8 0.09319526627218935 0.5206367029352227 0.09467455621301775 0.09319526627218935
6 0.14644970414201183 0.19789030870445345 0.059171597633136085 0.03254437869822485
6 0.41420118343195267 0.1993674089068826 0.059171597633136085 0.03254437869822485
6 0.6863905325443787 0.20084450910931176 0.059171597633136085 0.03254437869822485
6 0.371301775147929 0.5058657009109312 0.059171597633136085 0.03106508875739645
6 0.4807692307692307 0.8492914979757085 0.059171597633136085 0.029585798816568042
6 0.27071005917159763 0.37514233299595146 0.029585798816568042 0.056213017751479286
6 0.914940828402367 0.49774164979757085 0.04289940828402366 0.08284023668639054
6 0.27071005917159763 0.6860719256072875 0.029585798816568042 0.05769230769230769
19 0.21967455621301774 0.19567465840080972 0.07544378698224852 0.022189349112426034
19 0.48520710059171596 0.19419755819838055 0.07396449704142012 0.022189349112426034
19 0.757396449704142 0.19567465840080972 0.07396449704142012 0.022189349112426034
19 0.44230769230769235 0.5036500506072874 0.07396449704142012 0.020710059171597635
19 0.5562130177514792 0.8470758476720647 0.07396449704142012 0.022189349112426034
19 0.27588757396449703 0.44678169281376523 0.01923076923076923 0.07248520710059171
19 0.5465976331360947 0.2968560222672065 0.03106508875739645 0.10650887573964496
19 0.27588757396449703 0.7599269357287449 0.01923076923076923 0.07248520710059171
14 0.5392011834319527 0.4179782388663968 0.060650887573964495 0.03846153846153846
14 0.8069526627218935 0.49995730010121464 0.05473372781065089 0.03994082840236686
17 0.2566568047337278 0.28947052125506073 0.03402366863905325 0.059171597633136085
17 0.33653846153846156 0.18607350708502024 0.06656804733727811 0.03254437869822485
17 0.6087278106508875 0.18607350708502024 0.06656804733727811 0.03254437869822485
17 0.2581360946745562 0.5900604124493928 0.03402366863905325 0.060650887573964495
13 0.33653846153846156 0.22373956224696356 0.03994082840236687 0.03994082840236686
13 0.29511834319526625 0.28947052125506073 0.03994082840236687 0.04142011834319527
13 0.6094674556213018 0.22447811234817813 0.04142011834319527 0.04142011834319527
