17 0.39579967689822293 0.26851498983739835 0.09046849757673667 0.046849757673667204
13 0.3990306946688207 0.320947662601626 0.051696284329563816 0.05815831987075929
13 0.6445880452342488 0.3225609756097561 0.051696284329563816 0.05815831987075929
13 0.3360258481421648 0.4040332825203253 0.05815831987075929 0.05654281098546042
13 0.3376413570274637 0.6734565548780488 0.05815831987075929 0.05654281098546042
8 0.12035541195476576 0.5105119410569106 0.10823909531502422 0.10823909531502422
19 0.425686591276252 0.5290650406504065 0.14378029079159935 0.035541195476575124
6 0.8957996768982228 0.520191819105691 0.06300484652665592 0.11470113085621972
14 0.5274636510500808 0.40161331300813 0.08562197092084006 0.045234248788368334
14 0.7439418416801292 0.520191819105691 0.08562197092084006 0.046849757673667204
17 0.2827140549273021 0.6734565548780488 0.048465266558966075 0.09208400646203554
17 0.2835218093699515 0.40887322154471545 0.046849757673667204 0.09208400646203554
17 0.6429725363489499 0.26851498983739835 0.09046849757673667 0.046849757673667204
