6 0.739880059970015 0.5418615107913669 0.034482758620689655 0.017991004497751123
4 0.6094452773613194 0.696599595323741 0.025487256371814093 0.01649175412293853
9 0.20689655172413796 0.5627922661870504 0.017991004497751123 0.01199400299850075
0 0.08770614692653673 0.4828068794964029 0.03148425787106447 0.043478260869565216
2 0.08845577211394302 0.6203518435251798 0.026986506746626688 0.040479760119940034
10 0.39580209895052476 0.5284060251798561 0.03298350824587706 0.020989505247376312
9 0.5239880059970015 0.4349651528776978 0.01649175412293853 0.010494752623688156
9 0.5442278860569715 0.43571267985611517 0.017991004497751123 0.01199400299850075
9 0.4865067466266867 0.43571267985611517 0.01649175412293853 0.01199400299850075
0 0.20014992503748125 0.47832171762589926 0.03148425787106447 0.043478260869565216
0 0.9092953523238381 0.3781531025179856 0.025487256371814093 0.03748125937031484
0 0.6199400299850075 0.4985049460431655 0.03148425787106447 0.04497751124437781
0 0.5344827586206896 0.3781531025179856 0.03148425787106447 0.03748125937031484
0 0.8403298350824586 0.5291535521582734 0.03148425787106447 0.043478260869565216
2 0.19790104947526238 0.6203518435251798 0.026986506746626688 0.040479760119940034
2 0.49775112443778113 0.6248370053956835 0.026986506746626688 0.040479760119940034
2 0.603448275862069 0.6188567895683453 0.025487256371814093 0.040479760119940034
2 0.9092953523238381 0.6173617356115109 0.025487256371814093 0.040479760119940034
10 0.6904047976011994 0.4880395683453237 0.03148425787106447 0.020989505247376312
10 0.9827586206896551 0.5059802158273381 0.03148425787106447 0.020989505247376312
5 0.4992503748125937 0.30564298561151076 0.03298350824587706 0.0239880059970015
0 0.4775112443778111 0.5074752697841727 0.03148425787106447 0.04497751124437781
