10 0.5867952522255193 0.3895423030546624 0.016320474777448073 0.03115727002967359
10 0.7514836795252225 0.4258540996784566 0.016320474777448073 0.032640949554896145
10 0.75 0.3480431069131833 0.016320474777448073 0.03115727002967359
10 0.4250741839762611 0.5132988344051447 0.016320474777448073 0.032640949554896145
10 0.4250741839762611 0.4332646704180064 0.016320474777448073 0.032640949554896145
10 0.26186943620178044 0.4777280948553055 0.016320474777448073 0.032640949554896145
10 0.263353115727003 0.5555390876205788 0.016320474777448073 0.03115727002967359
10 0.15356083086053413 0.3836138464630225 0.02225519287833828 0.022255192878338277
10 0.18026706231454007 0.3836138464630225 0.016320474777448073 0.03115727002967359
6 0.45178041543026703 0.4762459807073955 0.02225519287833828 0.029673590504451043
6 0.28857566765578635 0.5177451768488746 0.02225519287833828 0.029673590504451043
6 0.3672106824925816 0.5740655144694534 0.02225519287833828 0.029673590504451043
6 0.20400593471810086 0.6148236535369775 0.02225519287833828 0.03115727002967359
10 0.33456973293768544 0.633350080385852 0.016320474777448073 0.032640949554896145
10 0.4977744807121661 0.590368770096463 0.016320474777448073 0.032640949554896145
10 0.6594955489614244 0.547387459807074 0.016320474777448073 0.032640949554896145
10 0.8227002967359051 0.502924035369775 0.016320474777448073 0.032640949554896145
2 0.7344213649851632 0.5496106310289389 0.03560830860534125 0.05192878338278932
2 0.5675074183976261 0.592591941318328 0.03412462908011869 0.05192878338278932
2 0.40875370919881304 0.635573251607717 0.03412462908011869 0.05192878338278932
2 0.2470326409495549 0.680036676045016 0.03412462908011869 0.05192878338278932
10 0.17210682492581603 0.6755903336012861 0.017804154302670624 0.03115727002967359
21 0.8664688427299703 0.4436394694533762 0.02373887240356083 0.044510385756676554
21 0.612759643916914 0.5081114348874598 0.02373887240356083 0.04302670623145401
21 0.4510385756676557 0.5518338022508038 0.02373887240356083 0.044510385756676554
21 0.2878338278931751 0.5962972266881029 0.02373887240356083 0.044510385756676554
21 0.4510385756676557 0.6303858520900322 0.02373887240356083 0.044510385756676554
21 0.13724035608308605 0.6140825964630225 0.02225519287833828 0.044510385756676554
14 0.14020771513353117 0.5755476286173634 0.03412462908011869 0.02077151335311573
10 0.060830860534124634 0.6770724477491962 0.02373887240356083 0.022255192878338277
10 0.23664688427299704 0.47698703778135043 0.02225519287833828 0.022255192878338277
10 0.23813056379821956 0.5547980305466238 0.02225519287833828 0.02373887240356083
10 0.40133531157270036 0.4347467845659164 0.02225519287833828 0.02373887240356083
10 0.39985163204747776 0.5140398914790997 0.02225519287833828 0.022255192878338277
10 0.5623145400593472 0.4688354099678456 0.02373887240356083 0.02373887240356083
10 0.5623145400593472 0.39102441720257236 0.02373887240356083 0.022255192878338277
10 0.7247774480712166 0.4243719855305466 0.02225519287833828 0.02373887240356083
10 0.7247774480712166 0.3465609927652733 0.02225519287833828 0.022255192878338277
10 0.8672106824925816 0.3695337620578778 0.02225519287833828 0.02373887240356083
6 0.5304154302670623 0.5303431471061093 0.02225519287833828 0.03115727002967359
6 0.6906528189910979 0.4873618368167202 0.02225519287833828 0.03115727002967359
6 0.776706231454006 0.3888012459807074 0.02225519287833828 0.029673590504451043
10 0.13798219584569732 0.541459003215434 0.02373887240356083 0.02373887240356083
21 0.776706231454006 0.541459003215434 0.02225519287833828 0.044510385756676554
21 0.6135014836795252 0.5866634847266881 0.02225519287833828 0.04302670623145401
10 0.5867952522255193 0.4695764670418006 0.016320474777448073 0.03115727002967359
6 0.6120178041543026 0.4325236133440514 0.02225519287833828 0.03115727002967359
21 0.7744807121661721 0.4658711816720257 0.02373887240356083 0.044510385756676554
4 0.7425816023738873 0.591109827170418 0.02225519287833828 0.022255192878338277
10 0.9354599406528191 0.5044061495176849 0.025222551928783383 0.026706231454005934
14 0.8686943620178041 0.405104501607717 0.03412462908011869 0.02077151335311573
4 0.7759643916913946 0.6140825964630225 0.02077151335311573 0.02373887240356083
4 0.6135014836795252 0.6570639067524116 0.02225519287833828 0.02373887240356083
4 0.5830860534124629 0.633350080385852 0.02077151335311573 0.02373887240356083
4 0.4510385756676557 0.7030094453376206 0.02077151335311573 0.02373887240356083
4 0.41839762611275966 0.6770724477491962 0.02077151335311573 0.022255192878338277
4 0.2551928783382789 0.7193127009646302 0.02077151335311573 0.02077151335311573
14 0.7744807121661721 0.5822171422829582 0.03560830860534125 0.019287833827893175
14 0.6135014836795252 0.6259395096463022 0.03412462908011869 0.02077151335311573
14 0.4532640949554897 0.6704029340836013 0.03412462908011869 0.02077151335311573
9 0.28857566765578635 0.3539715635048232 0.025222551928783383 0.019287833827893175
9 0.45178041543026703 0.3554536776527331 0.025222551928783383 0.019287833827893175
9 0.6149851632047477 0.3554536776527331 0.025222551928783383 0.019287833827893175
5 0.28857566765578635 0.3072849678456592 0.04302670623145401 0.02077151335311573
5 0.20252225519287834 0.32136505225080386 0.04302670623145401 0.022255192878338277
