8 0.6660280970625798 0.39249629446640316 0.02937420178799489 0.028097062579821204
9 0.3173690932311622 0.45260931324110676 0.01149425287356322 0.008301404853128993
14 0.9035759897828864 0.5178112648221344 0.019157088122605363 0.01277139208173691
2 0.6574074074074074 0.5906466156126482 0.02234993614303959 0.02873563218390805
9 0.24584929757343552 0.45229125494071154 0.01277139208173691 0.008939974457215836
10 0.806513409961686 0.5044528162055336 0.010217113665389528 0.010217113665389526
9 0.28192848020434225 0.5785604001976286 0.012132822477650063 0.009578544061302683
6 0.4658365261813538 0.40044775197628457 0.01851851851851852 0.02873563218390805
9 0.16762452107279693 0.48282485177865614 0.012132822477650063 0.008939974457215836
2 0.47126436781609193 0.5098598073122529 0.02298850574712644 0.03001277139208174
6 0.6931673052362708 0.45324542984189725 0.027458492975734355 0.01851851851851852
2 0.32630906768837803 0.48505125988142295 0.021711366538952746 0.02873563218390805
8 0.7164750957854407 0.3937685276679842 0.02937420178799489 0.028097062579821204
2 0.17592592592592593 0.5811048666007905 0.02234993614303959 0.02873563218390805
0 0.2372286079182631 0.40744503458498027 0.02234993614303959 0.02873563218390805
9 0.5814176245210728 0.46883028656126485 0.010855683269476373 0.007662835249042146
9 0.12675606641123882 0.45229125494071154 0.012132822477650063 0.008939974457215836
6 0.9639208173690932 0.5655200098814229 0.01851851851851852 0.028097062579821204
0 0.11813537675606642 0.5502532114624505 0.02298850574712644 0.02937420178799489
0 0.456896551724138 0.43925086462450597 0.02234993614303959 0.02873563218390805
8 0.12675606641123882 0.42048542490118573 0.03001277139208174 0.02937420178799489
8 0.28160919540229884 0.545800395256917 0.02937420178799489 0.028097062579821204
0 0.38984674329501917 0.40712697628458494 0.02234993614303959 0.02937420178799489
0 0.32535121328224775 0.40712697628458494 0.023627075351213285 0.02937420178799489
10 0.985632183908046 0.4968194169960475 0.009578544061302681 0.010217113665389526
9 0.1673052362707535 0.45260931324110676 0.01277139208173691 0.009578544061302683
2 0.7254150702426565 0.5887382658102767 0.021711366538952746 0.027458492975734355
0 0.04980842911877394 0.5505712697628459 0.021711366538952746 0.02873563218390805
0 0.1756066411238825 0.40744503458498027 0.02298850574712644 0.02873563218390805
9 0.7436143039591315 0.4685122282608695 0.009578544061302681 0.007024265644955301
2 0.2372286079182631 0.4847332015810276 0.0210727969348659 0.02937420178799489
0 0.5731162196679438 0.40744503458498027 0.02234993614303959 0.027458492975734355
9 0.6660280970625798 0.46883028656126485 0.008939974457215836 0.007662835249042146
0 0.85727969348659 0.46883028656126485 0.0210727969348659 0.028097062579821204
6 0.865581098339719 0.5165390316205534 0.017241379310344827 0.028097062579821204
8 0.05842911877394637 0.42048542490118573 0.02873563218390805 0.028097062579821204
6 0.864942528735632 0.5763339920948617 0.01851851851851852 0.02937420178799489
0 0.5111749680715197 0.4077630928853755 0.02234993614303959 0.028097062579821204
14 0.9284802043422733 0.5674283596837946 0.019157088122605363 0.01277139208173691
14 0.4399744572158365 0.5776062252964428 0.019157088122605363 0.014048531289910602
2 0.3895274584929757 0.5833312747035573 0.02298850574712644 0.02937420178799489
6 0.7637292464878672 0.5054069911067194 0.02937420178799489 0.01851851851851852
10 0.6159003831417624 0.5050889328063242 0.009578544061302681 0.010217113665389526
2 0.5913154533844189 0.5912827322134387 0.02298850574712644 0.02873563218390805
0 0.725095785440613 0.5031805830039525 0.02234993614303959 0.02937420178799489
6 0.4409323116219667 0.5384850543478261 0.01851851851851852 0.02873563218390805
0 0.6561302681992337 0.5038166996047431 0.023627075351213285 0.028097062579821204
9 0.7174329501915708 0.4704205780632411 0.010855683269476373 0.008301404853128993
14 0.743933588761175 0.4026741600790514 0.019157088122605363 0.014048531289910602
4 0.46328224776500637 0.6319941946640316 0.01851851851851852 0.013409961685823757
10 0.008620689655172414 0.5527976778656127 0.009578544061302681 0.010217113665389526
10 0.08077905491698595 0.5527976778656127 0.009578544061302681 0.010217113665389526
