7 0.23798076923076922 0.15945512820512822 0.09455128205128205 0.09294871794871794
4 0.8814102564102564 0.9551282051282051 0.0673076923076923 0.020833333333333332
4 0.6169871794871795 0.5849358974358975 0.0673076923076923 0.024038461538461536
13 0.41426282051282054 0.49759615384615385 0.0657051282051282 0.041666666666666664
12 0.27163461538461536 0.6442307692307693 0.08173076923076923 0.1330128205128205
21 0.8822115384615385 0.8525641025641025 0.0657051282051282 0.1330128205128205
10 0.9358974358974359 0.4615384615384615 0.022435897435897433 0.024038461538461536
12 0.7331730769230769 0.35096153846153844 0.08493589743589743 0.1330128205128205
10 0.9391025641025641 0.7532051282051283 0.022435897435897433 0.024038461538461536
12 0.5 0.35496794871794873 0.08333333333333333 0.1346153846153846
7 0.6161858974358975 0.5088141025641025 0.09455128205128205 0.09294871794871794
7 0.7003205128205128 0.14903846153846154 0.09615384615384615 0.09455128205128205
10 0.8741987179487178 0.06330128205128205 0.024038461538461536 0.02564102564102564
7 0.5272435897435898 0.15384615384615385 0.09615384615384615 0.09455128205128205
