21 0.6615720524017468 0.5907135547858943 0.12081513828238719 0.056768558951965066
4 0.9264919941775837 0.7657155226700252 0.0625909752547307 0.023289665211062592
11 0.7911208151382824 0.3990101542821159 0.0713245997088792 0.12372634643377001
12 0.21324599708879183 0.5413354061712846 0.07714701601164484 0.12663755458515286
10 0.8966521106259098 0.24070961901763224 0.011644832605531296 0.013100436681222707
10 0.055312954876273655 0.5435138539042821 0.023289665211062592 0.023289665211062592
4 0.5065502183406113 0.7707985673803527 0.0611353711790393 0.018922852983988356
14 0.6077147016011645 0.5093848394206549 0.033478893740902474 0.0625909752547307
4 0.056768558951965066 0.7744293136020151 0.06404657933042213 0.020378457059679767
7 0.23871906841339158 0.3249429313602015 0.08733624454148473 0.08588064046579329
7 0.32023289665211063 0.6945528967254407 0.08442503639010189 0.08442503639010189
10 0.056768558951965066 0.7250511649874055 0.023289665211062592 0.020378457059679767
10 0.9250363901018923 0.5878089578085642 0.02183406113537118 0.02183406113537118
12 0.4243085880640466 0.5384308091939547 0.07423580786026202 0.12081513828238719
21 0.5065502183406113 0.6807560610831234 0.05822416302765647 0.12081513828238719
21 0.7270742358078602 0.5108371379093198 0.11790393013100438 0.059679767103347894
10 0.9279475982532752 0.7170635232997481 0.02183406113537118 0.02183406113537118
4 0.32096069868995636 0.7715247166246851 0.0625909752547307 0.023289665211062592
