4 0.7121409921671018 0.6185450819672131 0.037859007832898174 0.019582245430809397
15 0.8093994778067886 0.47134074941452 0.10443864229765012 0.12402088772845951
4 0.14033942558746737 0.6165910421545668 0.037859007832898174 0.018276762402088774
2 0.5933420365535248 0.6713041569086651 0.056135770234986934 0.06266318537859009
10 0.9105744125326372 0.47264344262295077 0.027415143603133157 0.024804177545691905
6 0.608355091383812 0.40034396955503515 0.04177545691906005 0.05221932114882506
4 0.5006527415143603 0.7598872950819672 0.04046997389033942 0.018276762402088774
2 0.4425587467362925 0.5781615925058549 0.05744125326370757 0.058746736292428194
15 0.28720626631853785 0.45896516393442627 0.10704960835509139 0.12271540469973889
2 0.4406005221932115 0.6706528103044496 0.056135770234986934 0.061357702349869446
8 0.7114882506527415 0.5749048594847774 0.044386422976501305 0.04177545691906005
8 0.1409921671018277 0.5722994730679157 0.044386422976501305 0.04177545691906005
2 0.5920365535248042 0.5788129391100704 0.053524804177545696 0.06005221932114883
0 0.4406005221932115 0.3195769906323185 0.053524804177545696 0.06005221932114883
6 0.7069190600522193 0.4009953161592506 0.04046997389033942 0.053524804177545696
6 0.14033942558746737 0.38080357142857146 0.04046997389033942 0.054830287206266315
0 0.3975195822454308 0.45831381733021076 0.050913838120104436 0.061357702349869446
10 0.17036553524804177 0.32218237704918035 0.019582245430809397 0.018276762402088774
10 0.10835509138381201 0.3241364168618267 0.020887728459530026 0.016971279373368144
10 0.26631853785900783 0.551456381733021 0.02610966057441253 0.028720626631853784
10 0.39033942558746737 0.25835040983606555 0.020887728459530026 0.018276762402088774
10 0.7734986945169713 0.25835040983606555 0.019582245430809397 0.018276762402088774
