0 0.3807615230460922 0.32292041366906477 0.09619238476953908 0.12024048096192383
4 0.8276553106212425 0.8791704136690648 0.0841683366733467 0.052104208416833664
14 0.6382765531062125 0.7000899280575539 0.1062124248496994 0.05811623246492986
4 0.6392785571142284 0.8791704136690648 0.0841683366733467 0.04809619238476954
6 0.8296593186372746 0.6980890287769783 0.07615230460921843 0.13827655310621242
4 0.23146292585170342 0.5670301258992805 0.08617234468937876 0.04809619238476954
10 0.17234468937875752 0.6970885791366906 0.03607214428857715 0.04008016032064128
10 0.906813627254509 0.5100044964028777 0.038076152304609215 0.038076152304609215
18 0.2344689378757515 0.4249662769784173 0.1002004008016032 0.08016032064128256
10 0.4208416833667334 0.1748538669064748 0.03607214428857715 0.04008016032064128
10 0.4208416833667334 0.8801708633093526 0.04008016032064128 0.04208416833667335
2 0.3807615230460922 0.6980890287769783 0.09619238476953908 0.1222444889779559
