0 0.3419354838709677 0.5772727272727274 0.07741935483870968 0.12580645161290321
0 0.7435483870967742 0.35994318181818186 0.08064516129032258 0.12903225806451613
5 0.2129032258064516 0.1925189393939394 0.1032258064516129 0.03225806451612903
6 0.667741935483871 0.7495265151515151 0.058064516129032254 0.07096774193548387
0 0.5419354838709678 0.5772727272727274 0.07741935483870968 0.12580645161290321
0 0.9467741935483872 0.5772727272727274 0.08064516129032258 0.12580645161290321
0 0.5419354838709678 0.35833333333333334 0.0838709677419355 0.12580645161290321
0 0.09193548387096774 0.3567234848484848 0.08709677419354839 0.12903225806451613
0 0.3419354838709677 0.35833333333333334 0.0838709677419355 0.12580645161290321
8 0.05967741935483871 0.6545454545454545 0.1 0.08709677419354839
0 0.9467741935483872 0.35833333333333334 0.08064516129032258 0.13225806451612904
4 0.6693548387096774 0.8428977272727274 0.07419354838709677 0.03870967741935484
0 0.7435483870967742 0.5772727272727274 0.08064516129032258 0.12580645161290321
10 0.24193548387096775 0.6706439393939394 0.025806451612903226 0.029032258064516127
4 0.05806451612903226 0.8428977272727274 0.07096774193548387 0.03870967741935484
