6 0.3978185993111366 0.6628116054389313 0.026406429391504022 0.07233065442020667
4 0.473593570608496 0.7758915791984733 0.04247990815154994 0.025258323765786454
14 0.5717566016073479 0.7161945372137405 0.02066590126291619 0.04362801377726751
9 0.2876004592422503 0.33045980438931294 0.024110218140068886 0.03214695752009185
10 0.4873708381171068 0.2518204317748092 0.01722158438576349 0.017221584385763492
14 0.3484500574052813 0.7299707776717557 0.019517795637198625 0.045924225028702644
6 0.6199770378874856 0.649035364980916 0.027554535017221587 0.07233065442020667
6 0.6211251435132032 0.4400957180343511 0.027554535017221587 0.07233065442020667
10 0.4041331802525832 0.2512464217557252 0.018369690011481057 0.018369690011481057
6 0.703788748564868 0.4125432371183207 0.027554535017221587 0.0746268656716418
14 0.2629161882893226 0.4883125596374046 0.02066590126291619 0.04247990815154994
14 0.7950631458094145 0.7041403268129771 0.019517795637198625 0.04477611940298508
4 0.5574052812858783 0.5141430104961833 0.04247990815154994 0.025258323765786454
6 0.8662456946039037 0.6972522065839695 0.0746268656716418 0.026406429391504022
10 0.9448909299655568 0.7041403268129771 0.018369690011481057 0.019517795637198625
14 0.3742824339839265 0.593930403148855 0.02066590126291619 0.04247990815154994
6 0.7049368541905855 0.6381291746183206 0.027554535017221587 0.07577497129735936
4 0.09758897818599312 0.6404252146946565 0.04133180252583238 0.027554535017221587
6 0.15901262916188288 0.5135690004770993 0.026406429391504022 0.0746268656716418
6 0.48163030998851897 0.650183385019084 0.026406429391504022 0.0746268656716418
14 0.12629161882893225 0.743747018129771 0.018369690011481057 0.04362801377726751
4 0.24971297359357064 0.7885197996183206 0.04247990815154994 0.022962112514351322
4 0.22215843857634904 0.5221791507633589 0.04247990815154994 0.025258323765786454
6 0.2847301951779564 0.4360776479007633 0.027554535017221587 0.0711825487944891
4 0.6951779563719862 0.76383736879771 0.04247990815154994 0.026406429391504022
6 0.3978185993111366 0.5405474713740459 0.026406429391504022 0.07347876004592423
19 0.28874856486796785 0.5526016817748092 0.021814006888633754 0.07921928817451206
9 0.4833524684270952 0.329885794370229 0.022962112514351322 0.03329506314580942
14 0.5281285878300803 0.47970240935114494 0.02066590126291619 0.04362801377726751
6 0.48105625717566014 0.424597447519084 0.027554535017221587 0.07347876004592423
4 0.7801377726750861 0.5020888000954198 0.04247990815154994 0.026406429391504022
10 0.026980482204362798 0.7431730081106871 0.01722158438576349 0.019517795637198625
6 0.28530424799081516 0.6639596254770992 0.026406429391504022 0.07233065442020667
14 0.13719862227324914 0.6054106035305343 0.019517795637198625 0.04247990815154994
4 0.3340987370838117 0.6272229842557252 0.04133180252583238 0.026406429391504022
9 0.399540757749713 0.30233331345419845 0.022962112514351322 0.03559127439724455
14 0.5981630309988519 0.5795801526717558 0.02066590126291619 0.04362801377726751
4 0.5579793340987371 0.6140207538167939 0.04133180252583238 0.025258323765786454
14 0.751435132032147 0.4676481989503817 0.019517795637198625 0.04247990815154994
