10 0.8840579710144928 0.3546137971698113 0.012077294685990338 0.012077294685990338
6 0.44685990338164244 0.35581883844339623 0.060386473429951695 0.028985507246376812
6 0.3357487922705314 0.46668263561320755 0.028985507246376812 0.060386473429951695
6 0.27355072463768115 0.3564213590801887 0.059178743961352656 0.02777777777777778
14 0.5718599033816425 0.42812131485849053 0.035024154589371984 0.016908212560386472
6 0.6346618357487923 0.4275187942216981 0.02777777777777778 0.06159420289855072
14 0.767512077294686 0.396790241745283 0.035024154589371984 0.014492753623188406
14 0.2113526570048309 0.396790241745283 0.036231884057971016 0.014492753623188406
14 0.8502415458937198 0.396790241745283 0.036231884057971016 0.014492753623188406
8 0.5006038647342995 0.30400206367924526 0.06642512077294685 0.06763285024154589
4 0.2107487922705314 0.44318433077830194 0.025362318840579712 0.01570048309178744
19 0.8097826086956521 0.35039615271226415 0.06159420289855072 0.020531400966183576
4 0.7681159420289855 0.44318433077830194 0.026570048309178744 0.01570048309178744
8 0.5108695652173914 0.44137676886792454 0.06763285024154589 0.06521739130434782
6 0.7059178743961353 0.3552163178066038 0.059178743961352656 0.02777777777777778
4 0.8508454106280194 0.4449918926886792 0.025362318840579712 0.014492753623188406
4 0.1280193236714976 0.4437868514150944 0.026570048309178744 0.016908212560386472
14 0.3357487922705314 0.396790241745283 0.033816425120772944 0.014492753623188406
4 0.48611111111111105 0.7052808077830188 0.025362318840579712 0.016908212560386472
6 0.48611111111111105 0.582969118514151 0.030193236714975848 0.06159420289855072
5 0.2832125603864734 0.3202701208726415 0.01570048309178744 0.006038647342995169
14 0.1280193236714976 0.396790241745283 0.036231884057971016 0.014492753623188406
14 0.37681159420289856 0.35581883844339623 0.016908212560386472 0.036231884057971016
10 0.09480676328502416 0.3546137971698113 0.010869565217391304 0.012077294685990338
19 0.4909420289855072 0.6564766362028301 0.018115942028985508 0.06159420289855072
19 0.16847826086956522 0.3509986733490566 0.06159420289855072 0.01932367149758454
