12 0.6906976744186046 0.6889229910714285 0.03875968992248062 0.06511627906976744
6 0.25813953488372093 0.29404296875 0.026356589147286825 0.05271317829457365
6 0.2565891472868217 0.39005301339285714 0.026356589147286825 0.05271317829457365
6 0.1434108527131783 0.6509835379464286 0.026356589147286825 0.05426356589147287
6 0.5775193798449613 0.64091796875 0.026356589147286825 0.05271317829457365
6 0.3085271317829457 0.472900390625 0.05581395348837209 0.023255813953488372
6 0.40852713178294575 0.472900390625 0.05426356589147287 0.023255813953488372
6 0.5868217054263566 0.47444893973214286 0.05426356589147287 0.023255813953488372
10 0.8627906976744185 0.24139229910714283 0.017054263565891473 0.018604651162790697
10 0.85968992248062 0.47367466517857143 0.020155038759689922 0.024806201550387597
10 0.8589147286821707 0.7477678571428571 0.021705426356589147 0.021705426356589147
10 0.10155038759689923 0.5588448660714286 0.023255813953488372 0.021705426356589147
10 0.22248062015503875 0.34437081473214287 0.020155038759689922 0.026356589147286825
10 0.462015503875969 0.4372837611607142 0.018604651162790697 0.020155038759689922
10 0.35891472868217056 0.43883231026785713 0.020155038759689922 0.020155038759689922
10 0.6131782945736434 0.5603934151785714 0.020155038759689922 0.021705426356589147
8 0.7062015503875969 0.299462890625 0.04186046511627907 0.04496124031007752
11 0.47519379844961235 0.5294224330357142 0.03875968992248062 0.06511627906976744
11 0.24573643410852714 0.5294224330357142 0.03875968992248062 0.06511627906976744
11 0.18527131782945735 0.5580705915178571 0.03875968992248062 0.06356589147286822
11 0.7496124031007751 0.5727818080357143 0.03875968992248062 0.06511627906976744
13 0.7069767441860465 0.4156040736607142 0.040310077519379844 0.03875968992248062
13 0.7069767441860465 0.5209054129464287 0.037209302325581395 0.03875968992248062
11 0.5325581395348837 0.5611676897321429 0.03875968992248062 0.06356589147286822
12 0.27054263565891473 0.6873744419642857 0.03875968992248062 0.06511627906976744
12 0.44728682170542633 0.6904715401785715 0.03875968992248062 0.06511627906976744
12 0.8054263565891473 0.6920200892857143 0.03875968992248062 0.06511627906976744
12 0.8069767441860465 0.3567592075892857 0.03875968992248062 0.06356589147286822
