2 0.4001610305958132 0.5619523026315789 0.0789049919484702 0.09500805152979065
18 0.23027375201288244 0.3102138157894737 0.08051529790660225 0.06119162640901771
4 0.571658615136876 0.8241463815789473 0.0322061191626409 0.030595813204508854
6 0.8083735909822867 0.6439884868421053 0.06119162640901771 0.1143317230273752
0 0.33494363929146537 0.2579358552631579 0.07729468599033815 0.09500805152979065
18 0.23027375201288244 0.6150345394736842 0.08051529790660225 0.06602254428341384
2 0.39855072463768115 0.40913980263157895 0.07568438003220611 0.09822866344605473
18 0.3172302737520129 0.46141776315789473 0.08051529790660225 0.0644122383252818
4 0.6731078904991948 0.4509621710526316 0.06763285024154589 0.037037037037037035
4 0.3164251207729469 0.5378240131578946 0.06602254428341384 0.037037037037037035
2 0.5402576489533011 0.5611480263157895 0.0821256038647343 0.0966183574879227
10 0.571658615136876 0.16061842105263158 0.0322061191626409 0.0322061191626409
4 0.6497584541062802 0.7067220394736842 0.06924315619967794 0.037037037037037035
18 0.6489533011272142 0.6150345394736842 0.08051529790660225 0.06602254428341384
4 0.8099838969404187 0.7509572368421054 0.07085346215780998 0.04186795491143317
4 0.3679549114331723 0.8249506578947369 0.030595813204508854 0.02898550724637681
2 0.3333333333333333 0.7405016447368421 0.08051529790660225 0.10144927536231885
2 0.5410628019323671 0.40913980263157895 0.07729468599033815 0.09822866344605473
4 0.23107890499194847 0.3834029605263158 0.06924315619967794 0.037037037037037035
4 0.2318840579710145 0.6906365131578948 0.06763285024154589 0.040257648953301126
10 0.3671497584541063 0.16142269736842105 0.02898550724637681 0.033816425120772944
10 0.1473429951690821 0.7396973684210526 0.030595813204508854 0.0322061191626409
18 0.6739130434782609 0.36088322368421055 0.0821256038647343 0.06602254428341384
10 0.8647342995169082 0.5088700657894737 0.02898550724637681 0.030595813204508854
2 0.5410628019323671 0.40913980263157895 0.07729468599033815 0.09822866344605473
