6 0.3341254752851711 0.5246695619335348 0.023764258555133082 0.02091254752851711
10 0.4130228136882129 0.6741101774924472 0.010456273764258554 0.012357414448669201
6 0.5489543726235742 0.557878587613293 0.023764258555133082 0.02091254752851711
6 0.7989543726235742 0.4577770959214501 0.023764258555133082 0.021863117870722433
14 0.5080798479087453 0.34296875 0.010456273764258554 0.019961977186311784
10 0.04895437262357415 0.5094882930513596 0.012357414448669201 0.013307984790874524
10 0.6611216730038023 0.2945784554380665 0.014258555133079848 0.012357414448669201
10 0.9515209125475284 0.49335819486404836 0.011406844106463879 0.01140684410646388
10 0.9515209125475284 0.5251439765861028 0.011406844106463879 0.012357414448669201
10 0.689638783269962 0.7884441087613292 0.010456273764258554 0.009505703422053232
10 0.16920152091254753 0.7903417673716012 0.011406844106463879 0.0076045627376425855
10 0.04752851711026616 0.7229748867069486 0.011406844106463879 0.013307984790874524
10 0.4144486692015209 0.5915620279456194 0.011406844106463879 0.010456273764258554
0 0.12547528517110265 0.2922063821752266 0.04182509505703422 0.047528517110266164
0 0.24334600760456274 0.4089123867069486 0.04182509505703422 0.047528517110266164
0 0.5979087452471483 0.2922063821752266 0.04182509505703422 0.047528517110266164
0 0.7281368821292775 0.2941040407854985 0.04182509505703422 0.047528517110266164
0 0.6311787072243346 0.45920033987915404 0.04182509505703422 0.047528517110266164
0 0.7167300380228137 0.46014916918429005 0.04182509505703422 0.047528517110266164
0 0.8502851711026616 0.4250424848942599 0.0408745247148289 0.047528517110266164
0 0.6302281368821293 0.557878587613293 0.04182509505703422 0.047528517110266164
2 0.12642585551330798 0.5085394637462236 0.03802281368821293 0.047528517110266164
2 0.24477186311787072 0.5094882930513596 0.03897338403041825 0.047528517110266164
2 0.16682509505703422 0.7229748867069486 0.03897338403041825 0.047528517110266164
2 0.6563688212927756 0.7229748867069486 0.03897338403041825 0.047528517110266164
2 0.848384030418251 0.5891899546827795 0.03897338403041825 0.047528517110266164
2 0.7172053231939164 0.5607250755287009 0.03897338403041825 0.047528517110266164
2 0.498574144486692 0.4231448262839879 0.03897338403041825 0.047528517110266164
2 0.4995247148288973 0.5910876132930514 0.03897338403041825 0.047528517110266164
5 0.7480988593155894 0.2310068919939577 0.019011406844106463 0.010456273764258554
5 0.14211026615969582 0.2305324773413897 0.018060836501901135 0.009505703422053232
6 0.4586501901140684 0.3443919939577039 0.023764258555133082 0.02091254752851711
6 0.33365019011406843 0.4919349509063444 0.024714828897338403 0.021863117870722433
