6 0.40980629539951574 0.2510599772135417 0.03753026634382567 0.06537530266343825
6 0.9213075060532688 0.4913503011067708 0.0387409200968523 0.06658595641646489
6 0.585956416464891 0.4925608317057292 0.0387409200968523 0.06658595641646489
7 0.5835351089588378 0.25348103841145836 0.07263922518159806 0.07506053268765132
11 0.22518159806295399 0.3400339762369792 0.06295399515738499 0.09564164648910412
11 0.8002421307506055 0.3884552001953125 0.06295399515738499 0.09564164648910412
12 0.3898305084745763 0.55006103515625 0.06295399515738499 0.09443099273607748
14 0.02602905569007264 0.531903076171875 0.039951573849878935 0.01694915254237288
4 0.5847457627118644 0.6674825032552084 0.043583535108958835 0.024213075060532687
4 0.9188861985472154 0.6027191162109375 0.0387409200968523 0.02542372881355932
4 0.5841404358353511 0.33216552734375 0.0423728813559322 0.026634382566585957
4 0.40920096852300236 0.8756937662760416 0.04116222760290557 0.026634382566585957
4 0.024213075060532687 0.8762990315755209 0.04116222760290557 0.02542372881355932
6 0.024818401937046004 0.2032440185546875 0.03753026634382567 0.06658595641646489
6 0.9200968523002422 0.23471781412760415 0.0387409200968523 0.06658595641646489
