4 0.625 0.5731481481481481 0.06 0.034999999999999996
6 0.24916666666666668 0.44264520202020197 0.07833333333333334 0.04000000000000001
6 0.4058333333333334 0.6280092592592593 0.03833333333333333 0.07833333333333334
6 0.5941666666666666 0.31879208754208754 0.075 0.03833333333333333
6 0.25 0.5041561447811448 0.07666666666666666 0.04000000000000001
15 0.6208333333333333 0.4717382154882155 0.16833333333333333 0.17166666666666663
10 0.19 0.5049873737373737 0.02 0.021666666666666667
10 0.6258333333333334 0.40856481481481477 0.021666666666666667 0.021666666666666667
10 0.18583333333333332 0.44264520202020197 0.021666666666666667 0.020000000000000004
10 0.4050000000000001 0.6903514309764309 0.02 0.020000000000000004
