6 0.4568421052631579 0.36245 0.05473684210526316 0.023157894736842106
4 0.3836842105263158 0.734675 0.03894736842105263 0.02631578947368421
13 0.5442105263157895 0.365075 0.039999999999999994 0.04105263157894737
10 0.6447368421052632 0.490025 0.017894736842105262 0.019999999999999997
15 0.4926315789473684 0.490025 0.1705263157894737 0.19894736842105262
6 0.3836842105263158 0.673775 0.02631578947368421 0.05789473684210526
6 0.45631578947368423 0.301025 0.05578947368421052 0.024210526315789474
6 0.4978947368421053 0.6176 0.056842105263157895 0.02526315789473684
10 0.2673684210526316 0.6176 0.016842105263157894 0.018947368421052633
6 0.3294736842105263 0.6165499999999999 0.056842105263157895 0.02736842105263158
4 0.27210526315789474 0.470075 0.03684210526315789 0.02631578947368421
13 0.5447368421052632 0.301025 0.04105263157894737 0.04105263157894737
14 0.3294736842105263 0.429125 0.03368421052631579 0.06
