4 0.23583333333333334 0.510878537735849 0.05500000000000001 0.03333333333333333
6 0.14666666666666667 0.41593455188679246 0.08 0.04
6 0.5941666666666666 0.44508402122641505 0.08166666666666667 0.03833333333333333
15 0.8316666666666667 0.5341981132075471 0.16333333333333333 0.16333333333333333
7 0.4758333333333333 0.6557930424528302 0.06833333333333333 0.06999999999999999
6 0.8358333333333332 0.4167673938679245 0.07833333333333334 0.03833333333333333
7 0.08583333333333333 0.5058814858490566 0.06833333333333333 0.07333333333333333
4 0.4758333333333333 0.7490713443396226 0.05500000000000001 0.03
4 0.08583333333333333 0.6016583136792453 0.058333333333333334 0.034999999999999996
6 0.595 0.565013266509434 0.07666666666666666 0.03833333333333333
15 0.3516666666666667 0.44508402122641505 0.16 0.16166666666666668
6 0.35583333333333333 0.29683814858490565 0.07833333333333334 0.03833333333333333
4 0.7166666666666667 0.6607900943396227 0.056666666666666664 0.03333333333333333
