15 0.29500891265597146 0.4653251262626263 0.11942959001782531 0.1319073083778966
6 0.4376114081996435 0.3870843855218855 0.058823529411764705 0.035650623885918005
10 0.08199643493761141 0.38530618686868684 0.017825311942959002 0.017825311942959002
10 0.8948306595365418 0.48488531144781144 0.017825311942959002 0.017825311942959002
10 0.27540106951871657 0.7124947390572391 0.0196078431372549 0.017825311942959002
6 0.30213903743315507 0.38619528619528615 0.058823529411764705 0.0338680926916221
10 0.08199643493761141 0.49644360269360266 0.017825311942959002 0.0196078431372549
10 0.4670231729055258 0.7124947390572391 0.021390374331550804 0.017825311942959002
6 0.5784313725490197 0.3870843855218855 0.058823529411764705 0.035650623885918005
10 0.6577540106951871 0.7124947390572391 0.021390374331550804 0.017825311942959002
10 0.08199643493761141 0.5480113636363637 0.017825311942959002 0.0196078431372549
6 0.7745098039215687 0.30261994949494947 0.04812834224598931 0.030303030303030304
15 0.5748663101604278 0.5168928872053872 0.12299465240641712 0.1319073083778966
6 0.1746880570409982 0.38619528619528615 0.057040998217468795 0.0338680926916221
15 0.7602495543672014 0.48577441077441075 0.1265597147950089 0.13368983957219252
10 0.6800356506238859 0.2990635521885522 0.0196078431372549 0.0196078431372549
