6 0.10585585585585586 0.5419567953020135 0.06306306306306306 0.03153153153153153
10 0.31981981981981983 0.3687552432885906 0.013513513513513514 0.013513513513513514
6 0.25563063063063063 0.6892905830536913 0.0698198198198198 0.03378378378378378
15 0.8603603603603605 0.5385827390939598 0.12612612612612611 0.1554054054054054
10 0.9752252252252254 0.19667837667785235 0.013513513513513514 0.015765765765765764
4 0.7511261261261262 0.7432754823825503 0.042792792792792786 0.024774774774774775
10 0.45157657657657657 0.2945260067114094 0.01126126126126126 0.013513513513513514
6 0.6677927927927928 0.49134595218120813 0.0698198198198198 0.03378378378378378
6 0.7533783783783784 0.6499265939597315 0.02927927927927928 0.08108108108108107
4 0.041666666666666664 0.4980940645973154 0.042792792792792786 0.024774774774774775
6 0.16328828828828829 0.4418597944630872 0.0698198198198198 0.03378378378378378
14 0.875 0.34288747902684563 0.024774774774774775 0.060810810810810814
6 0.5168918918918919 0.49247063758389265 0.06531531531531531 0.036036036036036036
6 0.4594594594594595 0.6870412122483222 0.06306306306306306 0.03378378378378378
15 0.3367117117117117 0.49022126677852357 0.12837837837837837 0.15315315315315314
10 0.8457207207207207 0.6600487625838926 0.015765765765765764 0.015765765765765764
10 0.8434684684684685 0.41936608640939593 0.015765765765765764 0.015765765765765764
10 0.32319819819819817 0.612811975671141 0.015765765765765764 0.015765765765765764
