14 0.05263157894736842 0.3447115384615385 0.07322654462242563 0.03203661327231121
6 0.30892448512585813 0.47373798076923074 0.04576659038901602 0.07551487414187644
10 0.9588100686498857 0.5 0.03203661327231121 0.03203661327231121
10 0.7517162471395881 0.27734375 0.02974828375286041 0.02974828375286041
4 0.5022883295194508 0.61875 0.04805491990846682 0.03203661327231121
4 0.9599542334096111 0.7637620192307693 0.05263157894736842 0.034324942791762014
4 0.7505720823798627 0.57421875 0.05034324942791761 0.034324942791762014
4 0.3100686498855835 0.6118990384615385 0.04805491990846682 0.03203661327231121
10 0.9599542334096111 0.6530048076923076 0.02974828375286041 0.03203661327231121
15 0.7494279176201373 0.412079326923077 0.23112128146453087 0.29061784897025167
6 0.30892448512585813 0.2819110576923077 0.041189931350114416 0.07093821510297482
