10 0.15548281505728315 0.5106582125603865 0.029459901800327336 0.029459901800327336
0 0.4328968903436989 0.30801630434782606 0.07692307692307693 0.10147299509001637
4 0.7995090016366612 0.8031816123188407 0.07364975450081833 0.04255319148936171
10 0.4672667757774141 0.2107808725845411 0.031096563011456628 0.034369885433715226
14 0.6448445171849427 0.6659080615942029 0.088379705400982 0.04582651391162029
6 0.8003273322422257 0.6642738526570049 0.062193126022913256 0.11456628477905076
15 0.27577741407528644 0.6144304800724638 0.1685761047463175 0.1685761047463175
4 0.646481178396072 0.8039987167874397 0.06873977086743045 0.04091653027823241
15 0.27495908346972175 0.40606884057971016 0.1734860883797054 0.17348608837970542
2 0.4345335515548282 0.7157514341787439 0.07692307692307693 0.09983633387888706
10 0.8641571194762683 0.5098411080917874 0.029459901800327336 0.031096563011456628
10 0.46644844517184947 0.8097184480676329 0.03273322422258593 0.03600654664484452
