6 0.17867867867867868 0.5067197882059801 0.036036036036036036 0.01651651651651652
6 0.43993993993993996 0.47671563538205974 0.039039039039039033 0.01651651651651652
14 0.16966966966966968 0.4467114825581396 0.015015015015015015 0.03453453453453453
10 0.6764264264264265 0.6859946013289037 0.013513513513513514 0.015015015015015015
15 0.7845345345345346 0.5389742524916944 0.11561561561561562 0.12912912912912913
4 0.44744744744744747 0.6042332848837209 0.039039039039039033 0.02252252252252252
6 0.3108108108108108 0.37245120431893686 0.039039039039039033 0.018018018018018018
14 0.5525525525525525 0.40245535714285713 0.018018018018018018 0.036036036036036036
6 0.6786786786786787 0.45571272840531557 0.021021021021021026 0.03753753753753754
6 0.31006006006006004 0.5749792358803987 0.03753753753753754 0.018018018018018018
6 0.551051051051051 0.3604495431893688 0.039039039039039033 0.018018018018018018
6 0.674924924924925 0.619235361295681 0.03753753753753754 0.04354354354354355
10 0.882132132132132 0.5382241486710964 0.013513513513513514 0.013513513513513514
10 0.6779279279279279 0.4002050456810631 0.013513513513513514 0.013513513513513514
15 0.3280780780780781 0.4774657392026578 0.10960960960960961 0.12912912912912913
9 0.6786786786786787 0.5059696843853821 0.018018018018018018 0.012012012012012012
15 0.5540540540540541 0.5074698920265781 0.11111111111111112 0.12912912912912913
4 0.10285285285285287 0.5599771594684386 0.04054054054054054 0.024024024024024024
