4 0.9045893719806763 0.3830675074183977 0.03140096618357488 0.01932367149758454
14 0.8478260869565217 0.2118879821958457 0.024154589371980676 0.043478260869565216
14 0.34299516908212563 0.2685459940652819 0.024154589371980676 0.04106280193236715
4 0.9106280193236715 0.6940838278931751 0.033816425120772944 0.01932367149758454
10 0.06763285024154589 0.48673961424332346 0.01932367149758454 0.01932367149758454
10 0.06763285024154589 0.5940281899109793 0.01932367149758454 0.021739130434782608
10 0.7270531400966184 0.15161350148367952 0.01932367149758454 0.01932367149758454
15 0.7234299516908212 0.48673961424332346 0.22946859903381642 0.2270531400966184
10 0.7270531400966184 0.8435645400593472 0.01932367149758454 0.01932367149758454
10 0.9408212560386474 0.48553412462908013 0.021739130434782608 0.021739130434782608
10 0.5748792270531401 0.43128709198813053 0.01932367149758454 0.01932367149758454
14 0.8562801932367151 0.7591802670623145 0.021739130434782608 0.04830917874396135
4 0.39855072463768115 0.3264094955489614 0.028985507246376812 0.016908212560386472
10 0.4396135265700483 0.540986646884273 0.01932367149758454 0.021739130434782608
10 0.5748792270531401 0.5385756676557863 0.01932367149758454 0.021739130434782608
14 0.8514492753623187 0.32279302670623145 0.021739130434782608 0.04830917874396135
4 0.9033816425120772 0.27095697329376855 0.028985507246376812 0.016908212560386472
14 0.8502415458937198 0.6338093471810089 0.024154589371980676 0.043478260869565216
4 0.3997584541062802 0.43852002967359044 0.03140096618357488 0.01932367149758454
15 0.21859903381642512 0.540986646884273 0.22946859903381642 0.22463768115942026
10 0.22222222222222224 0.20586053412462907 0.01932367149758454 0.021739130434782608
4 0.22342995169082122 0.7037277448071217 0.03140096618357488 0.01932367149758454
4 0.9070048309178744 0.8182492581602375 0.03140096618357488 0.016908212560386472
14 0.3466183574879227 0.37945103857566764 0.021739130434782608 0.050724637681159424
