6 0.3645833333333333 0.475 0.0375 0.075
6 0.3645833333333333 0.596875 0.0375 0.07708333333333332
4 0.8104166666666666 0.7291666666666667 0.05833333333333333 0.0375
15 0.6677083333333333 0.4760416666666666 0.16458333333333333 0.16041666666666665
6 0.6864583333333333 0.29166666666666663 0.07708333333333332 0.041666666666666664
6 0.44375 0.6572916666666667 0.075 0.03958333333333333
6 0.440625 0.29166666666666663 0.07708333333333332 0.041666666666666664
10 0.8625 0.4760416666666666 0.016666666666666666 0.014583333333333332
15 0.23958333333333334 0.28645833333333337 0.175 0.16041666666666665
6 0.6864583333333333 0.6572916666666667 0.07291666666666666 0.03958333333333333
6 0.3645833333333333 0.353125 0.0375 0.07291666666666666
15 0.2364583333333333 0.659375 0.17291666666666666 0.16458333333333333
10 0.08958333333333333 0.2416666666666667 0.0125 0.0125
10 0.08125 0.7052083333333334 0.0125 0.014583333333333332
