4 0.7447013487475915 0.9114340840080972 0.10211946050096339 0.04238921001926782
4 0.24470134874759153 0.6976214574898786 0.09633911368015413 0.038535645472061654
12 0.7109826589595376 0.4443209134615384 0.08477842003853564 0.12138728323699421
6 0.3516377649325626 0.24784444585020243 0.03660886319845857 0.0789980732177264
6 0.3516377649325626 0.7486668142712551 0.040462427745664734 0.08670520231213871
11 0.21098265895953755 0.5695265055668016 0.08285163776493255 0.12524084778420036
6 0.74373795761079 0.7477036943319837 0.038535645472061654 0.08477842003853564
15 0.4865125240847784 0.44046843370445343 0.20231213872832368 0.22928709055876687
6 0.24373795761079 0.24688132591093118 0.03660886319845857 0.07707129094412331
4 0.13680154142581888 0.6976214574898786 0.09633911368015413 0.038535645472061654
4 0.35067437379576105 0.9114340840080972 0.1001926782273603 0.04238921001926782
10 0.8892100192678228 0.6022725835020243 0.02119460500963391 0.02119460500963391
9 0.33429672447013487 0.3903861968623482 0.05202312138728323 0.09055876685934489
10 0.7408477842003853 0.1197494939271255 0.03660886319845857 0.05009633911368015
