12 0.4110169491525424 0.24438100961538461 0.05932203389830508 0.09322033898305085
6 0.3912429378531073 0.7076021634615385 0.053672316384180796 0.09322033898305085
4 0.15819209039548024 0.837530048076923 0.0903954802259887 0.03672316384180791
12 0.17937853107344634 0.24438100961538461 0.05932203389830508 0.09322033898305085
15 0.6228813559322034 0.5522536057692308 0.17796610169491525 0.17796610169491525
4 0.3926553672316384 0.837530048076923 0.0903954802259887 0.03672316384180791
10 0.8700564971751412 0.5536658653846154 0.03389830508474576 0.03389830508474576
6 0.3912429378531073 0.3997295673076923 0.053672316384180796 0.08757062146892655
6 0.1596045197740113 0.7090144230769231 0.053672316384180796 0.0903954802259887
10 0.1596045197740113 0.14834735576923078 0.053672316384180796 0.053672316384180796
10 0.3926553672316384 0.151171875 0.05649717514124294 0.053672316384180796
