10 0.9021739130434783 0.49130658436214 0.017391304347826087 0.015217391304347827
15 0.6902173913043478 0.49239326131687244 0.1891304347826087 0.1826086956521739
15 0.22826086956521738 0.3293917181069959 0.19130434782608696 0.17391304347826086
10 0.07391304347826087 0.7032085905349794 0.017391304347826087 0.013043478260869565
6 0.7065217391304348 0.6564814814814814 0.08260869565217391 0.041304347826086954
6 0.44565217391304346 0.3293917181069959 0.08260869565217391 0.043478260869565216
6 0.7065217391304348 0.3304783950617284 0.08695652173913043 0.04565217391304348
15 0.22826086956521738 0.6564814814814814 0.1869565217391304 0.1717391304347826
6 0.44565217391304346 0.6564814814814814 0.08695652173913043 0.041304347826086954
4 0.8369565217391305 0.7358088991769548 0.07391304347826086 0.043478260869565216
10 0.07282608695652174 0.28049125514403295 0.015217391304347827 0.015217391304347827
