0 0.13063063063063063 0.402526681759379 0.04643104643104643 0.056133056133056136
10 0.6683991683991684 0.6538142787839586 0.009009009009009009 0.009702009702009701
0 0.4854469854469855 0.32544671733505826 0.04504504504504504 0.05405405405405406
14 0.2661122661122661 0.506221701164295 0.026334026334026334 0.0492030492030492
14 0.9164934164934164 0.6189036222509703 0.0492030492030492 0.0297990297990298
10 0.9525294525294525 0.506221701164295 0.017325017325017324 0.01593901593901594
4 0.5485100485100485 0.7509419469598966 0.043659043659043655 0.024255024255024255
2 0.7889812889812889 0.5957450679172057 0.05336105336105336 0.045738045738045734
2 0.13097713097713098 0.5998928686934024 0.04435204435204435 0.05682605682605683
0 0.3756063756063756 0.3855898285899094 0.04712404712404712 0.05544005544005544
2 0.6690921690921691 0.5957450679172057 0.05336105336105336 0.045738045738045734
10 0.04435204435204435 0.49723479948253557 0.008316008316008316 0.009009009009009007
0 0.7286902286902287 0.4889391979301423 0.056133056133056136 0.043659043659043655
0 0.4851004851004851 0.44538728978007763 0.045738045738045734 0.05474705474705475
10 0.7886347886347886 0.6538142787839586 0.018018018018018018 0.016632016632016633
10 0.7286902286902287 0.4312156371280724 0.017325017325017324 0.016632016632016633
10 0.5412335412335413 0.32752061772315655 0.018018018018018018 0.016632016632016633
10 0.3173943173943174 0.3855898285899094 0.018018018018018018 0.016632016632016633
10 0.5433125433125433 0.4505720407503234 0.018018018018018018 0.016632016632016633
