14 0.3147977941176471 0.7618938998957246 0.11488970588235295 0.050551470588235295
15 0.5101102941176471 0.4145398852971846 0.24080882352941177 0.26746323529411764
6 0.17601102941176472 0.3571070125130344 0.12591911764705882 0.056985294117647065
10 0.9044117647058825 0.41545881126173095 0.03125 0.03768382352941176
10 0.5707720588235294 0.5652437434827946 0.034926470588235295 0.035845588235294115
4 0.04181985294117647 0.4632429614181439 0.08363970588235295 0.06341911764705882
6 0.5620404411764706 0.6700013034410844 0.12775735294117646 0.0542279411764706
4 0.3125 0.9103004431699688 0.10661764705882353 0.058823529411764705
6 0.5629595588235294 0.1595379301355579 0.12775735294117646 0.056985294117647065
10 0.5716911764705882 0.26567387904066736 0.03676470588235294 0.03768382352941176
