6 0.514161220043573 0.25434782608695655 0.1394335511982571 0.06971677559912853
10 0.5816993464052288 0.6402173913043478 0.026143790849673203 0.023965141612200435
10 0.5773420479302832 0.3467391304347826 0.026143790849673203 0.023965141612200435
4 0.06535947712418301 0.825 0.07407407407407408 0.04139433551198257
15 0.5708061002178649 0.49565217391304345 0.2788671023965142 0.3224400871459695
4 0.0784313725490196 0.3739130434782608 0.07407407407407408 0.03921568627450981
6 0.5631808278867102 0.7347826086956522 0.13725490196078433 0.06535947712418301
10 0.8899782135076253 0.4978260869565217 0.023965141612200435 0.026143790849673203
6 0.21677559912854033 0.7358695652173913 0.13725490196078433 0.06753812636165578
14 0.18082788671023964 0.2532608695652174 0.03921568627450981 0.11546840958605664
