11 0.5871261378413524 0.357063137755102 0.04031209362808842 0.05461638491547464
12 0.9174252275682704 0.45581951530612247 0.04031209362808842 0.05201560468140441
6 0.2275682704811443 0.5539261798469388 0.018205461638491547 0.03511053315994798
6 0.6033810143042913 0.30313695790816325 0.018205461638491547 0.03511053315994798
6 0.5247074122236671 0.6793207908163266 0.04031209362808842 0.018205461638491547
6 0.3543563068920676 0.7053093112244897 0.016905071521456434 0.036410923276983094
12 0.7594278283485045 0.4343789859693878 0.04161248374512354 0.05331599479843953
12 0.46618985695708715 0.44802295918367346 0.04291287386215865 0.05201560468140441
6 0.48049414824447334 0.30313695790816325 0.016905071521456434 0.03511053315994798
12 0.5890767230169051 0.6760722257653061 0.044213263979193757 0.05591677503250975
12 0.2425227568270481 0.6370894451530612 0.04031209362808842 0.05331599479843953
13 0.9700910273081924 0.4623166454081632 0.03120936280884265 0.028608582574772428
14 0.6814044213263979 0.3479671556122449 0.03381014304291287 0.018205461638491547
14 0.3933680104031209 0.5519770408163265 0.032509752925877766 0.015604681404421325
6 0.48114434330299083 0.49675143494897955 0.018205461638491547 0.03511053315994798
12 0.46684005201560475 0.5864118303571428 0.04161248374512354 0.05331599479843953
12 0.24057217165149541 0.3694076849489796 0.04161248374512354 0.0507152145643693
12 0.3381014304291287 0.6377391581632652 0.03901170351105332 0.05201560468140441
6 0.3550065019505852 0.5552256058673469 0.018205461638491547 0.03511053315994798
10 0.16775032509752927 0.2706513073979592 0.010403120936280884 0.011703511053315994
6 0.8081924577373212 0.45776865433673475 0.04031209362808842 0.016905071521456434
6 0.28738621586475943 0.48570631377551016 0.018205461638491547 0.036410923276983094
13 0.6456436931079323 0.5578244579081633 0.035110533159947985 0.02990897269180754
11 0.4986996098829649 0.35641342474489796 0.0377113133940182 0.05591677503250975
6 0.8504551365409622 0.4974011479591837 0.015604681404421325 0.036410923276983094
12 0.33224967490247076 0.38889907525510203 0.0507152145643693 0.045513654096228866
10 0.16970091027308193 0.37005739795918363 0.011703511053315994 0.013003901170351103
10 0.1684005201560468 0.7377949617346939 0.011703511053315994 0.013003901170351103
