21 0.2858136300417246 0.14875099522292995 0.02086230876216968 0.04728789986091794
12 0.6995827538247567 0.6520227906050955 0.025034770514603615 0.04311543810848401
4 0.8762169680111265 0.22233280254777066 0.03616133518776078 0.016689847009735744
14 0.45549374130737136 0.40003980891719754 0.02920723226703755 0.016689847009735744
14 0.53894297635605 0.8366714769108281 0.031988873435326845 0.02364394993045897
12 0.27885952712100137 0.3007737858280255 0.02364394993045897 0.04033379694019471
21 0.7899860917941586 0.6860370222929936 0.022253129346314328 0.04728789986091794
12 0.4798331015299027 0.7033912221337579 0.025034770514603615 0.037552155771905425
12 0.36369958275382475 0.6013485270700637 0.02364394993045897 0.03894297635605007
21 0.7058414464534075 0.8359773089171973 0.02086230876216968 0.05006954102920723
21 0.6070931849791377 0.4514082404458598 0.04867872044506259 0.019471488178025034
21 0.7058414464534075 0.1494451632165605 0.02086230876216968 0.04867872044506259
4 0.9255910987482615 0.6582703025477706 0.037552155771905425 0.016689847009735744
4 0.15299026425591097 0.52429587977707 0.03616133518776078 0.0152990264255911
4 0.6571627260083449 0.4895874800955414 0.037552155771905425 0.0152990264255911
14 0.874826147426982 0.1654110270700637 0.027816411682892905 0.022253129346314328
21 0.6397774687065368 0.770031349522293 0.04728789986091794 0.01808066759388039
14 0.874826147426982 0.8200114450636942 0.0305980528511822 0.02364394993045897
21 0.36995827538247567 0.8373656449044585 0.022253129346314328 0.05006954102920723
21 0.7934631432545202 0.770031349522293 0.026425591098748265 0.04033379694019471
14 0.5382475660639777 0.1494451632165605 0.0305980528511822 0.02364394993045897
21 0.36926286509040335 0.1494451632165605 0.02086230876216968 0.0458970792767733
10 0.90125173852573 0.35075388136942676 0.022253129346314328 0.02364394993045897
14 0.10083449235048678 0.35005971337579617 0.0152990264255911 0.027816411682892905
21 0.1474269819193324 0.4521024084394904 0.0305980528511822 0.04033379694019471
12 0.480528511821975 0.20011942675159236 0.02364394993045897 0.03894297635605007
14 0.53894297635605 0.5020825039808917 0.02920723226703755 0.02364394993045897
14 0.45549374130737136 0.5013883359872612 0.02920723226703755 0.016689847009735744
21 0.2865090403337969 0.8359773089171973 0.022253129346314328 0.05006954102920723
12 0.6988873435326843 0.25079369028662424 0.02364394993045897 0.04033379694019471
10 0.04381084840055633 0.35075388136942676 0.02364394993045897 0.02364394993045897
21 0.8254520166898469 0.41600567277070066 0.04867872044506259 0.020862308762169685
14 0.53894297635605 0.400733976910828 0.02920723226703755 0.02364394993045897
21 0.6404728789986092 0.7013087181528663 0.04867872044506259 0.019471488178025034
21 0.6411682892906815 0.552062599522293 0.05006954102920723 0.020862308762169685
21 0.6411682892906815 0.19803692277070065 0.05006954102920723 0.020862308762169685
21 0.8233657858136301 0.34936554538216563 0.05006954102920723 0.020862308762169685
10 0.9005563282336577 0.4180881767515924 0.02364394993045897 0.025034770514603615
21 0.6411682892906815 0.34797720939490445 0.05006954102920723 0.020862308762169685
10 0.9186369958275382 0.8873457404458598 0.02364394993045897 0.025034770514603615
10 0.9172461752433936 0.10154757165605095 0.02364394993045897 0.025034770514603615
