2 0.7299382716049383 0.42184593023255806 0.033950617283950615 0.04526748971193416
10 0.07253086419753087 0.22234738372093021 0.009259259259259259 0.0102880658436214
6 0.3765432098765432 0.11848473837209302 0.026748971193415638 0.024691358024691357
6 0.19032921810699588 0.34163517441860464 0.026748971193415638 0.024691358024691357
6 0.5524691358024691 0.8223855377906977 0.026748971193415638 0.023662551440329218
4 0.713477366255144 0.5298219476744187 0.013374485596707819 0.01646090534979424
2 0.4135802469135802 0.422360101744186 0.03497942386831276 0.046296296296296294
10 0.3338477366255144 0.5282794331395348 0.009259259259259259 0.009259259259259259
6 0.809156378600823 0.4789189680232558 0.0257201646090535 0.023662551440329218
2 0.3081275720164609 0.6208303052325582 0.04835390946502058 0.0360082304526749
10 0.8698559670781894 0.22183321220930236 0.009259259259259259 0.009259259259259259
19 0.6512345679012346 0.3236391715116279 0.051440329218107 0.02777777777777778
14 0.1332304526748971 0.22234738372093021 0.01748971193415638 0.037037037037037035
2 0.36213991769547327 0.22234738372093021 0.03497942386831276 0.047325102880658436
19 0.4922839506172839 0.323125 0.05246913580246913 0.026748971193415638
6 0.6620370370370371 0.786907703488372 0.023662551440329218 0.026748971193415638
6 0.19032921810699588 0.2552543604651163 0.026748971193415638 0.024691358024691357
6 0.7664609053497943 0.11848473837209302 0.026748971193415638 0.024691358024691357
10 0.7551440329218106 0.7205795784883722 0.0102880658436214 0.009259259259259259
6 0.5 0.7406322674418605 0.024691358024691357 0.024691358024691357
14 0.8163580246913579 0.1251689680232558 0.0360082304526749 0.01954732510288066
2 0.4974279835390947 0.22543241279069764 0.033950617283950615 0.047325102880658436
6 0.5 0.649623909883721 0.026748971193415638 0.0257201646090535
6 0.3333333333333333 0.4789189680232558 0.026748971193415638 0.023662551440329218
4 0.5524691358024691 0.881001090116279 0.01440329218106996 0.015432098765432098
2 0.7818930041152263 0.22234738372093021 0.03497942386831276 0.047325102880658436
14 0.32664609053497945 0.1251689680232558 0.03806584362139918 0.01954732510288066
14 0.1332304526748971 0.3735138081395349 0.01748971193415638 0.037037037037037035
4 0.42901234567901236 0.5298219476744187 0.01440329218106996 0.01646090534979424
10 0.07253086419753087 0.3735138081395349 0.009259259259259259 0.0102880658436214
10 0.809156378600823 0.5277652616279069 0.009259259259259259 0.00823045267489712
14 0.2700617283950617 0.4228742732558139 0.01748971193415638 0.037037037037037035
2 0.6455761316872428 0.22491824127906979 0.033950617283950615 0.04835390946502058
15 0.6496913580246914 0.7221220930232558 0.10390946502057614 0.09876543209876543
10 0.8935185185185185 0.15190588662790697 0.009259259259259259 0.009259259259259259
10 0.9192386831275721 0.422360101744186 0.009259259259259259 0.009259259259259259
15 0.37808641975308643 0.72109375 0.09979423868312756 0.09876543209876543
10 0.5720164609053497 0.35140443313953484 0.0102880658436214 0.009259259259259259
10 0.1440329218106996 0.2979305959302326 0.00823045267489712 0.009259259259259259
14 0.8724279835390947 0.4233884447674418 0.018518518518518517 0.03806584362139918
14 0.7109053497942387 0.6460247093023256 0.04938271604938271 0.03292181069958848
10 0.22325102880658437 0.4228742732558139 0.0102880658436214 0.0102880658436214
10 0.7731481481481481 0.08557776162790698 0.01131687242798354 0.0102880658436214
10 0.37088477366255146 0.08660610465116278 0.01131687242798354 0.0102880658436214
4 0.2968106995884774 0.08609193313953489 0.021604938271604937 0.01748971193415638
4 0.8451646090534981 0.08609193313953489 0.021604938271604937 0.01748971193415638
10 0.24742798353909462 0.15242005813953488 0.01131687242798354 0.0102880658436214
10 0.5931069958847737 0.3056431686046512 0.01131687242798354 0.0102880658436214
10 0.7371399176954733 0.6069476744186046 0.01131687242798354 0.0102880658436214
5 0.23971193415637862 0.6064335029069767 0.0205761316872428 0.050411522633744855
4 0.7114197530864198 0.698984375 0.013374485596707819 0.01748971193415638
4 0.49948559670781895 0.8193005087209302 0.015432098765432098 0.01954732510288066
10 0.4254115226337449 0.8043895348837209 0.01131687242798354 0.0102880658436214
