11 0.7560096153846154 0.3314201289398281 0.028846153846153848 0.04447115384615385
4 0.04567307692307692 0.4436067335243553 0.019230769230769232 0.01201923076923077
6 0.43990384615384615 0.7315723495702006 0.026442307692307692 0.02403846153846154
11 0.7355769230769231 0.41840974212034376 0.026442307692307692 0.04326923076923077
11 0.6195913461538461 0.5227972779369627 0.025240384615384616 0.04326923076923077
14 0.6075721153846154 0.3572170487106017 0.018028846153846152 0.009615384615384616
12 0.33774038461538464 0.4472063037249284 0.02403846153846154 0.04086538461538462
6 0.5492788461538461 0.4994000716332378 0.014423076923076924 0.030048076923076927
10 0.9423076923076923 0.5227972779369627 0.04086538461538462 0.01682692307692308
14 0.8064903846153847 0.35781697707736393 0.01682692307692308 0.010817307692307692
6 0.7043269230769231 0.6637804441260745 0.01682692307692308 0.03245192307692308
11 0.6604567307692307 0.33321991404011464 0.030048076923076927 0.04567307692307693
11 0.8599759615384615 0.5923889684813753 0.02764423076923077 0.04567307692307693
6 0.35336538461538464 0.21683381088825215 0.014423076923076924 0.03125
6 0.7445913461538461 0.56059276504298 0.015625 0.03245192307692308
2 0.29146634615384615 0.371615329512894 0.022836538461538464 0.03365384615384616
6 0.8683894230769231 0.4988001432664756 0.018028846153846152 0.03125
12 0.6808894230769231 0.42200931232091693 0.025240384615384616 0.04326923076923077
4 0.04567307692307692 0.7933649713467049 0.019230769230769232 0.010817307692307692
9 0.8082932692307694 0.4550053724928366 0.010817307692307692 0.010817307692307692
6 0.671875 0.5617926217765044 0.01682692307692308 0.03485576923076923
6 0.421875 0.4172098853868194 0.01682692307692308 0.03365384615384616
6 0.24338942307692307 0.2672277936962751 0.015625 0.03125
10 0.9020432692307694 0.7423710601719198 0.03966346153846154 0.01682692307692308
6 0.6724759615384616 0.4856017191977077 0.015625 0.03365384615384616
6 0.8443509615384615 0.7897654011461318 0.030048076923076927 0.018028846153846152
6 0.8449519230769231 0.7411712034383954 0.03365384615384616 0.01682692307692308
12 0.4128605769230769 0.4754029369627507 0.02764423076923077 0.04447115384615385
6 0.8677884615384615 0.5479942693409743 0.01682692307692308 0.028846153846153848
2 0.3629807692307692 0.371615329512894 0.02403846153846154 0.03365384615384616
9 0.6087740384615384 0.4550053724928366 0.010817307692307692 0.010817307692307692
11 0.8599759615384615 0.45380551575931233 0.025240384615384616 0.04447115384615385
6 0.7445913461538461 0.4850017908309455 0.015625 0.03485576923076923
11 0.6802884615384616 0.6259849570200573 0.026442307692307692 0.04567307692307693
8 0.04567307692307692 0.7585691260744986 0.028846153846153848 0.030048076923076927
10 0.9489182692307694 0.1802381805157593 0.02764423076923077 0.015625
6 0.29867788461538464 0.2174337392550143 0.015625 0.03245192307692308
11 0.5570913461538461 0.5935888252148998 0.02764423076923077 0.04567307692307693
6 0.7445913461538461 0.8635565902578797 0.015625 0.03125
11 0.7361778846153846 0.6253850286532951 0.02764423076923077 0.04447115384615385
6 0.5486778846153846 0.5467944126074499 0.015625 0.028846153846153848
4 0.6304086538461539 0.8971525787965616 0.02043269230769231 0.01201923076923077
6 0.5799278846153846 0.14544233524355302 0.03485576923076923 0.018028846153846152
6 0.11778846153846154 0.7321722779369627 0.03365384615384616 0.022836538461538464
14 0.8016826923076923 0.8659563037249285 0.01682692307692308 0.007211538461538462
6 0.7037259615384616 0.5881894699140401 0.018028846153846152 0.03245192307692308
6 0.24278846153846154 0.31582199140401146 0.01682692307692308 0.03245192307692308
6 0.7043269230769231 0.2792263610315186 0.01682692307692308 0.03125
14 0.71875 0.831160458452722 0.009615384615384616 0.01682692307692308
4 0.8016826923076923 0.8971525787965616 0.021634615384615384 0.01201923076923077
11 0.7980769230769231 0.5227972779369627 0.028846153846153848 0.04567307692307693
11 0.5564903846153846 0.4544054441260744 0.026442307692307692 0.04326923076923077
8 0.04567307692307692 0.41001074498567336 0.028846153846153848 0.028846153846153848
6 0.3269230769230769 0.4988001432664756 0.01682692307692308 0.03125
6 0.11598557692307691 0.38241404011461316 0.03245192307692309 0.02403846153846154
10 0.6983173076923077 0.8575573065902578 0.021634615384615384 0.028846153846153848
10 0.6983173076923077 0.732772206303725 0.021634615384615384 0.028846153846153848
10 0.47355769230769235 0.5221973495702006 0.04326923076923077 0.018028846153846152
14 0.5811298076923077 0.10344734957020056 0.010817307692307692 0.018028846153846152
13 0.4236778846153847 0.3590168338108882 0.02043269230769231 0.022836538461538464
8 0.6983173076923077 0.7981643982808023 0.03365384615384616 0.037259615384615384
10 0.9026442307692306 0.7897654011461318 0.04086538461538462 0.018028846153846152
10 0.6412259615384616 0.7957646848137536 0.04447115384615385 0.018028846153846152
14 0.4356971153846153 0.7705676934097421 0.010817307692307692 0.018028846153846152
13 0.4236778846153847 0.21383416905444125 0.02043269230769231 0.022836538461538464
10 0.953125 0.6931769340974212 0.04326923076923077 0.019230769230769232
13 0.4230769230769231 0.2900250716332378 0.019230769230769232 0.021634615384615384
