6 0.8395196506550219 0.45777637283236994 0.037117903930131 0.06550218340611354
6 0.7008733624454149 0.6388141257225434 0.06550218340611354 0.03930131004366812
11 0.5403930131004366 0.6388141257225434 0.05458515283842794 0.08733624454148471
8 0.22379912663755458 0.2167562319364162 0.058951965065502175 0.058951965065502175
4 0.22707423580786026 0.2854633309248555 0.034934497816593885 0.021834061135371178
6 0.43122270742358076 0.6388141257225434 0.06331877729257641 0.03930131004366812
8 0.22379912663755458 0.6300894147398843 0.058951965065502175 0.056768558951965066
13 0.8395196506550219 0.331268063583815 0.03275109170305677 0.03056768558951965
4 0.22598253275109173 0.8056742232658959 0.037117903930131 0.024017467248908294
12 0.8209606986899564 0.6388141257225434 0.05240174672489083 0.09170305676855894
6 0.5556768558951966 0.43160223988439306 0.037117903930131 0.06986899563318777
10 0.9421397379912664 0.5450234826589595 0.024017467248908294 0.021834061135371178
