2 0.35986159169550175 0.5981416868932039 0.03806228373702423 0.045847750865051905
10 0.21972318339100347 0.44768658980582526 0.01384083044982699 0.014705882352941176
2 0.5445501730103807 0.5981416868932039 0.037197231833910036 0.045847750865051905
9 0.2833044982698962 0.5955476334951456 0.016435986159169552 0.012975778546712804
8 0.14359861591695502 0.688501213592233 0.05536332179930796 0.05536332179930796
0 0.5454152249134948 0.308472390776699 0.03546712802768166 0.045847750865051905
8 0.3282871972318339 0.688501213592233 0.05622837370242215 0.05536332179930796
2 0.7292387543252595 0.5981416868932039 0.03806228373702423 0.045847750865051905
10 0.5882352941176471 0.44768658980582526 0.01384083044982699 0.014705882352941176
0 0.6665224913494809 0.387158677184466 0.037197231833910036 0.04411764705882353
2 0.45285467128027684 0.5505840412621359 0.037197231833910036 0.04411764705882353
2 0.08304498269896193 0.5518810679611651 0.03633217993079585 0.04498269896193772
0 0.8499134948096886 0.38845570388349515 0.037197231833910036 0.04498269896193772
2 0.9139273356401384 0.5977093446601941 0.03892733564013841 0.0467128027681661
4 0.33001730103806226 0.4174226334951456 0.03200692041522492 0.016435986159169552
2 0.26773356401384085 0.5518810679611651 0.037197231833910036 0.04498269896193772
10 0.7729238754325259 0.44768658980582526 0.014705882352941176 0.014705882352941176
2 0.9134948096885813 0.4822739684466019 0.03633217993079585 0.045847750865051905
4 0.42171280276816614 0.7559466019417476 0.03200692041522492 0.01730103806228374
2 0.8213667820069205 0.5518810679611651 0.037197231833910036 0.04498269896193772
10 0.04065743944636678 0.5510163834951456 0.01384083044982699 0.01384083044982699
0 0.17647058823529413 0.3067430218446602 0.03633217993079585 0.045847750865051905
8 0.8819204152249135 0.6893658980582524 0.05622837370242215 0.05536332179930796
10 0.41003460207612463 0.5972770024271845 0.01384083044982699 0.012975778546712804
8 0.5129757785467128 0.6876365291262136 0.05536332179930796 0.05536332179930796
0 0.1124567474048443 0.3076077063106796 0.03633217993079585 0.045847750865051905
0 0.29714532871972316 0.3093370752427184 0.03546712802768166 0.045847750865051905
10 0.4039792387543253 0.44768658980582526 0.01384083044982699 0.014705882352941176
0 0.8503460207612455 0.3093370752427184 0.03633217993079585 0.045847750865051905
0 0.6665224913494809 0.3080400485436893 0.037197231833910036 0.0467128027681661
10 0.5938581314878892 0.5514487257281553 0.014705882352941176 0.014705882352941176
4 0.8832179930795847 0.5575015169902913 0.031141868512110725 0.018166089965397925
10 0.7785467128027682 0.5514487257281553 0.015570934256055362 0.014705882352941176
18 0.3295847750865052 0.3793765169902913 0.03806228373702423 0.03200692041522492
2 0.17560553633217993 0.5981416868932039 0.03806228373702423 0.045847750865051905
2 0.8507785467128027 0.4822739684466019 0.037197231833910036 0.045847750865051905
0 0.4809688581314878 0.3076077063106796 0.03633217993079585 0.045847750865051905
0 0.7305363321799307 0.38759101941747576 0.037197231833910036 0.04498269896193772
0 0.3607266435986159 0.30976941747572817 0.03633217993079585 0.0467128027681661
10 0.5951557093425606 0.5972770024271845 0.01384083044982699 0.014705882352941176
0 0.7296712802768166 0.308472390776699 0.03546712802768166 0.045847750865051905
9 0.0986159169550173 0.5959799757281553 0.015570934256055362 0.012110726643598618
10 0.958044982698962 0.44768658980582526 0.014705882352941176 0.014705882352941176
10 0.40960207612456745 0.5501516990291262 0.014705882352941176 0.015570934256055362
10 0.22577854671280276 0.5972770024271845 0.01384083044982699 0.012975778546712804
9 0.8365051903114187 0.5959799757281553 0.015570934256055362 0.012110726643598618
9 0.6522491349480969 0.5955476334951456 0.015570934256055362 0.01124567474048443
10 0.041089965397923874 0.5977093446601941 0.012975778546712804 0.01384083044982699
0 0.9147923875432526 0.38888804611650485 0.037197231833910036 0.045847750865051905
8 0.6976643598615917 0.6872041868932038 0.05622837370242215 0.05622837370242215
10 0.7794117647058824 0.5977093446601941 0.01384083044982699 0.01384083044982699
9 0.4679930795847751 0.5955476334951456 0.015570934256055362 0.012975778546712804
2 0.6371107266435986 0.5518810679611651 0.037197231833910036 0.04498269896193772
10 0.2249134948096886 0.5510163834951456 0.01384083044982699 0.01384083044982699
0 0.9143598615916954 0.30976941747572817 0.03633217993079585 0.0467128027681661
5 0.1903114186851211 0.27604672330097085 0.01384083044982699 0.015570934256055362
5 0.2837370242214533 0.27518203883495146 0.01384083044982699 0.015570934256055362
5 0.3758650519031142 0.2769114077669903 0.014705882352941176 0.015570934256055362
5 0.4666955017301039 0.2769114077669903 0.014705882352941176 0.015570934256055362
5 0.5588235294117647 0.2738850121359223 0.01384083044982699 0.014705882352941176
5 0.6513840830449827 0.2738850121359223 0.01384083044982699 0.014705882352941176
5 0.7461072664359861 0.27518203883495146 0.014705882352941176 0.015570934256055362
5 0.8369377162629756 0.274317354368932 0.014705882352941176 0.015570934256055362
18 0.8836505190311419 0.520752427184466 0.03892733564013841 0.032871972318339104
10 0.09991349480968859 0.7369235436893204 0.014705882352941176 0.015570934256055362
10 0.9243079584775087 0.7343294902912622 0.014705882352941176 0.015570934256055362
