6 0.402 0.353 0.028000000000000004 0.057999999999999996
6 0.742 0.353 0.028000000000000004 0.057999999999999996
8 0.4 0.46099999999999997 0.044 0.041999999999999996
14 0.692 0.54 0.02 0.032
6 0.521 0.413 0.026000000000000002 0.054000000000000006
8 0.742 0.46099999999999997 0.044 0.046
12 0.41200000000000003 0.601 0.032 0.05
12 0.73 0.602 0.032 0.052000000000000005
6 0.643 0.41200000000000003 0.026000000000000002 0.05600000000000001
14 0.471 0.541 0.018 0.03
18 0.181 0.511 0.041999999999999996 0.022
