12 0.6038961038961039 0.449876334798995 0.02683982683982684 0.04155844155844156
11 0.4251082251082251 0.5399046011306533 0.024242424242424242 0.04155844155844156
6 0.4138528138528138 0.24990970477386934 0.015584415584415584 0.03463203463203463
0 0.80995670995671 0.5909783291457286 0.021645021645021644 0.03636363636363636
10 0.9584415584415584 0.39880260678391954 0.04329004329004329 0.02077922077922078
6 0.43939393939393934 0.7822883951005025 0.032034632034632034 0.015584415584415584
6 0.15454545454545454 0.6740813442211055 0.02857142857142857 0.015584415584415584
6 0.561038961038961 0.5429343985552764 0.015584415584415584 0.030303030303030304
10 0.030303030303030304 0.25899909704773866 0.04329004329004329 0.019913419913419914
4 0.8887445887445887 0.4230409861809045 0.023376623376623377 0.015584415584415584
12 0.5532467532467532 0.5970379239949749 0.025974025974025976 0.04155844155844156
10 0.02727272727272727 0.46286118090452266 0.0354978354978355 0.017316017316017316
6 0.27186147186147186 0.6381566033291457 0.017316017316017316 0.02857142857142857
6 0.2792207792207792 0.24990970477386934 0.01645021645021645 0.0329004329004329
6 0.3502164502164502 0.363743522298995 0.01645021645021645 0.032034632034632034
6 0.1961038961038961 0.5048455166457286 0.01471861471861472 0.033766233766233764
14 0.15887445887445886 0.46459249371859296 0.007792207792207792 0.015584415584415584
6 0.5614718614718615 0.48493541928391953 0.01645021645021645 0.02857142857142857
11 0.2649350649350649 0.540337429334171 0.025974025974025976 0.03896103896103896
10 0.9571428571428571 0.2014329459798995 0.03722943722943723 0.019047619047619046
6 0.8164502164502163 0.38235513505025126 0.015584415584415584 0.03116883116883117
4 0.12121212121212122 0.6593651853015075 0.022510822510822516 0.015584415584415584
11 0.5528138528138529 0.29838646356783916 0.02683982683982684 0.04155844155844156
6 0.6424242424242425 0.3412364557160804 0.03116883116883117 0.01645021645021645
14 0.22207792207792204 0.6602308417085426 0.012987012987012988 0.013852813852813853
2 0.8095238095238095 0.3035804020100502 0.022510822510822516 0.03463203463203463
11 0.27186147186147186 0.3810566504396985 0.025974025974025976 0.04069264069264069
6 0.561038961038961 0.24947687657035175 0.017316017316017316 0.032034632034632034
6 0.8168831168831169 0.491860670540201 0.01471861471861472 0.032034632034632034
4 0.08225108225108226 0.282804648241206 0.025974025974025976 0.017316017316017316
6 0.3385281385281385 0.5749636856155779 0.015584415584415584 0.030303030303030304
6 0.5614718614718615 0.6589323570979899 0.01645021645021645 0.032034632034632034
4 0.10086580086580085 0.639887916143216 0.023376623376623377 0.01471861471861472
6 0.3497835497835498 0.2936253533291457 0.015584415584415584 0.030303030303030304
4 0.1974025974025974 0.550725306218593 0.022510822510822516 0.01471861471861472
14 0.36883116883116884 0.7805570822864321 0.008658008658008658 0.015584415584415584
11 0.6995670995670996 0.28929707129396987 0.025974025974025976 0.04069264069264069
10 0.6246753246753247 0.2018657741834171 0.0683982683982684 0.02164502164502164
6 0.7212121212121212 0.45377178863065326 0.015584415584415584 0.033766233766233764
14 0.06926406926406926 0.681006595477387 0.013852813852813853 0.01038961038961039
10 0.954978354978355 0.7056778030778894 0.03463203463203463 0.019913419913419914
4 0.22900432900432902 0.2763122251884422 0.023376623376623377 0.01471861471861472
6 0.7692640692640693 0.577993483040201 0.02857142857142857 0.017316017316017316
4 0.1722943722943723 0.27544656878140705 0.022510822510822516 0.01471861471861472
11 0.7121212121212122 0.6030975188442211 0.025108225108225107 0.04155844155844156
6 0.13766233766233765 0.23908899968592964 0.024242424242424242 0.01645021645021645
6 0.7688311688311689 0.3165652481155779 0.02943722943722944 0.015584415584415584
10 0.02987012987012987 0.6420520571608039 0.04415584415584416 0.019047619047619046
4 0.11515151515151516 0.5511581344221106 0.024242424242424242 0.015584415584415584
10 0.6904761904761905 0.2010001177763819 0.03896103896103896 0.019913419913419914
11 0.4238095238095238 0.37586271199748744 0.025108225108225107 0.03896103896103896
6 0.11428571428571428 0.5052783448492463 0.015584415584415584 0.0329004329004329
6 0.38225108225108223 0.6390222597361809 0.01471861471861472 0.02857142857142857
6 0.6424242424242425 0.5650086369346734 0.027705627705627706 0.015584415584415584
4 0.07575757575757576 0.5515909626256281 0.023376623376623377 0.01645021645021645
14 0.17445887445887445 0.676678313442211 0.011255411255411258 0.008658008658008658
6 0.561038961038961 0.3633106940954774 0.017316017316017316 0.0329004329004329
6 0.5415584415584416 0.78272122330402 0.032034632034632034 0.01645021645021645
6 0.3372294372294372 0.6784096262562814 0.01645021645021645 0.02943722943722944
12 0.16883116883116883 0.21008951005025125 0.050216450216450215 0.03116883116883117
11 0.1748917748917749 0.6983197236180905 0.050216450216450215 0.03116883116883117
14 0.9142857142857143 0.6424848853643216 0.017316017316017316 0.012987012987012986
10 0.7844155844155845 0.3455647377512563 0.04502164502164503 0.019913419913419914
10 0.7844155844155845 0.5256212704145728 0.04502164502164503 0.019913419913419914
10 0.6116883116883117 0.7052449748743719 0.0632034632034632 0.022510822510822516
0 0.34545454545454546 0.2598647534547739 0.03116883116883117 0.030303030303030304
10 0.7047619047619048 0.7052449748743719 0.04329004329004329 0.022510822510822516
14 0.5238095238095238 0.4503091630025125 0.008658008658008658 0.01645021645021645
0 0.32987012987012987 0.5334121780778894 0.03116883116883117 0.030303030303030304
4 0.2567099567099567 0.6459475109924624 0.023376623376623377 0.01645021645021645
14 0.17705627705627705 0.6502757930276382 0.019913419913419914 0.01471861471861472
14 0.22943722943722947 0.25337233040201007 0.01904761904761905 0.013852813852813853
14 0.17186147186147185 0.25553647141959795 0.019913419913419914 0.01471861471861472
14 0.08225108225108226 0.22826829459798997 0.01904761904761905 0.013852813852813853
14 0.6766233766233766 0.45247330402010044 0.019913419913419914 0.013852813852813853
14 0.638961038961039 0.45247330402010044 0.01904761904761905 0.013852813852813853
10 0.96017316017316 0.5074424858668343 0.04502164502164503 0.019913419913419914
10 0.9575757575757574 0.45117481940954773 0.04502164502164503 0.019913419913419914
10 0.030303030303030304 0.2001344613693467 0.04502164502164503 0.019913419913419914
4 0.3199134199134199 0.8190787923994975 0.023376623376623377 0.01645021645021645
10 0.027705627705627706 0.4113546246859297 0.04502164502164503 0.019913419913419914
10 0.022510822510822513 0.5204273319723618 0.04502164502164503 0.019913419913419914
10 0.0354978354978355 0.7056778030778894 0.04502164502164503 0.019913419913419914
