6 0.6415 0.5544770622895623 0.017 0.035
4 0.0105 0.7863794191919192 0.015 0.011
6 0.697 0.32807239057239057 0.018 0.034
6 0.543 0.29908459595959597 0.018 0.03
4 0.067 0.27009680134680136 0.02 0.012000000000000002
6 0.471 0.29908459595959597 0.018 0.032
11 0.1345 0.4445233585858587 0.031 0.047
6 0.698 0.5884627525252526 0.016 0.031
6 0.783 0.56847117003367 0.018 0.035
12 0.773 0.3585595538720539 0.03 0.045
6 0.3715 0.5889625420875422 0.019 0.034
10 0.9685 0.5429819023569024 0.033 0.016
11 0.358 0.49500210437710435 0.036 0.05
6 0.1455 0.539983164983165 0.019 0.036
14 0.563 0.3880471380471381 0.01 0.016
4 0.0115 0.531986531986532 0.019 0.012000000000000002
7 0.5415 0.3345696548821549 0.031 0.028999999999999998
7 0.422 0.6799242424242424 0.032 0.03
6 0.882 0.5119949494949495 0.018 0.034
6 0.404 0.3520622895622896 0.032 0.018
6 0.1975 0.7194076178451179 0.031 0.017
11 0.4605 0.3520622895622896 0.028999999999999998 0.046
11 0.687 0.4225326178451178 0.03 0.047
6 0.9315 0.5894623316498316 0.019 0.033
6 0.7835 0.29958438552188554 0.017 0.031
6 0.3 0.5889625420875422 0.018 0.034
4 0.4225 0.7094118265993267 0.019 0.011
6 0.568 0.4245317760942761 0.032 0.023
6 0.2305 0.3770517676767676 0.017 0.034
6 0.4215 0.6099537037037037 0.019 0.034
6 0.1445 0.3410669191919192 0.019 0.036
4 0.0745 0.7748842592592593 0.019 0.016
6 0.1765 0.4930029461279461 0.028999999999999998 0.018
6 0.4715 0.5469802188552189 0.019 0.034
6 0.881 0.5814656986531986 0.016 0.033
6 0.3645 0.31357849326599324 0.017 0.035
4 0.883 0.6104534932659933 0.018 0.011
4 0.5425 0.3625578703703704 0.017 0.013000000000000001
14 0.011 0.47301136363636365 0.022 0.012000000000000002
14 0.011 0.7264046717171717 0.022 0.013000000000000001
21 0.785 0.43252840909090906 0.024 0.031
14 0.011 0.6864215067340067 0.022 0.013000000000000001
14 0.01 0.6439393939393939 0.02 0.012000000000000002
14 0.011 0.6009574915824916 0.022 0.012000000000000002
4 0.5705 0.6669297138047139 0.019 0.012000000000000002
4 0.011 0.5739688552188552 0.018 0.012000000000000002
14 0.01 0.5579755892255893 0.02 0.012000000000000002
14 0.0105 0.5149936868686869 0.020999999999999998 0.012000000000000002
14 0.5705 0.6489372895622896 0.020999999999999998 0.012000000000000002
13 0.287 0.32407407407407407 0.022 0.022
13 0.301 0.45102062289562284 0.022 0.022
14 0.6765 0.5854640151515151 0.020999999999999998 0.013000000000000001
14 0.326 0.452020202020202 0.02 0.012000000000000002
21 0.748 0.6969170875420876 0.024 0.03
14 0.6365 0.2800925925925926 0.020999999999999998 0.012000000000000002
4 0.011 0.6179503367003367 0.018 0.012000000000000002
7 0.068 0.23311237373737376 0.036 0.034
4 0.635 0.2970854377104377 0.018 0.012000000000000002
4 0.011 0.6589330808080808 0.018 0.012000000000000002
11 0.21949999999999997 0.4975010521885522 0.037 0.051000000000000004
4 0.01 0.4890046296296296 0.018 0.012000000000000002
4 0.011 0.7019149831649831 0.018 0.012000000000000002
4 0.01 0.7438973063973064 0.018 0.012000000000000002
14 0.01 0.7708859427609427 0.02 0.012000000000000002
