12 0.3516687268232386 0.4485974513536378 0.023485784919653894 0.03831891223733004
14 0.5772558714462299 0.3090802136209814 0.014833127317676142 0.030902348578491966
12 0.7663782447466008 0.6202160004230118 0.024721878862793572 0.04079110012360939
6 0.9313967861557477 0.45662277918781724 0.018541409147095178 0.05438813349814586
4 0.1699629171817058 0.40229748307952623 0.03584672435105068 0.019777503090234856
4 0.2558714462299135 0.5942880181895094 0.03955500618046971 0.021013597033374538
6 0.35970333745364647 0.3708135046531303 0.019777503090234856 0.05562422744128555
6 0.2564894932014833 0.5263813980541455 0.018541409147095178 0.0580964153275649
11 0.7663782447466008 0.6202160004230118 0.024721878862793572 0.04079110012360939
6 0.2564894932014833 0.3708135046531303 0.021013597033374538 0.05562422744128555
6 0.7750309023485785 0.3708135046531303 0.0173053152039555 0.05562422744128555
4 0.49752781211372066 0.7319532571912013 0.04079110012360939 0.022249690976514212
4 0.6019777503090235 0.7665239001692047 0.03955500618046971 0.019777503090234856
6 0.1273176761433869 0.4485974513536378 0.05438813349814586 0.021013597033374538
4 0.11742892459826945 0.33377353003384097 0.037082818294190356 0.021013597033374538
14 0.16934487021013597 0.3516761844331641 0.032138442521631644 0.019777503090234856
6 0.4981458590852904 0.6640466370558376 0.019777503090234856 0.05933250927070456
6 0.6032138442521632 0.3516761844331641 0.0173053152039555 0.05438813349814586
7 0.08467243510506799 0.4819334285109983 0.038318912237330034 0.03831891223733004
6 0.6903584672435105 0.37204817047377325 0.018541409147095178 0.05315203955500618
14 0.23053152039555008 0.4479801184433164 0.016069221260815822 0.032138442521631644
14 0.43016069221260816 0.5090960765651438 0.029666254635352284 0.018541409147095178
6 0.6891223733003708 0.6652813028764806 0.018541409147095178 0.05686032138442522
4 0.9301606922126082 0.5239120664128596 0.038318912237330034 0.023485784919653887
4 0.688504326328801 0.7319532571912013 0.03955500618046971 0.022249690976514212
4 0.08405438813349815 0.5424320537225042 0.03955500618046971 0.021013597033374538
14 0.5247218788627935 0.5677427030456853 0.018541409147095178 0.037082818294190356
12 0.5939431396786156 0.6202160004230118 0.023485784919653894 0.03831891223733004
14 0.473423980222497 0.34426818950930627 0.019777503090234856 0.032138442521631644
4 0.9134734239802225 0.31710554145516073 0.042027194066749075 0.022249690976514212
6 0.7744128553770087 0.6986172800338408 0.018541409147095178 0.05933250927070456
6 0.6032138442521632 0.47390810067681893 0.019777503090234856 0.05686032138442522
6 0.36093943139678614 0.6134253384094756 0.019777503090234856 0.05686032138442522
6 0.6032138442521632 0.2640149111675127 0.019777503090234856 0.0519159456118665
6 0.48949320148331277 0.414644141285956 0.0519159456118665 0.0173053152039555
6 0.35970333745364647 0.5251467322335025 0.019777503090234856 0.05562422744128555
6 0.36032138442521633 0.2843868972081218 0.021013597033374538 0.05562422744128555
6 0.11928306551297899 0.2664842428087987 0.018541409147095178 0.05686032138442522
6 0.6025957972805933 0.6986172800338408 0.018541409147095178 0.05686032138442522
14 0.8368355995055625 0.7418305837563453 0.0173053152039555 0.032138442521631644
14 0.8195302843016069 0.4127921425549916 0.0173053152039555 0.03584672435105067
11 0.6798516687268232 0.5868800232656514 0.024721878862793572 0.04079110012360939
4 0.7750309023485785 0.7665239001692047 0.03955500618046971 0.022249690976514212
14 0.4208899876390605 0.4127921425549916 0.018541409147095178 0.03337453646477132
4 0.35908529048207666 0.6800972927241963 0.038318912237330034 0.022249690976514212
11 0.7669962917181706 0.2911775592216582 0.023485784919653894 0.03955500618046971
11 0.6736711990111248 0.2911775592216582 0.024721878862793572 0.03955500618046971
6 0.8522867737948084 0.7930692153130288 0.05315203955500618 0.018541409147095178
7 0.9147095179233622 0.25660691624365484 0.03955500618046971 0.03955500618046971
