10 0.04765625 0.57109375 0.0515625 0.0203125
12 0.69296875 0.2453125 0.0234375 0.04375
10 0.0953125 0.5921875 0.025 0.015625
13 0.5875 0.20546875 0.01875 0.0265625
21 0.653125 0.29296875 0.015625 0.0328125
12 0.40546875 0.7390625 0.0234375 0.04375
12 0.64609375 0.353125 0.0234375 0.04375
14 0.8875 0.8140625 0.025 0.015625
12 0.2 0.4765625 0.025 0.04375
12 0.6453125 0.2046875 0.021875 0.040625
4 0.3390625 0.646875 0.04375 0.01875
12 0.74921875 0.24453125 0.0234375 0.0421875
21 0.4140625 0.5625 0.015625 0.034375
21 0.7015625 0.43046875 0.015625 0.0328125
14 0.8875 0.6296875 0.025 0.015625
21 0.2453125 0.81328125 0.015625 0.0359375
14 0.8203125 0.57734375 0.028125 0.0140625
21 0.13359375 0.60390625 0.0140625 0.0328125
13 0.53671875 0.65390625 0.0265625 0.0203125
21 0.53671875 0.534375 0.0171875 0.034375
12 0.69453125 0.590625 0.0203125 0.040625
10 0.9390625 0.13515625 0.053125 0.0203125
11 0.74921875 0.73984375 0.0234375 0.0421875
21 0.653125 0.4296875 0.015625 0.034375
19 0.85703125 0.44375 0.0421875 0.015625
10 0.9375 0.4765625 0.053125 0.021875
4 0.8203125 0.6234375 0.025 0.0125
12 0.23671875 0.73828125 0.0234375 0.0421875
11 0.75078125 0.58984375 0.0203125 0.0390625
4 0.81953125 0.8125 0.0265625 0.015625
21 0.41484375 0.67734375 0.0140625 0.0328125
14 0.09375 0.47734375 0.0125 0.0265625
10 0.93984375 0.6015625 0.0546875 0.021875
4 0.8875 0.39765625 0.025 0.0140625
4 0.0953125 0.59296875 0.025 0.0140625
12 0.29140625 0.4765625 0.0234375 0.04375
21 0.70234375 0.6921875 0.0140625 0.03125
21 0.7015625 0.29296875 0.015625 0.0328125
21 0.3375 0.5953125 0.015625 0.034375
11 0.64609375 0.7765625 0.0234375 0.04375
11 0.2171875 0.209375 0.025 0.04375
12 0.69296875 0.37890625 0.0234375 0.0421875
21 0.653125 0.69296875 0.015625 0.0328125
11 0.40625 0.296875 0.025 0.04375
21 0.75703125 0.4296875 0.0140625 0.034375
14 0.88828125 0.1734375 0.0265625 0.015625
14 0.88828125 0.359375 0.0265625 0.015625
21 0.81953125 0.53515625 0.0140625 0.0328125
10 0.04296875 0.4765625 0.0453125 0.021875
12 0.75 0.37890625 0.021875 0.0421875
21 0.65390625 0.534375 0.0171875 0.034375
21 0.4140625 0.61875 0.015625 0.034375
14 0.33828125 0.54296875 0.0265625 0.0171875
14 0.37578125 0.35390625 0.0140625 0.0265625
10 0.053125 0.4765625 0.04375 0.021875
12 0.46171875 0.590625 0.0234375 0.04375
13 0.33828125 0.80546875 0.0265625 0.0203125
21 0.4140625 0.1625 0.015625 0.034375
4 0.8890625 0.21171875 0.025 0.0140625
14 0.13359375 0.80390625 0.0265625 0.0171875
12 0.64609375 0.62578125 0.0234375 0.0421875
21 0.7609375 0.53671875 0.01875 0.0359375
21 0.7609375 0.29140625 0.01875 0.0359375
13 0.5375 0.303125 0.028125 0.021875
21 0.51875 0.43984375 0.01875 0.0359375
21 0.703125 0.53671875 0.01875 0.0359375
13 0.821875 0.66328125 0.028125 0.0296875
13 0.8203125 0.32109375 0.028125 0.0296875
21 0.178125 0.73984375 0.0375 0.0234375
21 0.13515625 0.54296875 0.0171875 0.0359375
21 0.38984375 0.47734375 0.0390625 0.0234375
11 0.27421875 0.21171875 0.0265625 0.0453125
13 0.5875 0.775 0.028125 0.03125
21 0.4140625 0.8140625 0.015625 0.034375
11 0.6921875 0.7375 0.025 0.04375
