14 0.370625 0.671875 0.026250000000000002 0.013750000000000002
14 0.37125 0.53125 0.025 0.015000000000000003
21 0.555625 0.5775 0.01625 0.035
12 0.535 0.42000000000000004 0.02 0.035
4 0.086875 0.623125 0.03125 0.013750000000000002
14 0.11000000000000001 0.5043749999999999 0.015000000000000003 0.02375
10 0.05437499999999999 0.5037499999999999 0.04875 0.02
12 0.520625 0.6243749999999999 0.01875 0.03375
14 0.7975 0.5625 0.025 0.0125
14 0.6225 0.693125 0.025 0.013750000000000002
21 0.555625 0.46187500000000004 0.01625 0.036250000000000004
21 0.429375 0.728125 0.01625 0.036250000000000004
21 0.4231249999999999 0.60125 0.03375 0.0175
10 0.93125 0.22937500000000002 0.05 0.01625
14 0.1825 0.473125 0.025 0.013750000000000002
19 0.875625 0.496875 0.03375 0.01625
11 0.46687500000000004 0.6456250000000001 0.01875 0.03375
10 0.05437499999999999 0.603125 0.04875 0.01875
14 0.71875 0.503125 0.0125 0.02375
21 0.4725 0.38937499999999997 0.017500000000000005 0.036250000000000004
21 0.67 0.46187500000000004 0.017500000000000005 0.036250000000000004
10 0.9331250000000001 0.6793750000000001 0.04875 0.02125
14 0.621875 0.566875 0.026250000000000002 0.01625
14 0.23000000000000004 0.379375 0.0225 0.013750000000000002
21 0.0875 0.5606249999999999 0.015000000000000003 0.03375
21 0.749375 0.475 0.01875 0.0375
11 0.74375 0.621875 0.02 0.03125
21 0.369375 0.5775 0.01625 0.035
4 0.230625 0.428125 0.03125 0.013750000000000002
21 0.8462499999999998 0.655 0.015000000000000003 0.035
11 0.23625 0.5043749999999999 0.02 0.03375
12 0.743125 0.39249999999999996 0.02125 0.035
12 0.311875 0.689375 0.02125 0.03375
10 0.9324999999999999 0.5037499999999999 0.052500000000000005 0.02
11 0.325625 0.503125 0.01875 0.03375
21 0.24312499999999998 0.728125 0.01625 0.03375
14 0.62125 0.255 0.025 0.015000000000000003
21 0.52875 0.728125 0.017500000000000005 0.036250000000000004
21 0.28125 0.294375 0.017500000000000005 0.036250000000000004
14 0.183125 0.691875 0.026250000000000002 0.01625
21 0.796875 0.53 0.013750000000000002 0.035
21 0.578125 0.38875000000000004 0.01625 0.035
10 0.9331250000000001 0.76 0.051250000000000004 0.02
14 0.42125 0.44875 0.015000000000000003 0.025
21 0.319375 0.7275 0.01625 0.035
14 0.846875 0.6131249999999999 0.026250000000000002 0.013750000000000002
14 0.1825 0.5737500000000001 0.025 0.0125
12 0.250625 0.6900000000000001 0.02125 0.035
21 0.370625 0.728125 0.01625 0.036250000000000004
4 0.8462499999999998 0.694375 0.0325 0.013750000000000002
12 0.6625 0.3375 0.0225 0.035
21 0.15375 0.551875 0.03500000000000001 0.01875
21 0.15375 0.506875 0.03500000000000001 0.01875
21 0.280625 0.38875000000000004 0.01875 0.0375
21 0.425 0.503125 0.03500000000000001 0.01875
21 0.57375 0.760625 0.03500000000000001 0.01875
21 0.7075 0.620625 0.03500000000000001 0.01875
21 0.8725000000000002 0.5856250000000001 0.03500000000000001 0.01875
21 0.8725000000000002 0.546875 0.03500000000000001 0.01875
21 0.7525 0.528125 0.02 0.03875
21 0.7025 0.393125 0.03500000000000001 0.01875
21 0.578125 0.4625 0.01875 0.0375
21 0.529375 0.26625 0.01875 0.0375
13 0.184375 0.35875 0.026250000000000002 0.0175
13 0.473125 0.256875 0.026250000000000002 0.01875
13 0.471875 0.28500000000000003 0.026250000000000002 0.0175
13 0.2825 0.58 0.02 0.027500000000000004
11 0.663125 0.655 0.02125 0.0325
11 0.519375 0.31 0.02125 0.0325
