21 0.20910384068278803 0.5049765625 0.01422475106685633 0.03271692745376956
11 0.7147937411095305 0.34857031250000003 0.01849217638691323 0.03271692745376956
12 0.7716927453769559 0.3770078125 0.01849217638691323 0.03271692745376956
10 0.9431009957325747 0.262546875 0.04551920341394026 0.019914651493598865
10 0.9438122332859175 0.4623203125 0.044096728307254626 0.01849217638691323
4 0.13940256045519203 0.5533203125 0.034139402560455195 0.01849217638691323
13 0.31650071123755336 0.7104375 0.03556187766714082 0.02844950213371266
10 0.9431009957325747 0.74740625 0.04551920341394026 0.019914651493598865
14 0.17496443812233287 0.632234375 0.011379800853485065 0.03129445234708393
14 0.8933143669985777 0.52559375 0.02844950213371266 0.011379800853485065
14 0.20910384068278803 0.2931171875 0.02844950213371266 0.015647226173541966
10 0.06187766714082503 0.532703125 0.04694167852062589 0.019914651493598865
4 0.43812233285917496 0.58246875 0.034139402560455195 0.017069701280227594
21 0.5369843527738265 0.7182578125 0.015647226173541966 0.03271692745376956
21 0.7211948790896159 0.4338828125 0.01422475106685633 0.03271692745376956
21 0.6650071123755334 0.7175468749999999 0.015647226173541966 0.03413940256045519
14 0.20839260312944524 0.7040390624999999 0.029871977240398296 0.015647226173541966
12 0.3307254623044097 0.461609375 0.01849217638691323 0.03413940256045519
4 0.14011379800853485 0.694796875 0.032716927453769556 0.017069701280227594
12 0.35988620199146515 0.6315234375000001 0.01991465149359886 0.03556187766714082
10 0.060455192034139404 0.46303125000000006 0.04694167852062589 0.019914651493598865
14 0.6223328591749644 0.66778125 0.02702702702702703 0.011379800853485065
21 0.7788051209103841 0.49075781250000006 0.012802275960170698 0.03271692745376956
4 0.25177809388335703 0.34075 0.03129445234708393 0.017069701280227594
21 0.33783783783783783 0.290984375 0.015647226173541966 0.03413940256045519
14 0.2532005689900427 0.4978671875 0.02844950213371266 0.012802275960170698
13 0.5369843527738265 0.5113749999999999 0.021337126600284494 0.019914651493598865
12 0.7147937411095305 0.689109375 0.021337126600284494 0.03413940256045519
21 0.5376955903271693 0.646453125 0.01422475106685633 0.03413940256045519
10 0.06116642958748222 0.40544531250000004 0.04551920341394026 0.01849217638691323
11 0.8278805120910384 0.54834375 0.01991465149359886 0.03413940256045519
14 0.10810810810810811 0.461609375 0.017069701280227598 0.02844950213371266
21 0.7788051209103841 0.43317187500000004 0.012802275960170698 0.03129445234708393
21 0.43812233285917496 0.49146874999999995 0.01422475106685633 0.03413940256045519
14 0.5796586059743954 0.5206171875 0.029871977240398296 0.015647226173541966
14 0.4374110953058322 0.5412343749999999 0.029871977240398296 0.017069701280227594
21 0.6650071123755334 0.3059140625 0.015647226173541966 0.03271692745376956
21 0.8918918918918919 0.49146874999999995 0.01422475106685633 0.03413940256045519
12 0.6578947368421053 0.3770078125 0.01849217638691323 0.03271692745376956
21 0.8349928876244664 0.490046875 0.01422475106685633 0.03413940256045519
12 0.8278805120910384 0.3770078125 0.017069701280227598 0.03271692745376956
14 0.25391180654338547 0.2845859375 0.02702702702702703 0.012802275960170698
21 0.3662873399715505 0.7175468749999999 0.015647226173541966 0.03413940256045519
12 0.40113798008534846 0.4623203125 0.01991465149359886 0.03556187766714082
21 0.7211948790896159 0.490046875 0.01422475106685633 0.03413940256045519
10 0.06187766714082503 0.36207812500000003 0.04694167852062589 0.019914651493598865
21 0.39473684210526316 0.290984375 0.015647226173541966 0.03129445234708393
4 0.8918918918918919 0.5817578125 0.03129445234708393 0.015647226173541966
14 0.4793741109530584 0.3556796875 0.02844950213371266 0.012802275960170698
21 0.8357041251778095 0.4338828125 0.015647226173541966 0.03271692745376956
14 0.25391180654338547 0.69621875 0.02702702702702703 0.011379800853485065
11 0.6578947368421053 0.6457421875 0.021337126600284494 0.03556187766714082
11 0.5298719772403983 0.33435156250000003 0.021337126600284494 0.03556187766714082
11 0.7716927453769559 0.5476328125000001 0.021337126600284494 0.03556187766714082
13 0.5376955903271693 0.5817578125 0.02275960170697013 0.021337126600284494
21 0.49573257467994314 0.46089843750000004 0.03840682788051209 0.015647226173541966
21 0.28236130867709813 0.5739375 0.03840682788051209 0.01422475106685633
21 0.18207681365576103 0.57678125 0.03698435277382646 0.01422475106685633
21 0.28165007112375534 0.4623203125 0.03698435277382646 0.015647226173541966
21 0.1813655761024182 0.4623203125 0.03840682788051209 0.015647226173541966
21 0.18207681365576103 0.40402343749999997 0.03698435277382646 0.015647226173541966
21 0.18278805120910385 0.3635 0.03840682788051209 0.01422475106685633
