4 0.6008218750000001 0.5108333333333334 0.09666666666666666 0.05500000000000001
4 0.134446875 0.8683333333333334 0.09333333333333334 0.06
10 0.849 0.0475 0.09666666666666666 0.095
14 0.704090625 0.09083333333333334 0.04666666666666667 0.11499999999999999
14 0.59915625 0.39916666666666667 0.11666666666666667 0.03833333333333333
14 0.400946875 0.61 0.05 0.13666666666666666
7 0.14194218749999998 0.7083333333333334 0.11833333333333333 0.12
6 0.8048609375 0.4033333333333333 0.06833333333333333 0.13
6 0.4950546875 0.8108333333333333 0.07833333333333334 0.125
6 0.39594999999999997 0.2925 0.12666666666666665 0.07166666666666667
4 0.4983859375 0.9708333333333334 0.10500000000000001 0.058333333333333334
