6 0.6617954070981211 0.7325777401477832 0.025052192066805846 0.060542797494780795
12 0.6503131524008351 0.5020858990147784 0.031315240083507306 0.05427974947807934
6 0.27244258872651356 0.17147090517241378 0.022964509394572025 0.056367432150313146
7 0.03549060542797495 0.7534367302955666 0.0709812108559499 0.07306889352818371
14 0.09394572025052192 0.5698776169950739 0.020876826722338204 0.03966597077244259
6 0.662839248434238 0.22361838054187194 0.022964509394572025 0.056367432150313146
6 0.9665970772442589 0.5782212130541872 0.025052192066805846 0.056367432150313146
14 0.8225469728601252 0.2642934113300493 0.020876826722338204 0.037578288100208766
6 0.27348643006263046 0.3946620997536946 0.025052192066805846 0.056367432150313146
14 0.7943632567849687 0.7315347906403942 0.03966597077244259 0.020876826722338204
6 0.27348643006263046 0.7336206896551725 0.025052192066805846 0.05845511482254697
4 0.964509394572025 0.9130080049261083 0.037578288100208766 0.020876826722338204
6 0.03549060542797495 0.6303686884236452 0.025052192066805846 0.056367432150313146
5 0.9613778705636744 0.08386314655172414 0.07724425887265136 0.014613778705636743
