4 0.674863387978142 0.6309659090909091 0.03460837887067396 0.021857923497267763
6 0.2604735883424408 0.34839096786833856 0.03278688524590164 0.060109289617486336
6 0.2604735883424408 0.5664552311912227 0.03278688524590164 0.060109289617486336
6 0.674863387978142 0.5664552311912227 0.03460837887067396 0.06375227686703097
4 0.2604735883424408 0.6309659090909091 0.03278688524590164 0.021857923497267763
4 0.040983606557377046 0.39927262931034485 0.03460837887067396 0.023679417122040074
10 0.11202185792349725 0.4946757445141066 0.023679417122040074 0.03642987249544626
0 0.7622950819672131 0.48377253134796233 0.04189435336976321 0.06921675774134792
6 0.35063752276867033 0.5673638322884013 0.03096539162112933 0.06193078324225866
14 0.854280510018215 0.36747159090909093 0.03278688524590164 0.014571948998178508
10 0.5382513661202186 0.4565144984326019 0.023679417122040074 0.03642987249544626
4 0.7777777777777778 0.6318745101880878 0.036429872495446276 0.023679417122040074
6 0.7777777777777778 0.34748236677115985 0.03278688524590164 0.06193078324225866
6 0.4426229508196721 0.6309659090909091 0.03278688524590164 0.06193078324225866
7 0.04189435336976321 0.3338533503134796 0.054644808743169404 0.052823315118397086
6 0.674863387978142 0.3492995689655173 0.03460837887067396 0.06193078324225866
6 0.7777777777777778 0.5791756465517242 0.03278688524590164 0.060109289617486336
6 0.35154826958105645 0.3347619514106583 0.03278688524590164 0.06193078324225866
14 0.44171220400728595 0.559186422413793 0.03096539162112933 0.01639344262295082
2 0.33515482695810567 0.47014351489028205 0.0400728597449909 0.07103825136612023
14 0.5974499089253188 0.4565144984326019 0.014571948998178508 0.03278688524590164
10 0.4781420765027322 0.39382102272727276 0.0819672131147541 0.03096539162112933
10 0.9043715846994536 0.5337455916927899 0.07832422586520948 0.03096539162112933
4 0.35154826958105645 0.6309659090909091 0.03278688524590164 0.021857923497267763
14 0.18397085610200364 0.4955843456112852 0.014571948998178508 0.03096539162112933
6 0.855191256830601 0.30841251959247645 0.03096539162112933 0.060109289617486336
10 0.44171220400728595 0.7527184561128527 0.03825136612021858 0.054644808743169404
