7 0.03833333333333333 0.706511801861702 0.07666666666666666 0.08166666666666667
6 0.6533333333333333 0.26112311613475175 0.09 0.043333333333333335
6 0.7225 0.15872534352836878 0.045 0.08833333333333333
6 0.17583333333333334 0.6057790336879434 0.09166666666666665 0.05
6 0.5125 0.8097420766843971 0.045 0.08833333333333333
14 0.5491666666666667 0.3293882978723405 0.08833333333333333 0.03
10 0.5475 0.5058787677304964 0.06833333333333333 0.06666666666666667
0 0.4883333333333334 0.6032815270390071 0.07 0.07833333333333334
10 0.7516666666666667 0.06465259308510637 0.07666666666666666 0.06999999999999999
14 0.3125 0.601616522606383 0.03166666666666666 0.07833333333333334
6 0.44833333333333336 0.2569606050531915 0.09666666666666666 0.04833333333333333
4 0.9258333333333333 0.6074440381205675 0.065 0.03666666666666667
4 0.55 0.4359485815602837 0.06333333333333332 0.03666666666666667
4 0.72 0.9496024490248226 0.06333333333333332 0.038333333333333344
4 0.035 0.8488696808510638 0.06666666666666667 0.04
12 0.6958333333333333 0.7006842863475177 0.075 0.13333333333333333
4 0.5158333333333334 0.9504349512411349 0.065 0.03666666666666667
14 0.8233333333333335 0.3260582890070922 0.03333333333333333 0.08
6 0.9291666666666668 0.4609236480496454 0.045 0.08666666666666667
