4 0.22407407407407404 0.4666666666666666 0.05555555555555556 0.02777777777777778
4 0.3055555555555556 0.4333333333333333 0.05185185185185185 0.03148148148148148
14 0.637962962962963 0.43518518518518523 0.02777777777777778 0.06481481481481481
6 0.3074074074074074 0.6592592592592592 0.03333333333333333 0.07222222222222222
6 0.7537037037037037 0.575 0.037037037037037035 0.07777777777777777
7 0.22222222222222224 0.37962962962962965 0.06296296296296296 0.06481481481481481
6 0.5305555555555556 0.6861111111111111 0.03518518518518519 0.07407407407407407
12 0.5083333333333333 0.575 0.0611111111111111 0.1
6 0.3074074074074074 0.5185185185185185 0.03333333333333333 0.07222222222222222
4 0.7537037037037037 0.662037037037037 0.05185185185185185 0.029629629629629627
12 0.5101851851851852 0.32222222222222224 0.0611111111111111 0.10185185185185183
10 0.5555555555555556 0.7722222222222223 0.05185185185185185 0.05
10 0.5509259259259259 0.18703703703703703 0.0537037037037037 0.05740740740740741
