4 0.8268970189701899 0.5728932584269664 0.0467479674796748 0.028455284552845527
10 0.47289972899728994 0.26095944522471914 0.014905149051490516 0.014227642276422764
4 0.47188346883468835 0.7594452247191011 0.0467479674796748 0.028455284552845527
14 0.6795392953929539 0.4218267205056179 0.020325203252032523 0.049457994579945805
12 0.44986449864498645 0.49685305477528086 0.10975609756097562 0.10636856368563685
6 0.3174119241192412 0.40087341994382025 0.026422764227642274 0.05352303523035231
4 0.3170731707317073 0.6695488061797753 0.04742547425474255 0.029810298102981032
6 0.8262195121951219 0.4965150983146067 0.02506775067750678 0.05284552845528455
6 0.47289972899728994 0.3495040379213483 0.025745257452574527 0.05487804878048781
6 0.47188346883468835 0.591480863764045 0.026422764227642274 0.05352303523035231
14 0.6016260162601627 0.6911780196629214 0.05284552845528455 0.024390243902439025
10 0.14905149051490515 0.4995567064606742 0.013550135501355014 0.014227642276422764
6 0.31639566395663954 0.5779626053370787 0.02710027100271003 0.05352303523035231
4 0.6023035230352304 0.7594452247191011 0.04742547425474255 0.028455284552845527
14 0.20494579945799457 0.4995567064606742 0.026422764227642274 0.0521680216802168
6 0.4712059620596206 0.6830670646067415 0.02506775067750678 0.05284552845528455
