14 0.12327586206896553 0.48277385159010605 0.022413793103448276 0.05344827586206896
12 0.2913793103448276 0.48535777385159007 0.07241379310344828 0.06896551724137931
6 0.6767241379310345 0.6068021201413428 0.03275862068965517 0.05344827586206896
6 0.6767241379310345 0.3604681978798586 0.029310344827586203 0.05
14 0.8077586206896552 0.6042181978798586 0.05344827586206896 0.02413793103448276
14 0.4362068965517241 0.6042181978798586 0.05517241379310345 0.02413793103448276
4 0.5620689655172414 0.7041298586572438 0.041379310344827586 0.02413793103448276
10 0.7637931034482759 0.2872570671378092 0.017241379310344827 0.017241379310344827
4 0.1896551724137931 0.7041298586572438 0.041379310344827586 0.02413793103448276
4 0.6775862068965517 0.7049911660777386 0.041379310344827586 0.022413793103448276
6 0.30775862068965515 0.3604681978798586 0.029310344827586203 0.05
6 0.1896551724137931 0.359606890459364 0.03103448275862069 0.05172413793103449
10 0.8715517241379309 0.4310954063604241 0.015517241379310345 0.015517241379310345
14 0.7948275862068965 0.4310954063604241 0.020689655172413793 0.05
10 0.06206896551724138 0.4844964664310954 0.013793103448275862 0.015517241379310345
6 0.30775862068965515 0.6059408127208481 0.03275862068965517 0.05172413793103449
6 0.1896551724137931 0.6068021201413428 0.03103448275862069 0.05
14 0.41982758620689653 0.4319567137809187 0.022413793103448276 0.05172413793103449
6 0.5612068965517242 0.6076634275618374 0.03275862068965517 0.05172413793103449
4 0.30775862068965515 0.7049911660777386 0.039655172413793106 0.022413793103448276
6 0.5620689655172414 0.3604681978798586 0.03103448275862069 0.05
12 0.6612068965517242 0.4844964664310954 0.07413793103448277 0.0706896551724138
