6 0.3380634390651085 0.4006924715909091 0.035058430717863104 0.08180300500834722
14 0.5943238731218697 0.6443714488636363 0.04006677796327211 0.021702838063439065
4 0.09098497495826377 0.6727450284090909 0.045075125208681135 0.02504173622704507
14 0.7595993322203672 0.5667613636363636 0.020033388981636056 0.04340567612687813
6 0.337228714524207 0.6118252840909091 0.0333889816360601 0.08347245409015026
6 0.8480801335559265 0.6493785511363637 0.0333889816360601 0.08180300500834722
2 0.6719532554257095 0.5083451704545454 0.08180300500834725 0.11352253756260433
14 0.24958263772954928 0.5100142045454545 0.021702838063439065 0.04340567612687813
7 0.09098497495826377 0.5968039772727274 0.06510851419031718 0.06343906510851419
6 0.4766277128547579 0.3731534090909091 0.035058430717863104 0.08347245409015026
6 0.7053422370617696 0.6435369318181817 0.03171953255425709 0.08347245409015026
4 0.5951585976627712 0.7695490056818183 0.04841402337228714 0.02504173622704507
10 0.8973288814691152 0.5659268465909091 0.018363939899833055 0.018363939899833055
4 0.8472454090150251 0.7319957386363637 0.04841402337228714 0.023372287145242067
10 0.5208681135225376 0.2554865056818182 0.020033388981636056 0.018363939899833055
6 0.16277128547579298 0.5066761363636363 0.08180300500834725 0.0333889816360601
2 0.4415692821368948 0.5091796875 0.08180300500834725 0.11185308848080133
6 0.4766277128547579 0.6477095170454545 0.03171953255425709 0.08180300500834722
