voltage-lines 0.7889087656529516 0.6380530973451327 0.1073345259391771 0.0584070796460177
pmos 0.37924865831842575 0.2079646017699115 0.07871198568872988 0.09026548672566372
pmos 0.1735241502683363 0.37168141592920356 0.07871198568872988 0.0920353982300885
pmos 0.6252236135957067 0.3734513274336283 0.07692307692307693 0.08849557522123894
pmos 0.1735241502683363 0.20619469026548673 0.07871198568872988 0.09380530973451327
cross-line-curved 0.41144901610017887 0.684070796460177 0.03220035778175313 0.023008849557522124
current 0.14221824686940965 0.6053097345132743 0.10554561717352415 0.11327433628318584
nmos 0.5250447227191414 0.8389380530973451 0.08050089445438283 0.0920353982300885
pmos 0.37924865831842575 0.3734513274336283 0.07871198568872988 0.0920353982300885
nmos 0.17262969588550983 0.8380530973451328 0.08050089445438283 0.09380530973451327
port 0.2772808586762075 0.6070796460176991 0.03577817531305903 0.03893805309734513
port 0.8497316636851521 0.4504424778761062 0.03577817531305903 0.03716814159292035
nmos 0.6252236135957067 0.6876106194690266 0.08050089445438283 0.09380530973451327
nmos 0.44364937388193204 0.5247787610619469 0.07871198568872988 0.09026548672566372
pmos 0.6261180679785331 0.20619469026548673 0.07871198568872988 0.09026548672566372
nmos 0.6905187835420393 0.5238938053097345 0.07871198568872988 0.0920353982300885
nmos 0.37835420393559926 0.6044247787610619 0.08050089445438283 0.09026548672566372
port 0.276386404293381 0.6893805309734513 0.03756708407871199 0.03716814159292035
vdd 0.41144901610017887 0.09380530973451327 0.04293381037567084 0.02831858407079646