gnd 0.6217592592592592 0.9537337662337663 0.030555555555555555 0.030844155844155844
gnd 0.3638888888888889 0.9545454545454546 0.03148148148148148 0.032467532467532464
capacitor 0.30462962962962964 0.4496753246753247 0.018518518518518517 0.05844155844155844
resistor 0.6231481481481481 0.27516233766233766 0.024074074074074074 0.11525974025974026
gnd 0.24583333333333332 0.5170454545454546 0.030555555555555555 0.03409090909090909
resistor 0.36527777777777776 0.8092532467532467 0.025 0.11525974025974026
capacitor 0.30462962962962964 0.685064935064935 0.018518518518518517 0.05844155844155844
capacitor 0.6944444444444444 0.8474025974025974 0.03518518518518519 0.03571428571428571
capacitor 0.700925925925926 0.3538961038961039 0.018518518518518517 0.05844155844155844
resistor 0.6240740740740741 0.836038961038961 0.024074074074074074 0.11688311688311688
port 0.24351851851851852 0.6858766233766234 0.011111111111111112 0.021103896103896104
resistor 0.3648148148148148 0.3287337662337662 0.024074074074074074 0.11525974025974026
gnd 0.6949074074074074 0.9545454545454546 0.032407407407407406 0.032467532467532464
resistor 0.36527777777777776 0.5698051948051948 0.025 0.11688311688311688
port 0.49398148148148147 0.14366883116883117 0.008333333333333333 0.011363636363636364
npn 0.6069444444444444 0.4496753246753247 0.04351851851851852 0.11688311688311688
npn 0.6046296296296296 0.6842532467532467 0.044444444444444446 0.11525974025974026
port 0.775 0.3538961038961039 0.011111111111111112 0.022727272727272728