resistor 0.6753623188405797 0.3170055452865065 0.028985507246376812 0.07208872458410351
port 0.8152173913043478 0.12939001848428835 0.02753623188405797 0.025878003696857672
port 0.8398550724637681 0.8567467652495379 0.02463768115942029 0.024029574861367836
resistor 0.6746376811594202 0.7597042513863216 0.030434782608695653 0.07393715341959335
pnp 0.6543478260869565 0.46210720887245843 0.05652173913043478 0.09981515711645102
resistor 0.372463768115942 0.7661737523105361 0.03188405797101449 0.07578558225508318
gnd 0.8246376811594203 0.8059149722735675 0.06376811594202898 0.04805914972273567
resistor 0.46159420289855074 0.27818853974122 0.030434782608695653 0.07208872458410351
port 0.8195652173913044 0.5702402957486137 0.015942028985507246 0.02033271719038817
gnd 0.11666666666666667 0.8049907578558225 0.06231884057971015 0.04621072088724584
npn 0.26594202898550723 0.5720887245841035 0.05652173913043478 0.10166358595194085
resistor 0.6760869565217391 0.19038817005545286 0.030434782608695653 0.07024029574861368
gnd 0.7702898550724637 0.41312384473197783 0.06231884057971015 0.04621072088724584
resistor 0.2876811594202899 0.2800369685767098 0.030434782608695653 0.07578558225508318
capacitor 0.7717391304347826 0.3142329020332717 0.059420289855072465 0.033271719038817
gnd 0.5471014492753623 0.7190388170055453 0.06231884057971015 0.051756007393715345
npn 0.48333333333333334 0.5730129390018485 0.05652173913043478 0.09981515711645102
port 0.8268115942028985 0.699630314232902 0.015942028985507246 0.0166358595194085
port 0.11521739130434783 0.5693160813308688 0.015942028985507246 0.022181146025878003
port 0.11594202898550725 0.6802218114602587 0.014492753623188406 0.014787430683918669