port 0.8787128712871287 0.5440573770491803 0.018151815181518153 0.022540983606557378
npn 0.44471947194719474 0.8002049180327869 0.037953795379537955 0.06352459016393443
port 0.485973597359736 0.10348360655737705 0.018151815181518153 0.022540983606557378
gnd 0.4570957095709571 0.4426229508196721 0.0297029702970297 0.020491803278688523
npn 0.40264026402640263 0.41188524590163933 0.036303630363036306 0.06147540983606557
resistor 0.7557755775577558 0.7254098360655737 0.033003300330033 0.09016393442622951
npn 0.30775577557755773 0.6495901639344263 0.037953795379537955 0.06147540983606557
port 0.1254125412541254 0.41188524590163933 0.0165016501650165 0.020491803278688523
npn 0.30775577557755773 0.8002049180327869 0.037953795379537955 0.06352459016393443
resistor 0.7566006600660066 0.21618852459016394 0.03135313531353135 0.08401639344262295
resistor 0.3886138613861386 0.2520491803278688 0.03135313531353135 0.08196721311475409
gnd 0.6196369636963697 0.6905737704918032 0.03135313531353135 0.020491803278688523
resistor 0.5346534653465347 0.6506147540983607 0.066006600660066 0.0389344262295082
pnp 0.6641914191419142 0.36577868852459017 0.034653465346534656 0.05942622950819672
npn 0.7425742574257426 0.4344262295081967 0.036303630363036306 0.06147540983606557
port 0.5173267326732673 0.9415983606557377 0.018151815181518153 0.022540983606557378
npn 0.17904290429042904 0.4108606557377049 0.037953795379537955 0.06352459016393443