port 0.44583333333333336 0.9055555555555556 0.011666666666666667 0.025925925925925925
npn 0.5241666666666667 0.40370370370370373 0.045 0.1259259259259259
resistor 0.3875 0.16111111111111112 0.03166666666666667 0.15925925925925927
voltage-lines 0.78 0.40555555555555556 0.04666666666666667 0.040740740740740744
resistor 0.3883333333333333 0.6444444444444445 0.03 0.16296296296296298
resistor 0.6858333333333333 0.6444444444444445 0.03166666666666667 0.16296296296296298
capacitor 0.5975 0.5 0.025 0.08148148148148149
capacitor 0.3325 0.40370370370370373 0.021666666666666667 0.08148148148148149
resistor 0.24416666666666667 0.40555555555555556 0.075 0.07777777777777778
voltage 0.17166666666666666 0.5962962962962963 0.05 0.1111111111111111
resistor 0.5408333333333334 0.6425925925925926 0.03166666666666667 0.16666666666666666
gnd 0.5391666666666667 0.8759259259259259 0.025 0.03333333333333333
port 0.4841666666666667 0.5962962962962963 0.011666666666666667 0.022222222222222223
port 0.31833333333333336 0.5962962962962963 0.016666666666666666 0.022222222222222223
port 0.28 0.9018518518518519 0.013333333333333334 0.025925925925925925