resistor 0.38079470198675497 0.2824074074074074 0.026490066225165563 0.16358024691358025
nmos 0.5802980132450332 0.5601851851851852 0.08112582781456953 0.18209876543209877
diode 0.722682119205298 0.4166666666666667 0.054635761589403975 0.09876543209876543
capacitor 0.8195364238410596 0.6327160493827161 0.04966887417218543 0.05555555555555555
resistor 0.918046357615894 0.6358024691358025 0.048013245033112585 0.16666666666666666
resistor 0.44039735099337746 0.6049382716049383 0.046357615894039736 0.16666666666666666
resistor 0.1498344370860927 0.11728395061728394 0.09105960264900662 0.08641975308641975
resistor 0.527317880794702 0.28703703703703703 0.024834437086092714 0.16049382716049382
capacitor 0.3195364238410596 0.5987654320987654 0.04966887417218543 0.05555555555555555
capacitor 0.25 0.3317901234567901 0.04966887417218543 0.05246913580246913
port 0.009105960264900662 0.11265432098765432 0.014900662251655629 0.027777777777777776
port 0.8675496688741722 0.8827160493827161 0.019867549668874173 0.043209876543209874
port 0.6167218543046358 0.8842592592592593 0.024834437086092714 0.040123456790123455