resistor 0.3537037037037037 0.35432098765432096 0.03333333333333333 0.08148148148148149
voltage 0.8888888888888888 0.20246913580246914 0.05555555555555555 0.07407407407407407
voltage 0.07314814814814814 0.6679012345679012 0.053703703703703705 0.07160493827160494
capacitor 0.6564814814814814 0.4506172839506173 0.020370370370370372 0.07160493827160494
switch 0.1675925925925926 0.5333333333333333 0.07592592592592592 0.04938271604938271
capacitor 0.6574074074074074 0.7320987654320987 0.05555555555555555 0.027160493827160494
resistor 0.7490740740740741 0.6061728395061728 0.03148148148148148 0.08641975308641975
resistor 0.3527777777777778 0.7296296296296296 0.03148148148148148 0.08148148148148149
resistor 0.4925925925925926 0.7296296296296296 0.03333333333333333 0.08148148148148149
gnd 0.49444444444444446 0.8604938271604938 0.044444444444444446 0.03209876543209877
resistor 0.3537037037037037 0.17160493827160495 0.02962962962962963 0.08148148148148149
switch 0.5648148148148148 0.6271604938271605 0.07777777777777778 0.04938271604938271
resistor 0.4935185185185185 0.35432098765432096 0.03148148148148148 0.08148148148148149
npn 0.475 0.5444444444444444 0.053703703703703705 0.1111111111111111
capacitor 0.28425925925925927 0.5432098765432098 0.020370370370370372 0.07407407407407407