npn 0.5601851851851852 0.4641975308641975 0.06481481481481481 0.14814814814814814
gnd 0.5851851851851851 0.8037037037037037 0.06296296296296296 0.04691358024691358
resistor 0.8018518518518518 0.5432098765432098 0.040740740740740744 0.10864197530864197
gnd 0.42777777777777776 0.7185185185185186 0.06296296296296296 0.04938271604938271
resistor 0.42685185185185187 0.5876543209876544 0.03888888888888889 0.11358024691358025
capacitor 0.3351851851851852 0.41975308641975306 0.025925925925925925 0.09876543209876543
gnd 0.8675925925925926 0.8024691358024691 0.06111111111111111 0.044444444444444446
resistor 0.17777777777777778 0.4222222222222222 0.08148148148148149 0.05432098765432099
gnd 0.8027777777777778 0.8024691358024691 0.06111111111111111 0.044444444444444446
gnd 0.08518518518518518 0.6777777777777778 0.05925925925925926 0.04691358024691358
voltage 0.08425925925925926 0.5456790123456791 0.07222222222222222 0.09876543209876543
resistor 0.42685185185185187 0.2938271604938272 0.03888888888888889 0.10864197530864197
voltage 0.8657407407407407 0.42098765432098767 0.07222222222222222 0.0962962962962963
resistor 0.5851851851851851 0.2506172839506173 0.037037037037037035 0.1111111111111111
capacitor 0.7092592592592593 0.37777777777777777 0.025925925925925925 0.09876543209876543