resistor2 0.29444444444444445 0.7135802469135802 0.022222222222222223 0.06419753086419754
capacitor 0.10555555555555556 0.30246913580246915 0.037037037037037035 0.01728395061728395
capacitor 0.22592592592592592 0.3950617283950617 0.014814814814814815 0.05432098765432099
port 0.15833333333333333 0.2308641975308642 0.03148148148148148 0.027160493827160494
gnd 0.29444444444444445 0.7864197530864198 0.03333333333333333 0.027160493827160494
port 0.10648148148148148 0.2308641975308642 0.03148148148148148 0.027160493827160494
resistor2 0.4824074074074074 0.32469135802469135 0.020370370370370372 0.06172839506172839
capacitor 0.19074074074074074 0.5074074074074074 0.014814814814814815 0.05185185185185185
resistor2 0.5851851851851851 0.32469135802469135 0.022222222222222223 0.06172839506172839
gnd 0.22592592592592592 0.6259259259259259 0.03333333333333333 0.027160493827160494
cross-line-curved 0.5861111111111111 0.3962962962962963 0.012962962962962963 0.01728395061728395
current 0.7212962962962963 0.23580246913580247 0.03888888888888889 0.05185185185185185
gnd 0.5342592592592592 0.762962962962963 0.03518518518518519 0.024691358024691357
resistor2 0.22592592592592592 0.5530864197530864 0.022222222222222223 0.06419753086419754
resistor2 0.8074074074074075 0.43950617283950616 0.018518518518518517 0.06419753086419754
resistor2 0.15833333333333333 0.5530864197530864 0.020370370370370372 0.06419753086419754
resistor2 0.20925925925925926 0.19012345679012346 0.022222222222222223 0.06419753086419754
resistor2 0.1574074074074074 0.3012345679012346 0.022222222222222223 0.06419753086419754
gnd 0.7212962962962963 0.30617283950617286 0.03148148148148148 0.02962962962962963
gnd 0.7898148148148149 0.5111111111111111 0.03518518518518519 0.02962962962962963
port 0.7888888888888889 0.3728395061728395 0.040740740740740744 0.044444444444444446
port 0.7185185185185186 0.4345679012345679 0.040740740740740744 0.04938271604938271
npn 0.6 0.4839506172839506 0.040740740740740744 0.07901234567901234
npn 0.4685185185185185 0.4876543209876543 0.040740740740740744 0.08148148148148149
npn 0.17592592592592593 0.391358024691358 0.040740740740740744 0.08148148148148149
voltage 0.36203703703703705 0.6012345679012345 0.03888888888888889 0.05185185185185185
voltage 0.5324074074074074 0.6901234567901234 0.03888888888888889 0.05185185185185185
current 0.5342592592592592 0.5987654320987654 0.03888888888888889 0.05185185185185185