voltage 0.06851851851851852 0.5172839506172839 0.037037037037037035 0.05185185185185185
resistor 0.6222222222222222 0.691358024691358 0.044444444444444446 0.02962962962962963
npn 0.6407407407407407 0.3888888888888889 0.03333333333333333 0.07654320987654321
resistor 0.49074074074074076 0.4308641975308642 0.022222222222222223 0.056790123456790124
resistor 0.5712962962962963 0.10617283950617284 0.020370370370370372 0.05925925925925926
current 0.5407407407407407 0.7345679012345679 0.037037037037037035 0.04691358024691358
resistor 0.8657407407407407 0.38765432098765434 0.04259259259259259 0.02962962962962963
resistor 0.1824074074074074 0.40987654320987654 0.04259259259259259 0.02962962962962963
resistor 0.5074074074074074 0.3 0.022222222222222223 0.056790123456790124
gnd 0.5546296296296296 0.562962962962963 0.03148148148148148 0.024691358024691357
gnd 0.8333333333333334 0.32469135802469135 0.03333333333333333 0.027160493827160494
resistor 0.8324074074074074 0.7567901234567901 0.020370370370370372 0.056790123456790124
resistor 0.8648148148148148 0.582716049382716 0.040740740740740744 0.024691358024691357
gnd 0.3611111111111111 0.7814814814814814 0.03333333333333333 0.027160493827160494
gnd 0.5074074074074074 0.36790123456790125 0.03333333333333333 0.024691358024691357
gnd 0.06851851851851852 0.6530864197530865 0.03333333333333333 0.03209876543209877
gnd 0.24722222222222223 0.8012345679012346 0.03148148148148148 0.027160493827160494
npn 0.37962962962962965 0.582716049382716 0.03333333333333333 0.07901234567901234
npn 0.7472222222222222 0.3888888888888889 0.03518518518518519 0.07654320987654321
resistor 0.4740740740740741 0.6901234567901234 0.04814814814814815 0.03209876543209877
cross-line-curved 0.6555555555555556 0.1925925925925926 0.014814814814814815 0.019753086419753086
resistor 0.7027777777777777 0.10617283950617284 0.020370370370370372 0.05925925925925926
resistor 0.2490740740740741 0.5814814814814815 0.04259259259259259 0.027160493827160494
port 0.5574074074074075 0.8 0.011111111111111112 0.014814814814814815
voltage 0.8324074074074074 0.17037037037037037 0.03888888888888889 0.05432098765432099
voltage 0.5564814814814815 0.4962962962962963 0.03888888888888889 0.05432098765432099
voltage 0.7675925925925926 0.691358024691358 0.03888888888888889 0.05432098765432099
voltage 0.24722222222222223 0.7135802469135802 0.03888888888888889 0.05432098765432099
port 0.5296296296296297 0.23950617283950618 0.04814814814814815 0.05432098765432099
port 0.2972222222222222 0.5395061728395062 0.016666666666666666 0.01728395061728395
port 0.5787037037037037 0.4308641975308642 0.05740740740740741 0.04691358024691358
npn 0.33240740740740743 0.4074074074074074 0.03518518518518519 0.07901234567901234
npn 0.6990740740740741 0.582716049382716 0.03518518518518519 0.07901234567901234
npn 0.4398148148148148 0.38765432098765434 0.03518518518518519 0.07901234567901234
port 0.7175925925925926 0.6888888888888889 0.009259259259259259 0.014814814814814815
port 0.7916666666666666 0.6271604938271605 0.05 0.044444444444444446
port 0.5527777777777778 0.6901234567901234 0.024074074074074074 0.037037037037037035