nmos 0.3595505617977528 0.7491554054054054 0.07704654895666131 0.09966216216216216
nmos 0.5232744783306581 0.4560810810810811 0.07704654895666131 0.09797297297297297
cross-line-curved 0.5561797752808989 0.26942567567567566 0.030497592295345103 0.02195945945945946
gnd 0.12841091492776885 0.7280405405405406 0.07062600321027288 0.04391891891891892
pmos 0.5240770465489567 0.5675675675675675 0.07865168539325842 0.09797297297297297
gnd 0.6428571428571429 0.5591216216216216 0.06902086677367576 0.04054054054054054
gnd 0.5553772070626003 0.9670608108108109 0.03210272873194221 0.03209459459459459
pmos 0.36035313001605135 0.566722972972973 0.07865168539325842 0.09628378378378379
port 0.8178170144462279 0.5118243243243243 0.030497592295345103 0.033783783783783786
current 0.5545746388443018 0.18158783783783783 0.11717495987158909 0.12331081081081081
nmos 0.723916532905297 0.7508445945945946 0.07704654895666131 0.10304054054054054
current 0.5545746388443018 0.8386824324324325 0.11396468699839486 0.11993243243243243
cross-line-curved 0.5553772070626003 0.7440878378378378 0.028892455858747994 0.02195945945945946
nmos 0.3611556982343499 0.4560810810810811 0.07704654895666131 0.10135135135135136
gnd 0.956661316211878 0.5616554054054054 0.06741573033707865 0.04222972972972973
pmos 0.723916532905297 0.27364864864864863 0.08025682182985554 0.09797297297297297
port 0.5553772070626003 0.05574324324324324 0.028892455858747994 0.033783783783783786
pmos 0.36035313001605135 0.27364864864864863 0.07865168539325842 0.10135135135135136
current 0.12841091492776885 0.6030405405405406 0.1187800963081862 0.12162162162162163