pnp 0.5310283687943262 0.4154639175257732 0.044326241134751775 0.07216494845360824
resistor 0.32269503546099293 0.8051546391752578 0.024822695035460994 0.05979381443298969
resistor 0.4352836879432624 0.5412371134020618 0.02304964539007092 0.05979381443298969
resistor 0.22783687943262412 0.7288659793814433 0.051418439716312055 0.026804123711340205
resistor 0.8475177304964538 0.6896907216494845 0.024822695035460994 0.05979381443298969
resistor 0.5487588652482269 0.277319587628866 0.02304964539007092 0.05979381443298969
gnd 0.6764184397163121 0.22783505154639175 0.03368794326241135 0.02268041237113402
gnd 0.4352836879432624 0.9185567010309278 0.03723404255319149 0.026804123711340205
voltage-lines 0.09485815602836879 0.8010309278350516 0.03368794326241135 0.030927835051546393
diode 0.6826241134751773 0.5 0.03900709219858156 0.03917525773195876
voltage-lines 0.6773049645390071 0.1402061855670103 0.03546099290780142 0.032989690721649485
diode 0.4370567375886525 0.1958762886597938 0.040780141843971635 0.041237113402061855
diode 0.4370567375886525 0.30927835051546393 0.040780141843971635 0.041237113402061855
npn 0.42109929078014185 0.7278350515463917 0.040780141843971635 0.07422680412371134