voltage 0.17524916943521596 0.6099773242630385 0.0681063122923588 0.09070294784580499
resistor 0.4476744186046512 0.5997732426303855 0.024916943521594685 0.07936507936507936
resistor 0.654485049833887 0.7312925170068028 0.023255813953488372 0.07482993197278912
resistor 0.654485049833887 0.2528344671201814 0.023255813953488372 0.07482993197278912
capacitor 0.7807308970099668 0.7301587301587301 0.04318936877076412 0.027210884353741496
resistor 0.4476744186046512 0.33900226757369617 0.024916943521594685 0.07482993197278912
voltage-lines 0.049003322259136214 0.47845804988662133 0.044850498338870434 0.05895691609977324
capacitor 0.8214285714285714 0.3492063492063492 0.02159468438538206 0.05442176870748299
gnd 0.6528239202657807 0.8786848072562359 0.036544850498338874 0.02947845804988662
gnd 0.446843853820598 0.8798185941043084 0.036544850498338874 0.031746031746031744
capacitor 0.3122923588039867 0.47959183673469385 0.023255813953488372 0.05668934240362812
port 0.8604651162790697 0.3492063492063492 0.009966777408637873 0.013605442176870748
npn 0.643687707641196 0.47959183673469385 0.03488372093023256 0.07482993197278912