vdd 0.5440835266821346 0.04756380510440835 0.048723897911832945 0.016241299303944315
gnd 0.37935034802784223 0.30974477958236657 0.09048723897911833 0.048723897911832945
voltage 0.04640371229698376 0.7041763341067285 0.08352668213457076 0.08584686774941995
nmos 0.5162412993039444 0.4988399071925754 0.06728538283062645 0.08816705336426914
resistor 0.5417633410672854 0.7691415313225058 0.03944315545243619 0.12761020881670534
resistor 0.5406032482598608 0.2296983758700696 0.04176334106728538 0.12993039443155452
vdd 0.37819025522041766 0.04640371229698376 0.05104408352668213 0.018561484918793503
resistor 0.8735498839907193 0.6867749419953596 0.03944315545243619 0.12993039443155452
voltage 0.37703016241299303 0.16705336426914152 0.08584686774941995 0.08352668213457076
resistor 0.3352668213457077 0.7679814385150812 0.04408352668213457 0.12993039443155452
capacitor 0.2308584686774942 0.5 0.03944315545243619 0.0765661252900232
capacitor 0.7668213457076566 0.37587006960556846 0.03944315545243619 0.07888631090487239
gnd 0.33642691415313225 0.9698375870069605 0.08816705336426914 0.04640371229698376
port 0.9013921113689095 0.37587006960556846 0.030162412993039442 0.03248259860788863