pmos 0.17563739376770537 0.2097069597069597 0.14730878186968838 0.11538461538461539
port 0.34419263456090654 0.05952380952380952 0.053824362606232294 0.038461538461538464
nmos 0.17422096317280453 0.6108058608058609 0.1501416430594901 0.11538461538461539
port 0.8186968838526912 0.38003663003663 0.05099150141643059 0.0347985347985348
pmos 0.5127478753541076 0.2097069597069597 0.141643059490085 0.11538461538461539
port 0.8186968838526912 0.7234432234432234 0.05099150141643059 0.03296703296703297
gnd 0.5694050991501416 0.9652014652014652 0.12464589235127478 0.04395604395604396
nmos 0.17847025495750707 0.836996336996337 0.141643059490085 0.11355311355311355
current 0.12322946175637393 0.41117216117216115 0.20679886685552407 0.1336996336996337
nmos 0.5084985835694051 0.8351648351648352 0.1388101983002833 0.11355311355311355
nmos 0.509915014164306 0.6089743589743589 0.141643059490085 0.11538461538461539
gnd 0.12464589235127478 0.9661172161172161 0.11898016997167139 0.04212454212454213