port 0.058888888888888886 0.832 0.015555555555555555 0.032
resistor 0.5911111111111111 0.314 0.044444444444444446 0.044
resistor 0.30444444444444446 0.452 0.044444444444444446 0.04
resistor 0.5077777777777778 0.66 0.024444444444444446 0.08
resistor 0.3844444444444444 0.624 0.022222222222222223 0.08
resistor 0.6911111111111111 0.662 0.022222222222222223 0.084
resistor 0.5077777777777778 0.176 0.024444444444444446 0.08
pnp 0.6811111111111111 0.314 0.03333333333333333 0.092
port 0.8311111111111111 0.486 0.008888888888888889 0.02
port 0.8344444444444444 0.038 0.015555555555555555 0.02
diode 0.19 0.456 0.03333333333333333 0.072
port 0.06 0.458 0.022222222222222223 0.044
gnd 0.5066666666666667 0.954 0.04888888888888889 0.06