resistor 0.4022727272727273 0.3789954337899543 0.05454545454545454 0.1552511415525114
port 0.9125 0.3892694063926941 0.038636363636363635 0.05251141552511415
port 0.9170454545454545 0.5125570776255708 0.04318181818181818 0.03881278538812785
port 0.6352272727272728 0.08447488584474885 0.04318181818181818 0.0410958904109589
port 0.4022727272727273 0.2705479452054795 0.04090909090909091 0.04337899543378995
port 0.10340909090909091 0.5513698630136986 0.038636363636363635 0.03881278538812785
port 0.10454545454545454 0.6712328767123288 0.05454545454545454 0.045662100456621
capacitor 0.7977272727272727 0.3892694063926941 0.04090909090909091 0.08904109589041095
capacitor 0.2625 0.5525114155251142 0.04772727272727273 0.1050228310502283
capacitor 0.5306818181818181 0.7842465753424658 0.09318181818181819 0.05251141552511415
gnd 0.09545454545454546 0.8835616438356164 0.12272727272727273 0.0502283105022831
gnd 0.34545454545454546 0.8835616438356164 0.1318181818181818 0.0502283105022831
gnd 0.6147727272727272 0.9554794520547946 0.125 0.05251141552511415
gnd 0.9090909090909091 0.6312785388127854 0.12727272727272726 0.05707762557077625
resistor 0.3613636363636364 0.7054794520547946 0.05454545454545454 0.1552511415525114
resistor 0.6363636363636364 0.773972602739726 0.05454545454545454 0.1552511415525114
npn 0.6045454545454545 0.5536529680365296 0.11363636363636363 0.12100456621004566
resistor 0.6318181818181818 0.204337899543379 0.05909090909090909 0.14840182648401826