port 0.077 0.9009803921568628 0.026 0.021568627450980392
gnd 0.895 0.1480392156862745 0.046 0.021568627450980392
resistor 0.364 0.37058823529411766 0.032 0.06666666666666667
capacitor 0.71 0.7715686274509804 0.052 0.025490196078431372
port 0.853 0.9009803921568628 0.022 0.021568627450980392
port 0.874 0.3607843137254902 0.016 0.0196078431372549
resistor 0.364 0.20980392156862746 0.032 0.07058823529411765
resistor 0.548 0.19117647058823528 0.032 0.06862745098039216
capacitor 0.74 0.36176470588235293 0.024 0.052941176470588235
npn 0.515 0.5019607843137255 0.038 0.07058823529411765
capacitor 0.17 0.5009803921568627 0.024 0.049019607843137254
resistor 0.508 0.7931372549019607 0.032 0.07254901960784314
resistor 0.365 0.6735294117647059 0.034 0.06862745098039216
port 0.078 0.5009803921568627 0.016 0.01764705882352941
gnd 0.506 0.9490196078431372 0.048 0.023529411764705882
voltage-lines 0.854 0.12058823529411765 0.056 0.06862745098039216