port 0.29694915254237286 0.9252873563218391 0.013559322033898305 0.0180623973727422
pmos 0.6064406779661017 0.35098522167487683 0.09423728813559322 0.14203612479474548
nmos 0.3735593220338983 0.7857142857142857 0.0840677966101695 0.14614121510673234
nmos 0.611864406779661 0.785303776683087 0.08610169491525424 0.14532019704433496
pmos 0.3806779661016949 0.3522167487684729 0.09694915254237288 0.14285714285714285
nmos 0.37457627118644066 0.583743842364532 0.08338983050847458 0.1412151067323481
gnd 0.4922033898305085 0.9651067323481116 0.05559322033898305 0.03694581280788178
port 0.9901694915254238 0.1469622331691297 0.01288135593220339 0.016420361247947456
nmos 0.8627118644067797 0.39983579638752054 0.11864406779661017 0.09359605911330049
vdd 0.34271186440677964 0.25779967159277506 0.04949152542372881 0.024630541871921183
vdd 0.648135593220339 0.2569786535303777 0.05016949152542373 0.024630541871921183
port 0.9386440677966101 0.035303776683087026 0.01423728813559322 0.0180623973727422
nmos 0.7762711864406779 0.6416256157635468 0.11932203389830509 0.09277504105090312
port 0.06949152542372881 0.035303776683087026 0.015593220338983051 0.016420361247947456
port 0.016271186440677966 0.1469622331691297 0.010847457627118645 0.0180623973727422
port 0.07288135593220339 0.7992610837438424 0.029152542372881354 0.03201970443349754
vdd 0.8613559322033898 0.6793924466338259 0.025084745762711864 0.13382594417077176
port 0.6901694915254237 0.9293924466338259 0.020338983050847456 0.029556650246305417
nmos 0.6094915254237289 0.5804597701149425 0.08677966101694916 0.14614121510673234
nmos 0.1430508474576271 0.4408866995073892 0.1152542372881356 0.09359605911330049
nmos 0.21728813559322033 0.6440886699507389 0.11593220338983051 0.09277504105090312
vdd 0.13118644067796612 0.6834975369458128 0.025084745762711864 0.13382594417077176
port 0.94 0.7980295566502463 0.01694915254237288 0.031198686371100164