gnd 0.8683812405446294 0.8216374269005848 0.02723146747352496 0.021442495126705652
npn 0.5627836611195158 0.4980506822612086 0.04236006051437216 0.07212475633528265
port 0.4962178517397882 0.056530214424951264 0.02118003025718608 0.023391812865497075
capacitor 0.6906202723146747 0.37816764132553604 0.01664145234493192 0.04678362573099415
capacitor 0.6822995461422088 0.6471734892787524 0.036308623298033284 0.023391812865497075
voltage 0.07866868381240545 0.6764132553606238 0.06656580937972768 0.08576998050682261
gnd 0.07791225416036308 0.8216374269005848 0.028744326777609682 0.021442495126705652
port 0.9841149773071104 0.37816764132553604 0.01664145234493192 0.023391812865497075
resistor 0.8683812405446294 0.6003898635477583 0.03328290468986384 0.08576998050682261
gnd 0.4039334341906203 0.8216374269005848 0.030257186081694403 0.021442495126705652
resistor 0.16944024205748864 0.49707602339181284 0.06959152798789713 0.042884990253411304
resistor 0.4031770045385779 0.2553606237816764 0.037821482602118005 0.09746588693957114
resistor 0.5779122541603631 0.6549707602339181 0.03328290468986384 0.0935672514619883
capacitor 0.2957639939485628 0.49707602339181284 0.01664145234493192 0.04678362573099415
gnd 0.6822995461422088 0.8216374269005848 0.030257186081694403 0.021442495126705652
resistor 0.4031770045385779 0.6500974658869396 0.037821482602118005 0.09551656920077972
port 0.5771558245083207 0.8187134502923976 0.019667170953101363 0.023391812865497075
resistor 0.5794251134644478 0.2573099415204678 0.036308623298033284 0.0935672514619883