resistor 0.4136460554371002 0.47384615384615386 0.08102345415778252 0.07384615384615385
resistor 0.7110874200426439 0.7892307692307692 0.04477611940298507 0.11384615384615385
resistor 0.43390191897654584 0.06 0.08315565031982942 0.07692307692307693
single-end-amp 0.40191897654584224 0.6076923076923076 0.1300639658848614 0.18153846153846154
resistor 0.5842217484008528 0.19692307692307692 0.08528784648187633 0.07384615384615385
resistor 0.13539445628997868 0.34615384615384615 0.04477611940298507 0.11384615384615385
port 0.039445628997867806 0.2230769230769231 0.023454157782515993 0.033846153846153845
port 0.9616204690831557 0.41846153846153844 0.0255863539445629 0.036923076923076927
resistor 0.7782515991471215 0.19692307692307692 0.08528784648187633 0.07384615384615385
resistor 0.7110874200426439 0.5969230769230769 0.04477611940298507 0.11692307692307692
port 0.9605543710021321 0.583076923076923 0.023454157782515993 0.033846153846153845
single-end-amp 0.8049040511727079 0.4123076923076923 0.1257995735607676 0.18461538461538463
gnd 0.7867803837953091 0.9538461538461539 0.08955223880597014 0.04923076923076923
resistor 0.5863539445628998 0.6123076923076923 0.08955223880597014 0.07384615384615385
single-end-amp 0.40298507462686567 0.19230769230769232 0.13219616204690832 0.18153846153846154
port 0.039445628997867806 0.6369230769230769 0.023454157782515993 0.036923076923076927
resistor 0.14072494669509594 0.5123076923076924 0.0511727078891258 0.12
port 0.7430703624733476 0.7615384615384615 0.02771855010660981 0.04