gnd 0.2671875 0.9423868312757202 0.059375 0.05761316872427984
gnd 0.6140625 0.9382716049382716 0.059375 0.05761316872427984
resistor 0.2671875 0.19135802469135801 0.040625 0.17695473251028807
resistor 0.4890625 0.19547325102880658 0.040625 0.17695473251028807
resistor 0.2671875 0.757201646090535 0.046875 0.18930041152263374
resistor 0.4921875 0.7283950617283951 0.046875 0.18930041152263374
capacitor 0.6171875 0.7263374485596708 0.078125 0.04526748971193416
gnd 0.8046875 0.9279835390946503 0.059375 0.06172839506172839
capacitor 0.128125 0.4567901234567901 0.03125 0.09876543209876543
npn 0.4609375 0.45267489711934156 0.084375 0.1646090534979424
capacitor 0.5859375 0.3168724279835391 0.028125 0.09053497942386832
port 0.903125 0.3168724279835391 0.025 0.03292181069958848
gnd 0.490625 0.9259259259259259 0.0625 0.05761316872427984
resistor 0.80625 0.6069958847736625 0.04375 0.1934156378600823
port 0.034375 0.4567901234567901 0.0125 0.024691358024691357
port 0.7046875 0.06790123456790123 0.028125 0.037037037037037035
port 0.1671875 0.06378600823045268 0.028125 0.037037037037037035