resistor 0.8050847457627118 0.5385572139303483 0.047080979284369114 0.09701492537313433
gnd 0.7080979284369114 0.9104477611940298 0.060263653483992465 0.04477611940298507
resistor 0.5414312617702448 0.7524875621890548 0.05084745762711865 0.09701492537313433
resistor 0.3615819209039548 0.7512437810945274 0.04896421845574388 0.0945273631840796
gnd 0.8041431261770244 0.6890547263681592 0.060263653483992465 0.04477611940298507
resistor 0.3606403013182674 0.35572139303482586 0.05084745762711865 0.09950248756218906
gnd 0.3606403013182674 0.9104477611940298 0.0583804143126177 0.04477611940298507
resistor 0.5404896421845574 0.2935323383084577 0.05273069679849341 0.09950248756218906
gnd 0.5423728813559322 0.9104477611940298 0.060263653483992465 0.04477611940298507
voltage 0.11770244821092278 0.7761194029850746 0.10734463276836158 0.14427860696517414
npn 0.5178907721280602 0.5074626865671642 0.10922787193973635 0.13930348258706468
gnd 0.1167608286252354 0.9129353233830846 0.060263653483992465 0.04477611940298507
capacitor 0.2721280602636535 0.5087064676616916 0.035781544256120526 0.10696517412935323
capacitor 0.7184557438794726 0.3855721393034826 0.032015065913371 0.1044776119402985
capacitor 0.7071563088512242 0.7487562189054726 0.08097928436911488 0.04477611940298507
port 0.5404896421845574 0.15671641791044777 0.022598870056497175 0.029850746268656716
resistor 0.1167608286252354 0.6019900497512438 0.05273069679849341 0.09950248756218906
port 0.7711864406779662 0.38308457711442784 0.02071563088512241 0.029850746268656716