capacitor 0.474671669793621 0.7765486725663717 0.0450281425891182 0.022123893805309734
resistor 0.6688555347091932 0.3396017699115044 0.08818011257035648 0.0420353982300885
resistor 0.4165103189493433 0.7676991150442478 0.0375234521575985 0.11504424778761062
diode 0.4165103189493433 0.2842920353982301 0.02626641651031895 0.033185840707964605
npn 0.3883677298311445 0.584070796460177 0.0675422138836773 0.09292035398230089
gnd 0.9596622889305816 0.4225663716814159 0.054409005628517824 0.02654867256637168
gnd 0.5337711069418386 0.9723451327433629 0.06191369606003752 0.028761061946902654
npn 0.5056285178236398 0.22787610619469026 0.06941838649155722 0.09734513274336283
resistor 0.2598499061913696 0.7311946902654868 0.039399624765478425 0.11283185840707964
resistor 0.2598499061913696 0.36283185840707965 0.03564727954971857 0.10619469026548672
capacitor 0.13602251407129456 0.5918141592920354 0.028142589118198873 0.05530973451327434
resistor 0.4165103189493433 0.13274336283185842 0.03377110694183865 0.10619469026548672
diode 0.4174484052532833 0.3926991150442478 0.024390243902439025 0.033185840707964605
capacitor 0.8452157598499062 0.5707964601769911 0.03564727954971857 0.017699115044247787
port 0.0675422138836773 0.588495575221239 0.0150093808630394 0.017699115044247787
capacitor 0.8452157598499062 0.20243362831858408 0.03564727954971857 0.01991150442477876
pnp 0.5037523452157598 0.45132743362831856 0.06941838649155722 0.09734513274336283