capacitor 0.6169977924944813 0.27009345794392525 0.037527593818984545 0.08037383177570094
port 0.08940397350993377 0.36822429906542054 0.024282560706401765 0.022429906542056073
capacitor 0.16777041942604856 0.36542056074766355 0.03532008830022075 0.07289719626168224
gnd 0.7814569536423841 0.46448598130841123 0.0706401766004415 0.04299065420560748
gnd 0.25275938189845476 0.5607476635514018 0.0728476821192053 0.037383177570093455
resistor 0.25386313465783666 0.4588785046728972 0.04415011037527594 0.08037383177570094
resistor 0.7814569536423841 0.5429906542056074 0.04415011037527594 0.08037383177570094
resistor 0.46467991169977924 0.18785046728971963 0.04194260485651214 0.07663551401869159
port 0.7836644591611479 0.26822429906542056 0.026490066225165563 0.024299065420560748
npn 0.4304635761589404 0.3691588785046729 0.09271523178807947 0.12149532710280374
npn 0.7494481236203091 0.697196261682243 0.09050772626931568 0.11588785046728972
npn 0.4955849889624724 0.697196261682243 0.09492273730684327 0.11214953271028037