resistor 0.13739376770538245 0.2703349282296651 0.036827195467422094 0.1674641148325359
gnd 0.13739376770538245 0.7105263157894737 0.042492917847025496 0.0430622009569378
resistor 0.4773371104815864 0.16267942583732056 0.1274787535410765 0.06698564593301436
port 0.9702549575070821 0.49282296650717705 0.019830028328611898 0.028708133971291867
resistor 0.6926345609065155 0.84688995215311 0.12181303116147309 0.06698564593301436
gnd 0.34419263456090654 0.5813397129186603 0.04815864022662889 0.0430622009569378
diode 0.1359773371104816 0.4904306220095694 0.039660056657223795 0.07177033492822966
single-end-amp 0.4943342776203966 0.430622009569378 0.18413597733711048 0.22009569377990432
single-end-amp 0.8045325779036827 0.4904306220095694 0.1813031161473088 0.215311004784689
gnd 0.8229461756373938 0.9354066985645934 0.04815864022662889 0.0430622009569378
diode 0.23087818696883852 0.4904306220095694 0.042492917847025496 0.07177033492822966
port 0.6926345609065155 0.80622009569378 0.025495750708215296 0.0430622009569378
port 0.5764872521246459 0.2607655502392344 0.025495750708215296 0.0430622009569378
port 0.5155807365439093 0.8421052631578947 0.028328611898016998 0.03827751196172249
port 0.886685552407932 0.3229665071770335 0.028328611898016998 0.03349282296650718
port 0.19830028328611898 0.050239234449760764 0.028328611898016998 0.0430622009569378
port 0.5637393767705382 0.715311004784689 0.0226628895184136 0.0430622009569378