resistor 0.5919732441471572 0.7 0.010033444816053512 0.04220183486238532
resistor 0.6596989966555183 0.3155963302752294 0.008361204013377926 0.04036697247706422
pnp 0.2140468227424749 0.2 0.015050167224080268 0.05504587155963303
resistor 0.43561872909698995 0.26146788990825687 0.015050167224080268 0.027522935779816515
resistor 0.7646321070234113 0.5761467889908257 0.00919732441471572 0.04036697247706422
port 0.9803511705685619 0.047706422018348627 0.024247491638795988 0.025688073394495414
resistor 0.4084448160535117 0.9055045871559633 0.00919732441471572 0.04220183486238532
resistor 0.8683110367892977 0.43027522935779816 0.010869565217391304 0.04220183486238532
resistor 0.19105351170568563 0.9045871559633027 0.00919732441471572 0.04036697247706422
resistor 0.6948160535117057 0.5752293577981651 0.008361204013377926 0.04220183486238532
resistor 0.32441471571906355 0.11009174311926606 0.010033444816053512 0.04036697247706422
resistor 0.3511705685618729 0.8128440366972477 0.013377926421404682 0.022018348623853212
resistor 0.0794314381270903 0.5064220183486239 0.013377926421404682 0.01834862385321101
resistor 0.28929765886287623 0.5064220183486239 0.015050167224080268 0.022018348623853212
resistor 0.6592809364548495 0.6981651376146789 0.00919732441471572 0.04220183486238532
resistor 0.5058528428093646 0.6669724770642201 0.008361204013377926 0.045871559633027525
resistor 0.12876254180602006 0.5706422018348624 0.010033444816053512 0.03669724770642202
resistor 0.4352006688963211 0.9678899082568807 0.014214046822742474 0.023853211009174313
port 0.016722408026755852 0.5073394495412844 0.021739130434782608 0.023853211009174313
capacitor 0.09991638795986622 0.5688073394495413 0.01254180602006689 0.014678899082568808
resistor 0.43645484949832775 0.7522935779816514 0.016722408026755852 0.022018348623853212
resistor 0.6592809364548495 0.43027522935779816 0.00919732441471572 0.03853211009174312
capacitor 0.2537625418060201 0.6504587155963303 0.01254180602006689 0.023853211009174313
pnp 0.40259197324414714 0.2 0.014214046822742474 0.05137614678899083
gnd 0.04096989966555184 0.6467889908256881 0.010033444816053512 0.02018348623853211
pnp 0.68938127090301 0.7532110091743119 0.014214046822742474 0.05321100917431193
resistor 0.5058528428093646 0.3229357798165138 0.008361204013377926 0.04036697247706422
resistor 0.16638795986622074 0.11192660550458716 0.013377926421404682 0.044036697247706424
resistor 0.25334448160535117 0.5651376146788991 0.008361204013377926 0.04036697247706422
resistor 0.6939799331103679 0.42935779816513764 0.008361204013377926 0.04036697247706422
resistor 0.6245819397993311 0.43761467889908257 0.010033444816053512 0.04220183486238532
resistor 0.4360367892976589 0.046788990825688076 0.01588628762541806 0.023853211009174313
resistor 0.5898829431438127 0.3165137614678899 0.00919732441471572 0.03853211009174312
pnp 0.16806020066889632 0.2018348623853211 0.015050167224080268 0.05504587155963303
resistor 0.5045986622073578 0.44587155963302755 0.00919732441471572 0.04036697247706422
resistor 0.21948160535117056 0.11100917431192661 0.00919732441471572 0.04220183486238532
gnd 0.12876254180602006 0.6477064220183486 0.010033444816053512 0.01834862385321101
resistor 0.5535117056856187 0.43119266055045874 0.008361204013377926 0.04036697247706422
resistor 0.729933110367893 0.6990825688073394 0.008361204013377926 0.044036697247706424
resistor 0.5898829431438127 0.6990825688073394 0.00919732441471572 0.04036697247706422
resistor 0.5547658862876255 0.5844036697247706 0.00919732441471572 0.04220183486238532
pnp 0.7587792642140468 0.7532110091743119 0.01588628762541806 0.05688073394495413
resistor 0.8340301003344481 0.5752293577981651 0.00919732441471572 0.04220183486238532
capacitor 0.4644648829431438 0.8596330275229358 0.014214046822742474 0.01651376146788991
capacitor 0.9042642140468228 0.6486238532110091 0.01254180602006689 0.01651376146788991
resistor 0.7290969899665551 0.3155963302752294 0.008361204013377926 0.04036697247706422
resistor 0.7290969899665551 0.43027522935779816 0.010033444816053512 0.03853211009174312
resistor 0.8336120401337793 0.42935779816513764 0.010033444816053512 0.03669724770642202
capacitor 0.38127090301003347 0.7834862385321101 0.013377926421404682 0.01834862385321101
resistor 0.7637959866220736 0.42935779816513764 0.00919732441471572 0.04036697247706422
npn 0.7600334448160535 0.26238532110091745 0.015050167224080268 0.05504587155963303
npn 0.8294314381270903 0.26055045871559634 0.015050167224080268 0.05504587155963303
pnp 0.5501672240802675 0.7541284403669725 0.015050167224080268 0.05504587155963303
npn 0.19607023411371238 0.8155963302752294 0.01588628762541806 0.060550458715596334
npn 0.15802675585284282 0.5064220183486239 0.015050167224080268 0.05871559633027523
port 0.9811872909698997 0.3834862385321101 0.024247491638795988 0.025688073394495414
pnp 0.8294314381270903 0.7504587155963303 0.015050167224080268 0.05504587155963303
port 0.9811872909698997 0.5082568807339449 0.024247491638795988 0.025688073394495414
port 0.9811872909698997 0.6302752293577981 0.024247491638795988 0.027522935779816515
resistor 0.9042642140468228 0.5642201834862385 0.010869565217391304 0.04220183486238532
resistor 0.6241638795986622 0.5770642201834862 0.010869565217391304 0.04220183486238532
port 0.9811872909698997 0.9669724770642202 0.024247491638795988 0.025688073394495414
inductor 0.9381270903010034 0.501834862385321 0.015050167224080268 0.02018348623853211
resistor 0.7989130434782609 0.3146788990825688 0.010869565217391304 0.04220183486238532
diode 0.4360367892976589 0.3412844036697248 0.01588628762541806 0.025688073394495414
capacitor 0.3804347826086957 0.23211009174311928 0.013377926421404682 0.01651376146788991
npn 0.22408026755852842 0.5091743119266054 0.015050167224080268 0.060550458715596334
capacitor 0.3520066889632107 0.3568807339449541 0.013377926421404682 0.01651376146788991
resistor 0.19105351170568563 0.5458715596330275 0.017558528428093644 0.023853211009174313
resistor 0.463628762541806 0.3440366972477064 0.010869565217391304 0.04220183486238532
resistor 0.4084448160535117 0.10550458715596331 0.010869565217391304 0.04220183486238532
resistor 0.7984949832775919 0.43211009174311926 0.010033444816053512 0.04220183486238532
port 0.016304347826086956 0.5688073394495413 0.0225752508361204 0.025688073394495414
npn 0.5501672240802675 0.26238532110091745 0.015050167224080268 0.05504587155963303
npn 0.40342809364548493 0.8155963302752294 0.01588628762541806 0.060550458715596334
npn 0.6204013377926422 0.26055045871559634 0.015050167224080268 0.05504587155963303
npn 0.689799331103679 0.26055045871559634 0.015050167224080268 0.05504587155963303
pnp 0.6195652173913043 0.7504587155963303 0.015050167224080268 0.05504587155963303
resistor 0.32316053511705684 0.7532110091743119 0.010869565217391304 0.04220183486238532
npn 0.4698996655518395 0.44678899082568807 0.015050167224080268 0.060550458715596334
capacitor 0.46404682274247494 0.15504587155963304 0.013377926421404682 0.01651376146788991
capacitor 0.38001672240802675 0.10642201834862386 0.014214046822742474 0.022018348623853212
gnd 0.2545986622073579 0.7201834862385321 0.010869565217391304 0.02018348623853211
diode 0.32441471571906355 0.8532110091743119 0.015050167224080268 0.025688073394495414
diode 0.32357859531772576 0.9211009174311927 0.015050167224080268 0.025688073394495414
diode 0.28929765886287623 0.8853211009174312 0.01839464882943144 0.027522935779816515
gnd 0.9046822742474916 0.7192660550458716 0.011705685618729096 0.01834862385321101
resistor 0.7989130434782609 0.6981651376146789 0.010869565217391304 0.04220183486238532
gnd 0.9531772575250836 0.7201834862385321 0.011705685618729096 0.02018348623853211
gnd 0.09991638795986622 0.6477064220183486 0.010869565217391304 0.022018348623853212