pmos 0.18962848297213622 0.17542016806722688 0.07585139318885449 0.15756302521008403
nmos 0.4055727554179567 0.4317226890756303 0.07739938080495357 0.14915966386554622
vdd 0.8281733746130031 0.026260504201680673 0.04953560371517028 0.014705882352941176
nmos 0.23374613003095976 0.759453781512605 0.07430340557275542 0.15336134453781514
pmos 0.3397832817337461 0.17542016806722688 0.08204334365325078 0.15756302521008403
vdd 0.37229102167182665 0.023109243697478993 0.05108359133126935 0.03361344537815126
port 0.17337461300309598 0.759453781512605 0.01238390092879257 0.014705882352941176
vdd 0.15712074303405574 0.023109243697478993 0.05108359133126935 0.029411764705882353
nmos 0.5611455108359134 0.7584033613445378 0.07585139318885449 0.15546218487394958
nmos 0.7941176470588235 0.38130252100840334 0.07739938080495357 0.15336134453781514
pmos 0.794891640866873 0.5777310924369747 0.07894736842105263 0.15546218487394958
resistor 0.4651702786377709 0.2846638655462185 0.0696594427244582 0.03991596638655462
gnd 0.5913312693498453 0.9285714285714286 0.04643962848297214 0.037815126050420166
vdd 0.6865325077399381 0.011554621848739496 0.05108359133126935 0.023109243697478993
gnd 0.2654798761609907 0.9275210084033614 0.047987616099071206 0.03571428571428571
pmos 0.6246130030959752 0.5798319327731093 0.07894736842105263 0.15966386554621848
port 0.4651702786377709 0.42857142857142855 0.010835913312693499 0.02100840336134454
capacitor 0.5441176470588235 0.28361344537815125 0.02631578947368421 0.07983193277310924
pmos 0.6540247678018576 0.16071428571428573 0.08204334365325078 0.15336134453781514
nmos 0.12151702786377709 0.42857142857142855 0.07275541795665634 0.15546218487394958
nmos 0.6246130030959752 0.37289915966386555 0.07894736842105263 0.14915966386554622
port 0.06501547987616099 0.42962184873949577 0.015479876160990712 0.018907563025210083
gnd 0.8258513931888545 0.9233193277310925 0.047987616099071206 0.04411764705882353
port 0.8885448916408669 0.4842436974789916 0.018575851393188854 0.018907563025210083
port 0.49922600619195046 0.7584033613445378 0.01393188854489164 0.01680672268907563