pmos 0.6088907014681892 0.24684873949579833 0.04812398042414356 0.07983193277310924
pmos 0.6092985318107668 0.41491596638655465 0.05057096247960848 0.0819327731092437
pmos 0.8234094616639478 0.12710084033613445 0.049755301794453505 0.07983193277310924
port 0.06484502446982056 0.5246848739495799 0.030179445350734094 0.04936974789915966
pmos 0.08401305057096248 0.24527310924369747 0.05057096247960848 0.08298319327731092
cross-line-curved 0.7654975530179445 0.4742647058823529 0.013866231647634585 0.011554621848739496
nmos 0.31769983686786296 0.6407563025210085 0.049755301794453505 0.08403361344537816
pmos 0.7442903752039152 0.40808823529411764 0.049755301794453505 0.08298319327731092
pmos 0.17577487765089722 0.24737394957983194 0.049755301794453505 0.08088235294117647
nmos 0.6109298531810766 0.6160714285714286 0.048939641109298535 0.08088235294117647
cross-line-curved 0.1965742251223491 0.3125 0.01468189233278956 0.01365546218487395
cross-line-curved 0.8478792822185971 0.19747899159663865 0.015497553017944535 0.014705882352941176
nmos 0.6533442088091354 0.8251050420168067 0.04567699836867863 0.08088235294117647
nmos 0.8230016313213703 0.8235294117647058 0.048939641109298535 0.09243697478991597
nmos 0.37765089722675366 0.12289915966386554 0.052202283849918436 0.07983193277310924
nmos 0.21859706362153344 0.6397058823529411 0.048939641109298535 0.08403361344537816
port 0.17047308319738988 0.770483193277311 0.0065252854812398045 0.007352941176470588
port 0.33727569331158236 0.12289915966386554 0.005709624796084829 0.008403361344537815
port 0.7854812398042414 0.12710084033613445 0.004893964110929853 0.008403361344537815
nmos 0.2467373572593801 0.12237394957983193 0.05138662316476346 0.08088235294117647
pmos 0.785889070146819 0.24684873949579833 0.0464926590538336 0.07983193277310924
pmos 0.9066068515497553 0.24632352941176472 0.04812398042414356 0.08088235294117647
cross-line-curved 0.2679445350734095 0.19800420168067226 0.015497553017944535 0.01365546218487395
nmos 0.499184339314845 0.6160714285714286 0.048939641109298535 0.08088235294117647
nmos 0.45840130505709625 0.8240546218487395 0.048939641109298535 0.08508403361344538
port 0.47716150081566067 0.8933823529411765 0.02936378466557912 0.04726890756302521
port 0.20513866231647634 0.12237394957983193 0.005709624796084829 0.007352941176470588
cross-line-curved 0.4792006525285481 0.47531512605042014 0.013866231647634585 0.011554621848739496
cross-line-curved 0.40008156606851547 0.19695378151260504 0.018760195758564437 0.015756302521008403
nmos 0.7446982055464927 0.5688025210084033 0.04730831973898858 0.08088235294117647
cross-line-curved 0.4796084828711256 0.3119747899159664 0.01468189233278956 0.012605042016806723
nmos 0.23939641109298532 0.7715336134453782 0.0464926590538336 0.08088235294117647
pmos 0.9037520391517129 0.40861344537815125 0.04730831973898858 0.0819327731092437
pmos 0.45921696574225124 0.24684873949579833 0.05057096247960848 0.07983193277310924
cross-line-curved 0.2606035889070147 0.6875 0.015497553017944535 0.01365546218487395
cross-line-curved 0.3389070146818923 0.3125 0.015497553017944535 0.01365546218487395
cross-line-curved 0.6317292006525286 0.6759453781512605 0.013866231647634585 0.011554621848739496
pmos 0.3592985318107667 0.4096638655462185 0.049755301794453505 0.0819327731092437
resistor 0.4775693311582382 0.7326680672268907 0.015497553017944535 0.038865546218487396
cross-line-curved 0.6317292006525286 0.47584033613445376 0.013866231647634585 0.012605042016806723
pmos 0.45799347471451873 0.40861344537815125 0.04812398042414356 0.0819327731092437
resistor 0.6325448613376835 0.7300420168067226 0.017128874388254486 0.037815126050420166
nmos 0.5562805872756933 0.8713235294117647 0.0636215334420881 0.05777310924369748
port 0.8478792822185971 0.0782563025210084 0.005709624796084829 0.007352941176470588
cross-line-curved 0.8262642740619902 0.47478991596638653 0.01468189233278956 0.012605042016806723
port 0.8633768352365416 0.8188025210084033 0.005709624796084829 0.007352941176470588
port 0.6933115823817292 0.8251050420168067 0.0065252854812398045 0.007352941176470588
port 0.5570962479608483 0.8240546218487395 0.0065252854812398045 0.007352941176470588
port 0.4168026101141925 0.821953781512605 0.0065252854812398045 0.007352941176470588
port 0.2601957585644372 0.8198529411764706 0.0065252854812398045 0.007352941176470588
port 0.39926590538336054 0.07247899159663866 0.005709624796084829 0.0063025210084033615
port 0.2671288743882545 0.07352941176470588 0.005709624796084829 0.0063025210084033615
port 0.9286296900489397 0.5467436974789915 0.028548123980424143 0.051470588235294115
port 0.6313213703099511 0.895483193277311 0.02936378466557912 0.04726890756302521