resistor2 0.060927152317880796 0.0872 0.026490066225165563 0.0624
resistor2 0.6649006622516557 0.2552 0.05033112582781457 0.0304
npn 0.3622516556291391 0.3864 0.046357615894039736 0.056
resistor2 0.8344370860927153 0.4992 0.02913907284768212 0.064
resistor2 0.7715231788079471 0.2976 0.051655629139072845 0.0288
port 0.9298013245033112 0.3824 0.02119205298013245 0.0256
resistor2 0.7125827814569536 0.344 0.026490066225165563 0.0608
resistor2 0.5185430463576159 0.0928 0.025165562913907286 0.064
npn 0.3622516556291391 0.1672 0.046357615894039736 0.0624
pnp 0.49933774834437084 0.1672 0.04768211920529802 0.0528
resistor2 0.5198675496688742 0.888 0.025165562913907286 0.0608
resistor2 0.5198675496688742 0.5224 0.02781456953642384 0.0624
npn 0.5887417218543046 0.2976 0.046357615894039736 0.064
port 0.9311258278145695 0.0392 0.02119205298013245 0.0272
diode 0.06026490066225165 0.624 0.033112582781456956 0.0384
npn 0.27483443708609273 0.8112 0.046357615894039736 0.064
npn 0.23642384105960265 0.4256 0.04370860927152318 0.0608
resistor2 0.25629139072847684 0.6272 0.02781456953642384 0.064
resistor2 0.41258278145695365 0.888 0.025165562913907286 0.0608
npn 0.36026490066225164 0.4688 0.045033112582781455 0.0608
resistor2 0.1304635761589404 0.4816 0.02781456953642384 0.0608
npn 0.5 0.7448 0.046357615894039736 0.0592
resistor2 0.1317880794701987 0.3424 0.02781456953642384 0.0608
resistor2 0.13245033112582782 0.6288 0.02913907284768212 0.064
resistor2 0.623841059602649 0.0944 0.026490066225165563 0.064
gnd 0.8350993377483443 0.9672 0.04370860927152318 0.0176
npn 0.5688741721854305 0.8112 0.04900662251655629 0.064
resistor2 0.4139072847682119 0.5232 0.025165562913907286 0.0608
resistor2 0.41324503311258276 0.6296 0.026490066225165563 0.0624
npn 0.32317880794701986 0.6832 0.04768211920529802 0.064
npn 0.8145695364238411 0.2608 0.045033112582781455 0.0704
resistor2 0.343046357615894 0.8864 0.026490066225165563 0.0608
pnp 0.6390728476821192 0.576 0.046357615894039736 0.0608
pnp 0.3615894039735099 0.168 0.045033112582781455 0.0608
npn 0.42980132450331127 0.4264 0.04370860927152318 0.0592
diode 0.623841059602649 0.1592 0.02913907284768212 0.0368
resistor2 0.8344370860927153 0.3456 0.026490066225165563 0.0608
npn 0.3927152317880795 0.8096 0.046357615894039736 0.0608
resistor2 0.1337748344370861 0.0904 0.026490066225165563 0.0624
npn 0.11125827814569536 0.2328 0.04768211920529802 0.0656
npn 0.4463576158940397 0.2744 0.045033112582781455 0.0624
capacitor 0.4675496688741722 0.6848 0.02384105960264901 0.048
npn 0.6933774834437086 0.2096 0.04370860927152318 0.0608
pnp 0.27483443708609273 0.8112 0.046357615894039736 0.064
resistor2 0.8350993377483443 0.7568 0.030463576158940398 0.064
resistor2 0.343046357615894 0.0928 0.026490066225165563 0.064