resistor 0.7882775119617225 0.8373015873015873 0.0215311004784689 0.07936507936507936
pnp 0.49282296650717705 0.5138888888888888 0.03349282296650718 0.09126984126984126
gnd 0.5681818181818182 0.7003968253968254 0.02631578947368421 0.027777777777777776
resistor 0.7009569377990431 0.18253968253968253 0.023923444976076555 0.07936507936507936
gnd 0.3492822966507177 0.9543650793650794 0.023923444976076555 0.027777777777777776
npn 0.8851674641148325 0.7638888888888888 0.028708133971291867 0.09126984126984126
gnd 0.4784688995215311 0.9543650793650794 0.023923444976076555 0.027777777777777776
npn 0.6889952153110048 0.7678571428571429 0.028708133971291867 0.09126984126984126
pnp 0.4019138755980861 0.33134920634920634 0.03349282296650718 0.09126984126984126
resistor 0.4150717703349282 0.18452380952380953 0.02631578947368421 0.08333333333333333
pnp 0.5777511961722488 0.5873015873015873 0.03110047846889952 0.09523809523809523
gnd 0.6973684210526315 0.9543650793650794 0.02631578947368421 0.027777777777777776
resistor 0.8971291866028708 0.18253968253968253 0.023923444976076555 0.07936507936507936
npn 0.3588516746411483 0.8392857142857143 0.03349282296650718 0.08333333333333333
pnp 0.2284688995215311 0.22023809523809523 0.03110047846889952 0.09126984126984126
pnp 0.8851674641148325 0.32936507936507936 0.028708133971291867 0.0873015873015873
npn 0.4677033492822967 0.8392857142857143 0.03110047846889952 0.08333333333333333
pnp 0.33851674641148327 0.5119047619047619 0.03110047846889952 0.09523809523809523
pnp 0.20813397129186603 0.5873015873015873 0.03349282296650718 0.0873015873015873
gnd 0.21650717703349281 0.7003968253968254 0.0215311004784689 0.027777777777777776
npn 0.7751196172248804 0.5833333333333334 0.028708133971291867 0.0873015873015873
gnd 0.10645933014354067 0.4087301587301587 0.0215311004784689 0.023809523809523808
gnd 0.7870813397129187 0.9523809523809523 0.023923444976076555 0.023809523809523808
resistor 0.1076555023923445 0.2916666666666667 0.019138755980861243 0.07539682539682539
gnd 0.8947368421052632 0.9543650793650794 0.023923444976076555 0.027777777777777776
port 0.638755980861244 0.5853174603174603 0.009569377990430622 0.01984126984126984
port 0.1507177033492823 0.5853174603174603 0.009569377990430622 0.01984126984126984
port 0.9425837320574163 0.6051587301587301 0.009569377990430622 0.01984126984126984
pnp 0.687799043062201 0.3333333333333333 0.03588516746411483 0.09523809523809523