capacitor 0.5685714285714286 0.46375 0.02857142857142857 0.0225
port 0.9392857142857143 0.075 0.06428571428571428 0.05
port 0.9392857142857143 0.77625 0.06428571428571428 0.0475
port 0.05928571428571429 0.77625 0.06428571428571428 0.0475
capacitor 0.1792857142857143 0.52625 0.015714285714285715 0.0475
capacitor 0.32857142857142857 0.13125 0.025714285714285714 0.0275
resistor2 0.8492857142857143 0.35125 0.018571428571428572 0.0725
capacitor 0.5685714285714286 0.845 0.025714285714285714 0.03
capacitor 0.24928571428571428 0.12875 0.027142857142857142 0.0225
capacitor 0.6207142857142857 0.28625 0.012857142857142857 0.0475
resistor2 0.7671428571428571 0.39375 0.04 0.0325
resistor2 0.6871428571428572 0.395 0.04 0.035
port 0.9392857142857143 0.52625 0.06714285714285714 0.0475
single-end-amp 0.7307142857142858 0.6725 0.06142857142857143 0.13
port 0.05928571428571429 0.5275 0.06428571428571428 0.05
capacitor 0.7285714285714285 0.46375 0.02857142857142857 0.0225
resistor2 0.6871428571428572 0.28625 0.04 0.0325
resistor2 0.8492857142857143 0.70125 0.018571428571428572 0.0725
resistor2 0.5271428571428571 0.39375 0.04 0.0325
capacitor 0.2092857142857143 0.69 0.027142857142857142 0.025
port 0.94 0.91625 0.06571428571428571 0.0475
resistor2 0.24928571428571428 0.7025 0.018571428571428572 0.07
gnd 0.33 0.2225 0.037142857142857144 0.025
resistor2 0.5271428571428571 0.2875 0.04 0.03
gnd 0.6485714285714286 0.82125 0.037142857142857144 0.0275
single-end-amp 0.39071428571428574 0.49625 0.06428571428571428 0.1275
resistor2 0.28714285714285714 0.28625 0.04285714285714286 0.0325
resistor2 0.6071428571428571 0.39375 0.04 0.0375
capacitor 0.78 0.28625 0.014285714285714285 0.0475
switch 0.08428571428571428 0.32125 0.037142857142857144 0.0625
resistor2 0.12714285714285714 0.52625 0.04 0.0325
capacitor 0.8485714285714285 0.46375 0.02857142857142857 0.0325
gnd 0.24785714285714286 0.21625 0.027142857142857142 0.0175
resistor2 0.44642857142857145 0.28625 0.04428571428571428 0.0325
resistor2 0.2864285714285714 0.52625 0.04428571428571428 0.0325