resistor2 0.1675 0.78 0.021666666666666667 0.08235294117647059
gnd 0.4075 0.27176470588235296 0.041666666666666664 0.03529411764705882
capacitor 0.3 0.7788235294117647 0.04 0.02823529411764706
port 0.8241666666666667 0.7152941176470589 0.03833333333333333 0.05176470588235294
resistor2 0.5958333333333333 0.38588235294117645 0.021666666666666667 0.08
single-end-amp 0.29583333333333334 0.3552941176470588 0.075 0.1223529411764706
capacitor 0.4066666666666667 0.13294117647058823 0.04 0.03058823529411765
port 0.9058333333333334 0.7164705882352941 0.03833333333333333 0.05411764705882353
capacitor 0.6858333333333333 0.4964705882352941 0.018333333333333333 0.05647058823529412
capacitor 0.44083333333333335 0.7941176470588235 0.03833333333333333 0.02588235294117647
resistor2 0.7391666666666666 0.2611764705882353 0.058333333333333334 0.02823529411764706
capacitor 0.5316666666666666 0.13058823529411764 0.04 0.02588235294117647
gnd 0.7375 0.5670588235294117 0.03833333333333333 0.03294117647058824
capacitor 0.555 0.7847058823529411 0.04 0.02588235294117647
resistor2 0.3775 0.7082352941176471 0.058333333333333334 0.02823529411764706
port 0.6808333333333333 0.7082352941176471 0.03833333333333333 0.05176470588235294
gnd 0.37166666666666665 0.9047058823529411 0.04 0.03529411764705882
gnd 0.825 0.8670588235294118 0.043333333333333335 0.03529411764705882
port 0.04833333333333333 0.33176470588235296 0.03666666666666667 0.05176470588235294
capacitor 0.1675 0.6858823529411765 0.03833333333333333 0.02588235294117647
gnd 0.265 0.5541176470588235 0.03666666666666667 0.03529411764705882
resistor2 0.4775 0.4858823529411765 0.021666666666666667 0.08235294117647059
resistor2 0.12833333333333333 0.33294117647058824 0.06 0.03058823529411765
inductor 0.735 0.19647058823529412 0.06 0.03058823529411765
port 0.8933333333333333 0.06235294117647059 0.04 0.05411764705882353
port 0.895 0.26 0.04 0.05411764705882353