gnd 0.5700680272108843 0.3838268792710706 0.024489795918367346 0.02050113895216401
diode 0.24693877551020407 0.8656036446469249 0.02312925170068027 0.04100227790432802
resistor2 0.39931972789115644 0.8519362186788155 0.02040816326530612 0.0683371298405467
resistor2 0.17414965986394557 0.5671981776765376 0.01904761904761905 0.0683371298405467
pnp 0.4775510204081633 0.21298405466970388 0.024489795918367346 0.06605922551252848
resistor2 0.08571428571428572 0.7095671981776766 0.01904761904761905 0.07061503416856492
resistor2 0.26326530612244897 0.42596810933940776 0.017687074829931974 0.0683371298405467
port 0.9156462585034013 0.46810933940774485 0.0163265306122449 0.025056947608200455
npn 0.16394557823129252 0.7391799544419134 0.02585034013605442 0.06605922551252848
resistor2 0.6537414965986394 0.5808656036446469 0.02040816326530612 0.0683371298405467
pnp 0.7387755102040816 0.6810933940774487 0.024489795918367346 0.0683371298405467
resistor2 0.05986394557823129 0.7084282460136674 0.01904761904761905 0.0683371298405467
npn 0.254421768707483 0.30637813211845105 0.027210884353741496 0.07517084282460136
resistor2 0.8489795918367347 0.48177676537585423 0.04081632653061224 0.029612756264236904
npn 0.4095238095238095 0.7391799544419134 0.024489795918367346 0.06605922551252848
resistor2 0.33197278911564626 0.42596810933940776 0.01904761904761905 0.0683371298405467
diode 0.24761904761904763 0.7961275626423691 0.024489795918367346 0.04328018223234624
npn 0.7380952380952381 0.2835990888382688 0.02312925170068027 0.06605922551252848
npn 0.6870748299319728 0.2835990888382688 0.027210884353741496 0.07061503416856492
port 0.9061224489795918 0.17198177676537585 0.013605442176870748 0.02050113895216401
pnp 0.6863945578231293 0.6822323462414579 0.02585034013605442 0.06605922551252848
inductor 0.8496598639455782 0.44874715261959 0.07755102040816327 0.02733485193621868
resistor2 0.1346938775510204 0.0979498861047836 0.01904761904761905 0.0683371298405467
resistor2 0.5197278911564626 0.4396355353075171 0.021768707482993196 0.06378132118451026
resistor2 0.21836734693877552 0.04214123006833713 0.03945578231292517 0.03416856492027335
resistor2 0.5700680272108843 0.32801822323462415 0.01904761904761905 0.0683371298405467
gnd 0.06054421768707483 0.8109339407744874 0.02585034013605442 0.018223234624145785
diode 0.10204081632653061 0.17084282460136674 0.024489795918367346 0.04100227790432802
port 0.9061224489795918 0.04441913439635535 0.013605442176870748 0.025056947608200455
resistor2 0.39931972789115644 0.0979498861047836 0.02040816326530612 0.0683371298405467
resistor2 0.4673469387755102 0.0979498861047836 0.02040816326530612 0.0683371298405467
resistor2 0.17346938775510204 0.09681093394077449 0.02040816326530612 0.06605922551252848
resistor2 0.6965986394557823 0.5546697038724373 0.01904761904761905 0.06605922551252848
pnp 0.6115646258503401 0.7403189066059226 0.02585034013605442 0.07289293849658314
npn 0.2891156462585034 0.7380410022779044 0.02585034013605442 0.0683371298405467
resistor2 0.6285714285714286 0.3838268792710706 0.01904761904761905 0.06605922551252848
pnp 0.391156462585034 0.214123006833713 0.02585034013605442 0.0683371298405467
resistor2 0.2639455782312925 0.0979498861047836 0.01904761904761905 0.0683371298405467
capacitor 0.5448979591836735 0.08656036446469248 0.031292517006802724 0.02733485193621868
resistor2 0.2965986394557823 0.48405466970387245 0.04081632653061224 0.0387243735763098
resistor2 0.6965986394557823 0.42596810933940776 0.01904761904761905 0.0683371298405467
resistor2 0.7482993197278912 0.42596810933940776 0.01904761904761905 0.0683371298405467
resistor2 0.5176870748299319 0.32574031890660593 0.017687074829931974 0.0683371298405467
resistor2 0.5863945578231292 0.7949886104783599 0.01904761904761905 0.0683371298405467
resistor2 0.7482993197278912 0.5546697038724373 0.01904761904761905 0.06605922551252848
resistor2 0.15306122448979592 0.8519362186788155 0.02040816326530612 0.0683371298405467
capacitor 0.4340136054421769 0.7949886104783599 0.0163265306122449 0.05466970387243736
resistor2 0.08639455782312926 0.510250569476082 0.017687074829931974 0.0683371298405467
capacitor 0.8414965986394558 0.7528473804100227 0.031292517006802724 0.025056947608200455
capacitor 0.06870748299319727 0.17312072892938496 0.031292517006802724 0.02733485193621868
resistor2 0.5183673469387755 0.5250569476082004 0.01904761904761905 0.07061503416856492
resistor2 0.39931972789115644 0.4533029612756264 0.02312925170068027 0.0683371298405467
capacitor 0.527891156462585 0.8678815489749431 0.0326530612244898 0.02733485193621868
capacitor 0.8333333333333334 0.214123006833713 0.031292517006802724 0.022779043280182234
resistor2 0.21224489795918366 0.5113895216400911 0.01904761904761905 0.06605922551252848
gnd 0.08707482993197278 0.2437357630979499 0.024489795918367346 0.01366742596810934
capacitor 0.21360544217687075 0.3838268792710706 0.029931972789115645 0.025056947608200455
resistor2 0.3306122448979592 0.0979498861047836 0.01904761904761905 0.0683371298405467
resistor2 0.21224489795918366 0.7949886104783599 0.01904761904761905 0.0683371298405467
diode 0.7986394557823129 0.3416856492027335 0.021768707482993196 0.03644646924829157
resistor2 0.54421768707483 0.16970387243735763 0.01904761904761905 0.06605922551252848
npn 0.45850340136054424 0.7391799544419134 0.024489795918367346 0.06605922551252848
diode 0.7986394557823129 0.6241457858769932 0.024489795918367346 0.04100227790432802
resistor2 0.4673469387755102 0.8519362186788155 0.02040816326530612 0.0683371298405467
resistor2 0.13401360544217686 0.5671981776765376 0.017687074829931974 0.0683371298405467
resistor2 0.06326530612244897 0.510250569476082 0.02312925170068027 0.0683371298405467
resistor2 0.08571428571428572 0.39635535307517084 0.01904761904761905 0.0683371298405467
resistor2 0.5265306122448979 0.765375854214123 0.01904761904761905 0.0683371298405467
gnd 0.5537414965986395 0.7369020501138952 0.024489795918367346 0.02050113895216401
gnd 0.5863945578231292 0.8507972665148064 0.024489795918367346 0.02050113895216401
port 0.9149659863945578 0.7972665148063781 0.017687074829931974 0.02733485193621868
port 0.9149659863945578 0.9111617312072893 0.017687074829931974 0.02733485193621868
resistor2 0.22925170068027212 0.6537585421412301 0.04217687074829932 0.04100227790432802
gnd 0.21292517006802722 0.5683371298405467 0.02585034013605442 0.015945330296127564
npn 0.1816326530612245 0.45558086560364464 0.02857142857142857 0.0774487471526196
npn 0.1272108843537415 0.45558086560364464 0.02857142857142857 0.0774487471526196
npn 0.34285714285714286 0.3120728929384966 0.027210884353741496 0.0774487471526196
npn 0.47687074829931975 0.3826879271070615 0.02857142857142857 0.0774487471526196
gnd 0.21292517006802722 0.8530751708428246 0.02585034013605442 0.015945330296127564
resistor2 0.2972789115646258 0.8507972665148064 0.02040816326530612 0.07061503416856492
gnd 0.54421768707483 0.2266514806378132 0.024489795918367346 0.02050113895216401
npn 0.5945578231292517 0.23006833712984054 0.027210884353741496 0.0774487471526196
gnd 0.8421768707482993 0.714123006833713 0.024489795918367346 0.02050113895216401
gnd 0.8326530612244898 0.2539863325740319 0.024489795918367346 0.02050113895216401