capacitor 0.07598039215686274 0.44457142857142856 0.012745098039215686 0.022857142857142857
vdd 0.6191176470588236 0.8302857142857143 0.022549019607843137 0.010285714285714285
capacitor 0.35 0.6622857142857143 0.021568627450980392 0.017142857142857144
capacitor 0.5656862745098039 0.7234285714285714 0.0196078431372549 0.013714285714285714
resistor2 0.5151960784313725 0.4165714285714286 0.020588235294117647 0.04
nmos 0.525 0.7502857142857143 0.030392156862745098 0.03542857142857143
capacitor 0.4181372549019608 0.7228571428571429 0.020588235294117647 0.014857142857142857
capacitor 0.3803921568627451 0.6628571428571428 0.0196078431372549 0.016
resistor2 0.10392156862745099 0.5885714285714285 0.0196078431372549 0.038857142857142854
gnd 0.8161764705882353 0.1777142857142857 0.024509803921568627 0.010285714285714285
capacitor 0.7862745098039216 0.12514285714285714 0.0196078431372549 0.014857142857142857
resistor2 0.10392156862745099 0.49314285714285716 0.0196078431372549 0.04
capacitor 0.8431372549019608 0.12514285714285714 0.0196078431372549 0.014857142857142857
pnp 0.5044117647058823 0.26971428571428574 0.030392156862745098 0.036571428571428574
resistor2 0.7696078431372549 0.5714285714285714 0.0196078431372549 0.04114285714285714
capacitor 0.7848039215686274 0.8674285714285714 0.020588235294117647 0.016
diode 0.6803921568627451 0.6377142857142857 0.0196078431372549 0.016
pnp 0.27990196078431373 0.5342857142857143 0.03235294117647059 0.03542857142857143
capacitor 0.10490196078431373 0.22914285714285715 0.0196078431372549 0.019428571428571427
npn 0.4470588235294118 0.7502857142857143 0.03137254901960784 0.03542857142857143
resistor2 0.5147058823529411 0.6662857142857143 0.0196078431372549 0.04114285714285714
resistor2 0.5151960784313725 0.12571428571428572 0.020588235294117647 0.04114285714285714
capacitor 0.6127450980392157 0.12742857142857142 0.021568627450980392 0.017142857142857144
port 0.8936274509803922 0.4582857142857143 0.018627450980392157 0.02057142857142857
inductor 0.8122549019607843 0.5325714285714286 0.04215686274509804 0.013714285714285714
resistor2 0.6436274509803922 0.3462857142857143 0.03431372549019608 0.025142857142857144
capacitor 0.14558823529411766 0.5891428571428572 0.020588235294117647 0.014857142857142857
resistor2_3 0.5112745098039215 0.6051428571428571 0.026470588235294117 0.04228571428571429
npn 0.4357843137254902 0.3914285714285714 0.030392156862745098 0.03542857142857143
nmos 0.20294117647058824 0.3211428571428571 0.021568627450980392 0.027428571428571427
resistor2 0.567156862745098 0.4165714285714286 0.020588235294117647 0.04
port 0.03872549019607843 0.444 0.018627450980392157 0.021714285714285714
resistor2 0.317156862745098 0.584 0.020588235294117647 0.038857142857142854
port 0.037745098039215684 0.64 0.018627450980392157 0.02057142857142857
resistor2 0.41568627450980394 0.26971428571428574 0.03333333333333333 0.022857142857142857
capacitor 0.6058823529411764 0.5074285714285715 0.021568627450980392 0.016
port 0.8926470588235295 0.5348571428571428 0.018627450980392157 0.02057142857142857
vdd 0.8161764705882353 0.7977142857142857 0.024509803921568627 0.013714285714285714
capacitor 0.6186274509803922 0.8674285714285714 0.021568627450980392 0.018285714285714287
capacitor 0.7696078431372549 0.6285714285714286 0.0196078431372549 0.013714285714285714
capacitor 0.842156862745098 0.8668571428571429 0.021568627450980392 0.017142857142857144
gnd 0.6132352941176471 0.1702857142857143 0.024509803921568627 0.011428571428571429
port 0.8980392156862745 0.08171428571428571 0.021568627450980392 0.024
diode 0.6808823529411765 0.4737142857142857 0.020588235294117647 0.017142857142857144
diode 0.6799019607843138 0.5845714285714285 0.020588235294117647 0.017142857142857144
diode 0.3161764705882353 0.656 0.020588235294117647 0.016
diode 0.38480392156862747 0.42342857142857143 0.020588235294117647 0.017142857142857144
gnd 0.34901960784313724 0.7148571428571429 0.025490196078431372 0.014857142857142857
diode 0.5147058823529411 0.176 0.021568627450980392 0.016
port 0.8990196078431373 0.9034285714285715 0.021568627450980392 0.021714285714285714
npn 0.5568627450980392 0.5748571428571428 0.03137254901960784 0.036571428571428574
gnd 0.7696078431372549 0.6691428571428572 0.025490196078431372 0.014857142857142857
diode 0.1480392156862745 0.228 0.021568627450980392 0.017142857142857144
gnd 0.10490196078431373 0.2725714285714286 0.025490196078431372 0.014857142857142857
resistor2 0.1946078431372549 0.12628571428571428 0.022549019607843137 0.04228571428571429
resistor2 0.4465686274509804 0.12514285714285714 0.022549019607843137 0.04228571428571429
resistor2 0.6622549019607843 0.08228571428571428 0.03627450980392157 0.025142857142857144
resistor2 0.4553921568627451 0.6234285714285714 0.020588235294117647 0.04228571428571429
diode 0.4455882352941177 0.29028571428571426 0.020588235294117647 0.016
resistor2 0.19362745098039216 0.8702857142857143 0.020588235294117647 0.04228571428571429
port 0.8568627450980392 0.45885714285714285 0.00980392156862745 0.02857142857142857
resistor2 0.2691176470588235 0.8691428571428571 0.020588235294117647 0.04228571428571429
resistor2 0.48480392156862745 0.8668571428571429 0.020588235294117647 0.04228571428571429
resistor2 0.6676470588235294 0.904 0.03725490196078431 0.025142857142857144
resistor2 0.6431372549019608 0.7034285714285714 0.03529411764705882 0.026285714285714287
resistor2 0.41568627450980394 0.4622857142857143 0.03529411764705882 0.026285714285714287
gnd 0.14705882352941177 0.2725714285714286 0.025490196078431372 0.014857142857142857
gnd 0.10392156862745099 0.6657142857142857 0.025490196078431372 0.014857142857142857
resistor2 0.3911764705882353 0.5354285714285715 0.03529411764705882 0.026285714285714287
pnp 0.18529411764705883 0.5348571428571428 0.03333333333333333 0.036571428571428574
pnp 0.3941176470588235 0.3222857142857143 0.03137254901960784 0.038857142857142854
nmos 0.7166666666666667 0.33485714285714285 0.021568627450980392 0.029714285714285714
diode 0.6803921568627451 0.4154285714285714 0.021568627450980392 0.017142857142857144
pnp 0.45588235294117646 0.22114285714285714 0.03137254901960784 0.037714285714285714