capacitor 0.5895249695493301 0.12650602409638553 0.02679658952496955 0.024096385542168676
pnp 0.7758830694275274 0.6837349397590361 0.029232643118148598 0.0783132530120482
capacitor 0.0876979293544458 0.46285140562248994 0.012180267965895249 0.04618473895582329
npn 0.5322777101096224 0.7600401606425703 0.031668696711327646 0.0783132530120482
capacitor 0.49634591961023145 0.6837349397590361 0.013398294762484775 0.04216867469879518
npn 0.6540803897685749 0.20180722891566266 0.031668696711327646 0.0823293172690763
npn 0.8361753958587089 0.20180722891566266 0.030450669914738125 0.0823293172690763
capacitor 0.9171741778319124 0.6445783132530121 0.02679658952496955 0.024096385542168676
pnp 0.41473812423873324 0.22188755020080322 0.030450669914738125 0.0823293172690763
resistor2 0.7880633373934226 0.5592369477911646 0.01705237515225335 0.06626506024096386
capacitor 0.13398294762484775 0.5592369477911646 0.02679658952496955 0.02208835341365462
pnp 0.8361753958587089 0.7720883534136547 0.030450669914738125 0.08634538152610442
resistor2 0.9171741778319124 0.5582329317269076 0.01705237515225335 0.06827309236947791
resistor2 0.6656516443361754 0.5582329317269076 0.018270401948842874 0.06827309236947791
gnd 0.9159561510353228 0.7218875502008032 0.02679658952496955 0.030120481927710843
gnd 0.33191230207064554 0.3855421686746988 0.028014616321559074 0.028112449799196786
resistor2 0.8471376370280146 0.5592369477911646 0.018270401948842874 0.06626506024096386
pnp 0.27344701583434833 0.22088353413654618 0.03288672350791717 0.08433734939759036
capacitor 0.39037758830694275 0.29819277108433734 0.013398294762484775 0.04216867469879518
pnp 0.6546894031668696 0.7620481927710844 0.030450669914738125 0.0823293172690763
capacitor 0.3215590742996346 0.10642570281124498 0.02679658952496955 0.020080321285140562
capacitor 0.3447015834348356 0.6827309236947792 0.012180267965895249 0.04417670682730924
pnp 0.2978075517661389 0.4929718875502008 0.030450669914738125 0.07429718875502007
resistor2 0.7880633373934226 0.42369477911646586 0.01705237515225335 0.0642570281124498
resistor2 0.5438489646772229 0.42369477911646586 0.018270401948842874 0.06827309236947791
resistor2 0.8471376370280146 0.4226907630522088 0.018270401948842874 0.06626506024096386
capacitor 0.5901339829476249 0.858433734939759 0.028014616321559074 0.02208835341365462
pnp 0.22838002436053592 0.4929718875502008 0.030450669914738125 0.0783132530120482
resistor2 0.146163215590743 0.46285140562248994 0.04141291108404385 0.02610441767068273
resistor2 0.5426309378806333 0.2891566265060241 0.015834348355663823 0.0642570281124498
npn 0.5791717417783191 0.357429718875502 0.030450669914738125 0.08032128514056225
resistor2 0.6650426309378806 0.42369477911646586 0.0194884287454324 0.06827309236947791
resistor2 0.3313032886723508 0.3002008032128514 0.01705237515225335 0.07028112449799197
resistor2 0.5426309378806333 0.8855421686746988 0.018270401948842874 0.06827309236947791
resistor2 0.3800243605359318 0.5582329317269076 0.01705237515225335 0.06827309236947791
resistor2 0.18087697929354446 0.5592369477911646 0.015834348355663823 0.06626506024096386
resistor2 0.4269183922046285 0.09538152610441768 0.018270401948842874 0.07028112449799197
gnd 0.13337393422655297 0.6726907630522089 0.028014616321559074 0.028112449799196786
npn 0.7777101096224117 0.29819277108433734 0.028014616321559074 0.0783132530120482
gnd 0.8934226552984166 0.3845381526104418 0.028014616321559074 0.030120481927710843
pnp 0.6546894031668696 0.20180722891566266 0.030450669914738125 0.0823293172690763
capacitor 0.3447015834348356 0.6255020080321285 0.024360535931790498 0.04618473895582329
resistor2_3 0.5456760048721072 0.607429718875502 0.0194884287454324 0.07028112449799197
resistor2 0.45493300852618757 0.4929718875502008 0.04263093788063337 0.030120481927710843
resistor2 0.2630937880633374 0.09839357429718876 0.0194884287454324 0.07228915662650602
port 0.01705237515225335 0.5491967871485943 0.012180267965895249 0.018072289156626505
port 0.01705237515225335 0.5311244979919679 0.012180267965895249 0.018072289156626505
port 0.9646772228989038 0.28112449799196787 0.014616321559074299 0.020080321285140562
port 0.9634591961023142 0.2600401606425703 0.014616321559074299 0.02208835341365462
resistor2 0.23995127892813642 0.9086345381526104 0.0194884287454324 0.07028112449799197
resistor2 0.2862362971985384 0.8885542168674698 0.0194884287454324 0.07028112449799197
diode 0.3556638246041413 0.09738955823293173 0.029232643118148598 0.030120481927710843
diode 0.35627283800243603 0.1746987951807229 0.030450669914738125 0.0321285140562249