capacitor 0.8665 0.34688090737240074 0.023 0.020793950850661626
resistor2 0.4655 0.3506616257088847 0.025 0.02835538752362949
npn 0.7405 0.8553875236294896 0.017 0.04725897920604915
pnp 0.6015 0.34688090737240074 0.015 0.04725897920604915
pnp 0.69 0.34688090737240074 0.016 0.04725897920604915
capacitor 0.496 0.42722117202268434 0.022 0.022684310018903593
gnd 0.925 0.5642722117202268 0.024 0.024574669187145556
pnp 0.6 0.6871455576559546 0.016 0.04725897920604915
resistor2 0.7455 0.2939508506616257 0.015 0.04725897920604915
pnp 0.6905 0.6871455576559546 0.017 0.04725897920604915
port 0.195 0.5189035916824196 0.026 0.05103969754253308
resistor2 0.645 0.46502835538752363 0.014 0.045368620037807186
port 0.0345 0.42533081285444235 0.027 0.052930056710775046
resistor2 0.4355 0.9158790170132325 0.015 0.04725897920604915
resistor2 0.4355 0.27504725897920607 0.013 0.05103969754253308
pmos 0.427 0.1767485822306238 0.022 0.054820415879017016
resistor2 0.6055 0.9149338374291115 0.015 0.04914933837429111
resistor2 0.7455 0.5756143667296786 0.015 0.04725897920604915
resistor2 0.4655 0.6880907372400756 0.025 0.026465028355387523
resistor2 0.6055 0.12381852551984877 0.015 0.05103969754253308
capacitor 0.5555 0.5916824196597353 0.023 0.022684310018903593
npn 0.7405 0.1786389413988658 0.015 0.04725897920604915
resistor2 0.9555 0.5189035916824196 0.025 0.024574669187145556
resistor2 0.745 0.7448015122873346 0.014 0.04914933837429111
capacitor 0.4355 0.44139886578449905 0.023 0.020793950850661626
capacitor 0.8055 0.6739130434782609 0.023 0.020793950850661626
capacitor 0.8065 0.35255198487712663 0.021 0.020793950850661626
capacitor 0.5555 0.44234404536862004 0.023 0.01890359168241966
capacitor 0.8665 0.668241965973535 0.023 0.020793950850661626
capacitor 0.256 0.6361058601134215 0.024 0.020793950850661626
capacitor 0.496 0.5964083175803403 0.022 0.024574669187145556
capacitor 0.0755 0.2523629489603025 0.023 0.024574669187145556
capacitor 0.3155 0.34593572778827975 0.023 0.022684310018903593
nmos 0.4295 0.8175803402646503 0.019 0.054820415879017016
capacitor 0.3165 0.6871455576559546 0.023 0.020793950850661626
resistor2 0.646 0.5756143667296786 0.014 0.04725897920604915
capacitor 0.255 0.43100189035916825 0.026 0.022684310018903593
capacitor 0.436 0.5916824196597353 0.022 0.022684310018903593
port 0.195 0.06805293005671077 0.026 0.052930056710775046
resistor2 0.746 0.46408317580340264 0.014 0.04725897920604915
diode 0.1795 0.34120982986767484 0.021 0.03969754253308128
port 0.904 0.23629489603024575 0.006 0.011342155009451797
port 0.905 0.8015122873345936 0.006 0.011342155009451797
diode 0.1805 0.2835538752362949 0.021 0.04158790170132325
port 0.795 0.0661625708884688 0.006 0.011342155009451797
port 0.195 0.9725897920604915 0.026 0.05103969754253308
port 0.036 0.1994328922495274 0.026 0.05103969754253308
port 0.805 0.9725897920604915 0.006 0.013232514177693762
diode 0.1515 0.2835538752362949 0.021 0.04158790170132325
diode 0.152 0.3431001890359168 0.02 0.03969754253308128
diode 0.375 0.45179584120982985 0.018 0.030245746691871456
diode 0.376 0.6011342155009451 0.018 0.030245746691871456