resistor 0.2630769230769231 0.2611464968152866 0.06461538461538462 0.04246284501061571
port 0.9115384615384615 0.30148619957537154 0.03230769230769231 0.04246284501061571
gnd 0.6238461538461538 0.43736730360934184 0.047692307692307694 0.055201698513800426
resistor 0.7376923076923076 0.5732484076433121 0.06615384615384616 0.04246284501061571
port 0.9115384615384615 0.7696390658174098 0.03230769230769231 0.044585987261146494
gnd 0.09923076923076923 0.7430997876857749 0.047692307692307694 0.050955414012738856
resistor 0.35846153846153844 0.44904458598726116 0.027692307692307693 0.08280254777070063
resistor 0.4930769230769231 0.26008492569002123 0.06615384615384616 0.044585987261146494
single-end-amp 0.7330769230769231 0.29936305732484075 0.13076923076923078 0.19532908704883228
port 0.09923076923076923 0.49469214437367304 0.02923076923076923 0.04246284501061571
single-end-amp 0.7323076923076923 0.767515923566879 0.13230769230769232 0.19745222929936307
resistor 0.4930769230769231 0.7303609341825902 0.06307692307692307 0.04246284501061571
gnd 0.45 0.5552016985138004 0.04461538461538461 0.05307855626326964
gnd 0.6238461538461538 0.9065817409766455 0.047692307692307694 0.055201698513800426
resistor 0.7376923076923076 0.1040339702760085 0.06615384615384616 0.04246284501061571
resistor 0.2623076923076923 0.7282377919320594 0.06615384615384616 0.04246284501061571
gnd 0.9130769230769231 0.5031847133757962 0.047692307692307694 0.055201698513800426
gnd 0.9130769230769231 0.9766454352441614 0.047692307692307694 0.04670912951167728
port 0.10153846153846154 0.6210191082802548 0.03076923076923077 0.044585987261146494
port 0.9123076923076923 0.8736730360934183 0.03076923076923077 0.044585987261146494
port 0.3853846153846154 0.4554140127388535 0.026153846153846153 0.03184713375796178