cross-line-curved 0.36745562130177517 0.5696078431372549 0.015384615384615385 0.025490196078431372
voltage 0.0893491124260355 0.7019607843137254 0.07455621301775148 0.12549019607843137
capacitor 0.744378698224852 0.7774509803921569 0.04497041420118343 0.045098039215686274
resistor 0.36863905325443785 0.4176470588235294 0.02485207100591716 0.09019607843137255
gnd 0.3680473372781065 0.8235294117647058 0.040236686390532544 0.03137254901960784
gnd 0.8745562130177514 0.85 0.040236686390532544 0.029411764705882353
voltage-lines 0.43372781065088756 0.16372549019607843 0.04378698224852071 0.08823529411764706
gnd 0.09053254437869822 0.8215686274509804 0.04142011834319527 0.03137254901960784
npn 0.5893491124260355 0.5696078431372549 0.03076923076923077 0.09215686274509804
gnd 0.2698224852071006 0.2529411764705882 0.040236686390532544 0.03137254901960784
resistor 0.5988165680473373 0.8019607843137255 0.02603550295857988 0.09803921568627451
gnd 0.5970414201183432 0.9313725490196079 0.03905325443786982 0.03137254901960784
capacitor 0.2254437869822485 0.5705882352941176 0.02485207100591716 0.07058823529411765
gnd 0.744378698224852 0.9313725490196079 0.040236686390532544 0.03137254901960784
resistor 0.5988165680473373 0.34019607843137256 0.023668639053254437 0.08823529411764706
capacitor 0.7727810650887574 0.46176470588235297 0.02603550295857988 0.06862745098039216
resistor 0.8769230769230769 0.746078431372549 0.02603550295857988 0.09607843137254903
resistor 0.36923076923076925 0.7176470588235294 0.02603550295857988 0.09411764705882353