gnd 0.5780645161290323 0.11591355599214145 0.03096774193548387 0.023575638506876228
resistor 0.6561290322580645 0.3516699410609037 0.02193548387096774 0.06679764243614932
capacitor 0.16193548387096773 0.518664047151277 0.016774193548387096 0.05108055009823183
resistor 0.3361290322580645 0.3516699410609037 0.02193548387096774 0.06679764243614932
npn 0.6483870967741936 0.518664047151277 0.024516129032258065 0.06679764243614932
port 0.08193548387096775 0.5726915520628684 0.024516129032258065 0.03339882121807466
gnd 0.54 0.9508840864440079 0.03225806451612903 0.023575638506876228
capacitor 0.7561290322580645 0.7416502946954814 0.03354838709677419 0.025540275049115914
capacitor 0.4367741935483871 0.7416502946954814 0.03483870967741935 0.025540275049115914
resistor 0.3367741935483871 0.743614931237721 0.02064516129032258 0.068762278978389
resistor 0.655483870967742 0.743614931237721 0.02064516129032258 0.068762278978389
capacitor 0.8141935483870968 0.4214145383104126 0.015483870967741935 0.04911591355599214
voltage-lines 0.5129032258064516 0.16797642436149313 0.04258064516129032 0.05304518664047151
capacitor 0.46903225806451615 0.4214145383104126 0.016774193548387096 0.04911591355599214
resistor 0.5664516129032258 0.743614931237721 0.02064516129032258 0.068762278978389
resistor 0.24645161290322581 0.7416502946954814 0.02064516129032258 0.068762278978389
resistor 0.8980645161290323 0.5461689587426326 0.02064516129032258 0.06679764243614932
resistor 0.5658064516129032 0.3526522593320236 0.02193548387096774 0.068762278978389
npn 0.32838709677419353 0.518664047151277 0.024516129032258065 0.06679764243614932
resistor 0.24645161290322581 0.3526522593320236 0.02064516129032258 0.068762278978389
voltage 0.06709677419354838 0.6925343811394892 0.0567741935483871 0.08447937131630648