gnd 0.3414043583535109 0.9558823529411765 0.024213075060532687 0.029411764705882353
current 0.24334140435835352 0.6972318339100346 0.06053268765133172 0.08650519031141868
resistor 0.49092009685230026 0.8070934256055363 0.044794188861985475 0.029411764705882353
single-end-amp 0.8365617433414043 0.3313148788927336 0.09927360774818401 0.157439446366782
resistor 0.9152542372881356 0.53719723183391 0.01937046004842615 0.06055363321799308
gnd 0.35048426150121065 0.4472318339100346 0.023002421307506054 0.029411764705882353
voltage 0.6295399515738499 0.5847750865051903 0.06053268765133172 0.08650519031141868
resistor 0.7094430992736077 0.2179930795847751 0.04600484261501211 0.031141868512110725
single-end-amp 0.5460048426150121 0.3771626297577855 0.09685230024213075 0.15570934256055363
resistor 0.7106537530266344 0.4515570934256055 0.04600484261501211 0.031141868512110725
gnd 0.18220338983050846 0.4809688581314879 0.023002421307506054 0.02768166089965398
gnd 0.2427360774818402 0.7949826989619377 0.023002421307506054 0.029411764705882353
resistor 0.8353510895883777 0.4515570934256055 0.043583535108958835 0.031141868512110725
gnd 0.43946731234866826 0.9558823529411765 0.024213075060532687 0.029411764705882353
resistor 0.4406779661016949 0.8849480968858131 0.01937046004842615 0.06055363321799308
single-end-amp 0.2705811138014528 0.2179930795847751 0.10048426150121065 0.16262975778546712
single-end-amp 0.4346246973365617 0.6643598615916955 0.1016949152542373 0.15916955017301038
resistor 0.3414043583535109 0.8858131487889274 0.01937046004842615 0.058823529411764705
resistor 0.4158595641646489 0.41782006920415227 0.0423728813559322 0.029411764705882353
resistor 0.47578692493946734 0.5121107266435986 0.043583535108958835 0.031141868512110725
resistor 0.8341404358353511 0.2171280276816609 0.04600484261501211 0.029411764705882353
resistor 0.18159806295399517 0.4108996539792388 0.01937046004842615 0.06055363321799308
resistor 0.4158595641646489 0.2179930795847751 0.0423728813559322 0.031141868512110725
resistor 0.3904358353510896 0.8062283737024222 0.044794188861985475 0.031141868512110725
resistor 0.27300242130750607 0.3382352941176471 0.04721549636803874 0.029411764705882353
resistor 0.5417675544794189 0.2179930795847751 0.0423728813559322 0.031141868512110725
gnd 0.056295399515738496 0.3408304498269896 0.025423728813559324 0.02768166089965398
voltage 0.056295399515738496 0.2422145328719723 0.06174334140435835 0.08996539792387544
gnd 0.9213075060532687 0.24740484429065743 0.024213075060532687 0.02768166089965398
gnd 0.6301452784503632 0.6756055363321799 0.023002421307506054 0.029411764705882353
gnd 0.9146489104116223 0.6089965397923875 0.023002421307506054 0.02768166089965398