npn 0.3312807881773399 0.5029411764705882 0.024630541871921183 0.07254901960784314
resistor 0.3392857142857143 0.7215686274509804 0.020935960591133004 0.07450980392156863
gnd 0.8977832512315271 0.8 0.03201970443349754 0.023529411764705882
inductor 0.3411330049261084 0.24215686274509804 0.014778325123152709 0.06470588235294118
inductor 0.6527093596059114 0.5117647058823529 0.014778325123152709 0.06666666666666667
capacitor 0.5603448275862069 0.6990196078431372 0.034482758620689655 0.025490196078431372
gnd 0.7413793103448276 0.07745098039215687 0.03201970443349754 0.025490196078431372
capacitor 0.4291871921182266 0.6990196078431372 0.03571428571428571 0.025490196078431372
gnd 0.3380541871921182 0.8823529411764706 0.03078817733990148 0.023529411764705882
resistor 0.23583743842364532 0.30392156862745096 0.020935960591133004 0.07450980392156863
capacitor 0.13177339901477833 0.17254901960784313 0.034482758620689655 0.06666666666666667
capacitor 0.7746305418719212 0.37941176470588234 0.014778325123152709 0.052941176470588235
capacitor 0.14963054187192118 0.5019607843137255 0.01847290640394089 0.058823529411764705
capacitor 0.6496305418719212 0.6990196078431372 0.0332512315270936 0.025490196078431372
capacitor 0.5597290640394089 0.5127450980392156 0.0332512315270936 0.025490196078431372
gnd 0.520320197044335 0.6333333333333333 0.03078817733990148 0.023529411764705882
gnd 0.04864532019704434 0.17058823529411765 0.01600985221674877 0.054901960784313725
resistor 0.8990147783251231 0.5950980392156863 0.019704433497536946 0.07254901960784314
resistor 0.23583743842364532 0.638235294117647 0.020935960591133004 0.07647058823529412
port 0.7419950738916257 0.04803921568627451 0.006157635467980296 0.00980392156862745