npn 0.16041666666666668 0.6163021868787276 0.029166666666666667 0.11530815109343936
resistor 0.11291666666666667 0.8021868787276342 0.015833333333333335 0.08151093439363817
resistor 0.5679166666666666 0.6848906560636183 0.015833333333333335 0.0775347912524851
capacitor 0.23916666666666667 0.6878727634194831 0.023333333333333334 0.0437375745526839
npn 0.5079166666666667 0.44930417495029823 0.029166666666666667 0.11928429423459244
port 0.95125 0.07654075546719682 0.0175 0.03777335984095427
resistor 0.2125 0.4831013916500994 0.03166666666666667 0.039761431411530816
capacitor 0.865 0.6928429423459245 0.023333333333333334 0.04970178926441352
resistor 0.34125 0.6868787276341949 0.019166666666666665 0.08548707753479125
resistor 0.17291666666666666 0.14512922465208747 0.0275 0.08349900596421471
resistor 0.46875 0.6888667992047713 0.019166666666666665 0.08548707753479125
port 0.02125 0.8707753479125249 0.0175 0.0437375745526839
capacitor 0.9158333333333334 0.6858846918489065 0.023333333333333334 0.03180914512922465
capacitor 0.4116666666666667 0.672962226640159 0.023333333333333334 0.04970178926441352
capacitor 0.6529166666666667 0.6858846918489065 0.024166666666666666 0.027833001988071572
resistor 0.7470833333333333 0.6878727634194831 0.019166666666666665 0.08349900596421471
port 0.020833333333333332 0.07455268389662027 0.016666666666666666 0.041749502982107355
resistor 0.17083333333333334 0.3976143141153082 0.023333333333333334 0.07952286282306163
resistor 0.4691666666666667 0.268389662027833 0.021666666666666667 0.09145129224652088
resistor 0.11416666666666667 0.5506958250497018 0.018333333333333333 0.08349900596421471
port 0.9516666666666667 0.8707753479125249 0.016666666666666666 0.0437375745526839
resistor 0.5833333333333334 0.2644135188866799 0.016666666666666666 0.08349900596421471
nmos 0.7104166666666667 0.24652087475149106 0.0425 0.0874751491053678
capacitor 0.59625 0.6898608349900597 0.024166666666666666 0.05168986083499006
diode 0.21333333333333335 0.415506958250497 0.02 0.055666003976143144
npn 0.74625 0.10039761431411531 0.0575 0.0775347912524851
nmos 0.30583333333333335 0.24652087475149106 0.03833333333333333 0.0874751491053678
nmos 0.15666666666666668 0.279324055666004 0.03333333333333333 0.10139165009940358
npn 0.33708333333333335 0.10238568588469185 0.0575 0.0775347912524851
diode 0.17041666666666666 0.8071570576540755 0.0275 0.055666003976143144