resistor 0.296875 0.8363636363636363 0.020833333333333332 0.052525252525252523
capacitor 0.5164930555555556 0.32626262626262625 0.026041666666666668 0.01818181818181818
capacitor 0.9201388888888888 0.7171717171717171 0.027777777777777776 0.020202020202020204
resistor 0.5824652777777778 0.8353535353535354 0.022569444444444444 0.05454545454545454
gnd 0.4496527777777778 0.6787878787878788 0.020833333333333332 0.028282828282828285
npn 0.1388888888888889 0.7272727272727273 0.027777777777777776 0.048484848484848485
capacitor 0.8350694444444444 0.7757575757575758 0.024305555555555556 0.020202020202020204
resistor 0.75 0.5616161616161616 0.020833333333333332 0.052525252525252523
capacitor 0.5243055555555556 0.4727272727272727 0.013888888888888888 0.028282828282828285
npn 0.20399305555555555 0.4919191919191919 0.026041666666666668 0.050505050505050504
pnp 0.5755208333333334 0.41414141414141414 0.026041666666666668 0.048484848484848485
resistor 0.6571180555555556 0.4717171717171717 0.043402777777777776 0.026262626262626262
diode 0.5833333333333334 0.5787878787878787 0.024305555555555556 0.022222222222222223
capacitor 0.5182291666666666 0.603030303030303 0.029513888888888888 0.022222222222222223
resistor 0.7508680555555556 0.6595959595959596 0.022569444444444444 0.05454545454545454
port 0.06163194444444445 0.4909090909090909 0.07118055555555555 0.03636363636363636
npn 0.3897569444444444 0.4919191919191919 0.026041666666666668 0.050505050505050504
port 0.2977430555555556 0.9515151515151515 0.029513888888888888 0.024242424242424242
resistor 0.4479166666666667 0.3282828282828283 0.020833333333333332 0.05454545454545454
resistor 0.4479166666666667 0.5808080808080808 0.020833333333333332 0.05454545454545454
resistor 0.2881944444444444 0.23737373737373738 0.04513888888888889 0.030303030303030304
gnd 0.9201388888888888 0.8131313131313131 0.024305555555555556 0.026262626262626262
gnd 0.8350694444444444 0.8535353535353535 0.024305555555555556 0.026262626262626262
pnp 0.2230902777777778 0.3151515151515151 0.026041666666666668 0.048484848484848485
pnp 0.3723958333333333 0.3151515151515151 0.026041666666666668 0.048484848484848485
resistor 0.21354166666666666 0.1717171717171717 0.020833333333333332 0.052525252525252523
npn 0.2890625 0.6676767676767676 0.026041666666666668 0.050505050505050504
resistor 0.8359375 0.6757575757575758 0.022569444444444444 0.05858585858585859
resistor 0.13020833333333334 0.2292929292929293 0.020833333333333332 0.05454545454545454
nmos 0.7387152777777778 0.7474747474747475 0.029513888888888888 0.048484848484848485
resistor 0.6579861111111112 0.7454545454545455 0.04513888888888889 0.028282828282828285
resistor 0.3802083333333333 0.17272727272727273 0.020833333333333332 0.05454545454545454
port 0.11805555555555555 0.4919191919191919 0.006944444444444444 0.010101010101010102
port 0.14583333333333334 0.4919191919191919 0.006944444444444444 0.010101010101010102
nmos 0.7378472222222222 0.4717171717171717 0.034722222222222224 0.050505050505050504
port 0.4496527777777778 0.08585858585858586 0.006944444444444444 0.010101010101010102
port 0.4496527777777778 0.11313131313131314 0.006944444444444444 0.012121212121212121
port 0.3680555555555556 0.41515151515151516 0.006944444444444444 0.010101010101010102
port 0.3967013888888889 0.41515151515151516 0.008680555555555556 0.010101010101010102
antenna 0.2986111111111111 0.051515151515151514 0.034722222222222224 0.026262626262626262
diode 0.5842013888888888 0.6383838383838384 0.026041666666666668 0.024242424242424242