port 0.86 0.8670329670329671 0.012 0.015384615384615385
diode 0.267 0.5648351648351648 0.042 0.04835164835164835
capacitor 0.658 0.6912087912087912 0.06 0.03736263736263736
capacitor 0.496 0.33516483516483514 0.032 0.06813186813186813
resistor 0.421 0.8021978021978022 0.026 0.07032967032967033
npn 0.743 0.7384615384615385 0.046 0.08351648351648351
single-end-amp 0.416 0.5505494505494506 0.18 0.22197802197802197
capacitor 0.762 0.9131868131868132 0.064 0.03296703296703297
port 0.861 0.1912087912087912 0.014 0.017582417582417582
capacitor 0.814 0.0967032967032967 0.032 0.06593406593406594
port 0.081 0.6208791208791209 0.01 0.015384615384615385
resistor 0.597 0.643956043956044 0.058 0.026373626373626374
resistor 0.139 0.621978021978022 0.062 0.03076923076923077
port 0.859 0.6472527472527473 0.01 0.015384615384615385
gnd 0.87 0.14395604395604394 0.04 0.03296703296703297
gnd 0.763 0.9681318681318681 0.046 0.02857142857142857
npn 0.745 0.554945054945055 0.046 0.08131868131868132
diode 0.199 0.5648351648351648 0.042 0.04835164835164835
capacitor 0.456 0.4043956043956044 0.032 0.07032967032967033
resistor 0.598 0.5538461538461539 0.06 0.026373626373626374
resistor 0.43 0.26153846153846155 0.06 0.026373626373626374