resistor 0.8287671232876712 0.5928270042194093 0.023661270236612703 0.08438818565400844
resistor 0.34308841843088417 0.35970464135021096 0.023661270236612703 0.08649789029535865
diode 0.8910336239103362 0.4219409282700422 0.026151930261519303 0.04219409282700422
capacitor 0.3437110834371108 0.22362869198312235 0.034869240348692404 0.03375527426160337
capacitor 0.9526774595267746 0.4978902953586498 0.049813200498132 0.029535864978902954
diode 0.8910336239103362 0.5907172995780591 0.026151930261519303 0.046413502109704644
gnd 0.6282689912826899 0.9641350210970464 0.033623910336239106 0.0379746835443038
capacitor 0.28019925280199254 0.5812236286919831 0.034869240348692404 0.03164556962025317
resistor 0.18181818181818182 0.2109704641350211 0.024906600249066 0.08438818565400844
resistor 0.18181818181818182 0.5727848101265823 0.024906600249066 0.08649789029535865
single-end-amp 0.5485678704856787 0.49050632911392406 0.1357409713574097 0.2468354430379747
capacitor 0.0448318804483188 0.520042194092827 0.052303860523038606 0.03164556962025317
capacitor 0.13138231631382316 0.6455696202531646 0.033623910336239106 0.029535864978902954
capacitor 0.7347447073474471 0.48628691983122363 0.017434620174346202 0.052742616033755275
resistor 0.8287671232876712 0.4240506329113924 0.023661270236612703 0.08438818565400844
resistor 0.4669987546699875 0.31751054852320676 0.049813200498132 0.04008438818565401
diode 0.26774595267745954 0.12869198312236288 0.057285180572851806 0.0970464135021097