resistor 0.6596306068601583 0.7383268482490273 0.07651715039577836 0.03696498054474708
resistor 0.6602902374670184 0.20817120622568094 0.07783641160949868 0.03501945525291829
gnd 0.7678100263852242 0.892023346303502 0.055408970976253295 0.04474708171206226
port 0.11873350923482849 0.16926070038910507 0.018469656992084433 0.027237354085603113
resistor 0.36015831134564646 0.29377431906614787 0.026385224274406333 0.11284046692607004
single-end-amp 0.6906332453825857 0.45622568093385213 0.10949868073878628 0.1575875486381323
resistor 0.35949868073878627 0.646887159533074 0.025065963060686015 0.11478599221789883
single-end-amp 0.2341688654353562 0.7373540856031129 0.10949868073878628 0.1556420233463035
single-end-amp 0.23350923482849603 0.20622568093385213 0.11081794195250659 0.1556420233463035
port 0.8133245382585752 0.45428015564202334 0.022427440633245383 0.033073929961089495
resistor 0.5369393139841688 0.20622568093385213 0.079155672823219 0.03501945525291829
resistor 0.35686015831134565 0.4659533073929961 0.027704485488126648 0.11478599221789883
port 0.11873350923482849 0.7704280155642024 0.021108179419525065 0.038910505836575876