resistor 0.4707174231332357 0.18396846254927726 0.05124450951683748 0.09986859395532194
resistor 0.6090775988286969 0.18396846254927726 0.04978038067349927 0.09986859395532194
resistor 0.6083455344070278 0.3896189224704336 0.05124450951683748 0.09855453350854139
resistor 0.883601756954612 0.6373193166885677 0.05124450951683748 0.09724047306176084
resistor 0.4260614934114202 0.34822601839684625 0.0527086383601757 0.09986859395532194
resistor 0.33382137628111275 0.26609724047306177 0.11420204978038068 0.05387647831800263
voltage 0.05856515373352855 0.38896189224704336 0.09956076134699854 0.08672798948751642
resistor 0.6083455344070278 0.6373193166885677 0.05124450951683748 0.09986859395532194
resistor 0.5168374816983895 0.5137976346911958 0.11127379209370425 0.052562417871222074
resistor 0.7913616398243045 0.5131406044678055 0.10980966325036604 0.051248357424441525
port 0.7693997071742313 0.2352168199737188 0.0746705710102489 0.08935611038107753
port 0.6354319180087847 0.06701708278580815 0.07320644216691069 0.08935611038107753
port 0.7254758418740849 0.8081471747700394 0.06588579795021962 0.08672798948751642