nmos 0.18215031315240082 0.8172043010752689 0.0511482254697286 0.1111111111111111
capacitor 0.4801670146137787 0.35304659498207885 0.05219206680584551 0.053763440860215055
nmos 0.37734864300626303 0.5349462365591398 0.049060542797494784 0.1057347670250896
pmos 0.5417536534446764 0.2007168458781362 0.04801670146137787 0.10752688172043011
nmos 0.0918580375782881 0.8163082437275986 0.05010438413361169 0.11290322580645161
pmos 0.7270354906054279 0.4560931899641577 0.061586638830897704 0.0913978494623656
port 0.9707724425887265 0.4220430107526882 0.018789144050104383 0.034050179211469536
pmos 0.22338204592901878 0.3602150537634409 0.05010438413361169 0.10752688172043011
capacitor 0.8235908141962421 0.4229390681003584 0.029227557411273485 0.0931899641577061
cross-line-curved 0.4801670146137787 0.6971326164874552 0.020876826722338204 0.025089605734767026
pmos 0.4201461377870564 0.2007168458781362 0.049060542797494784 0.10752688172043011
pmos 0.8695198329853863 0.28225806451612906 0.04801670146137787 0.1057347670250896
gnd 0.48068893528183715 0.47491039426523296 0.04279749478079332 0.043010752688172046
pmos 0.22233820459290188 0.1989247311827957 0.05010438413361169 0.1111111111111111
nmos 0.5824634655532359 0.5340501792114696 0.05010438413361169 0.10752688172043011
port 0.6529227557411273 0.5340501792114696 0.017745302713987474 0.03225806451612903
nmos 0.4603340292275574 0.8163082437275986 0.05010438413361169 0.10931899641577061
gnd 0.9378914405010439 0.6639784946236559 0.04488517745302714 0.04121863799283154
nmos 0.8700417536534447 0.8145161290322581 0.0511482254697286 0.10931899641577061
vdd 0.39979123173277664 0.08870967741935484 0.037578288100208766 0.023297491039426525
vdd 0.5605427974947808 0.08781362007168458 0.03966597077244259 0.025089605734767026
capacitor 0.9384133611691023 0.5376344086021505 0.054279749478079335 0.05017921146953405
port 0.3079331941544885 0.53584229390681 0.018789144050104383 0.03225806451612903
port 0.07150313152400835 0.6532258064516129 0.019832985386221295 0.034050179211469536