vdd 0.351 0.38374125874125875 0.028 0.015734265734265736
resistor 0.341 0.7727272727272727 0.072 0.06293706293706294
gnd 0.3515 0.6005244755244755 0.027 0.019230769230769232
gnd 0.071 0.7980769230769231 0.038 0.033216783216783216
resistor 0.7825 0.4956293706293706 0.071 0.06118881118881119
port 0.046 0.40821678321678323 0.088 0.06118881118881119
single-end-amp 0.529 0.2465034965034965 0.096 0.16083916083916083
vdd 0.6065 0.652972027972028 0.031 0.015734265734265736
single-end-amp 0.6095 0.7709790209790209 0.095 0.16433566433566432
resistor 0.1475 0.6022727272727273 0.073 0.06468531468531469
resistor 0.311 0.2465034965034965 0.072 0.06293706293706294
single-end-amp 0.3475 0.49475524475524474 0.093 0.16083916083916083
resistor 0.1985 0.4090909090909091 0.075 0.06293706293706294
vdd 0.527 0.14160839160839161 0.028 0.017482517482517484
gnd 0.526 0.3557692307692308 0.03 0.022727272727272728
port 0.9535 0.4938811188811189 0.093 0.050699300699300696
gnd 0.6075 0.8881118881118881 0.031 0.02097902097902098