resistor 0.5924713584288053 0.4629981024667932 0.029459901800327332 0.07210626185958255
resistor 0.8486088379705401 0.611954459203036 0.027823240589198037 0.07020872865275142
resistor 0.36333878887070375 0.7011385199240987 0.06546644844517185 0.036053130929791274
resistor 0.36333878887070375 0.22675521821631878 0.062193126022913256 0.036053130929791274
resistor 0.7471358428805237 0.13757115749525617 0.027823240589198037 0.06641366223908918
resistor 0.4656301145662848 0.5815939278937381 0.027823240589198037 0.06641366223908918
voltage-lines 0.10801963993453355 0.5844402277039848 0.07201309328968904 0.022770398481973434
voltage-lines 0.1088379705400982 0.5246679316888045 0.07364975450081833 0.024667931688804556
resistor 0.26104746317512273 0.34535104364326374 0.027823240589198037 0.07210626185958255
resistor 0.9762684124386252 0.6129032258064516 0.031096563011456628 0.07210626185958255
resistor 0.9762684124386252 0.13757115749525617 0.027823240589198037 0.07020872865275142
resistor 0.10801963993453355 0.34535104364326374 0.029459901800327332 0.07210626185958255
resistor 0.9762684124386252 0.8519924098671727 0.031096563011456628 0.07590132827324478
resistor 0.3649754500818331 0.4648956356736243 0.062193126022913256 0.03795066413662239