resistor2 0.30885311871227367 0.13761467889908258 0.030181086519114688 0.11009174311926606
resistor2 0.43158953722334004 0.7324159021406728 0.030181086519114688 0.10703363914373089
gnd 0.2052313883299799 0.3256880733944954 0.0482897384305835 0.045871559633027525
capacitor 0.039235412474849095 0.24770642201834864 0.0744466800804829 0.03669724770642202
capacitor 0.5543259557344065 0.7171253822629969 0.05030181086519115 0.039755351681957186
inductor 0.9366197183098591 0.5932721712538226 0.03420523138832998 0.1529051987767584
capacitor 0.7414486921529175 0.4984709480122324 0.05030181086519115 0.03669724770642202
capacitor 0.20422535211267606 0.1529051987767584 0.05030181086519115 0.03669724770642202
gnd 0.6790744466800804 0.6681957186544343 0.05030181086519115 0.045871559633027525
capacitor 0.22535211267605634 0.5596330275229358 0.02414486921529175 0.07951070336391437
gnd 0.04024144869215292 0.36850152905198774 0.0482897384305835 0.045871559633027525
capacitor 0.7404426559356136 0.7155963302752294 0.0482897384305835 0.03669724770642202
resistor2 0.43158953722334004 0.13761467889908258 0.030181086519114688 0.11009174311926606
gnd 0.369215291750503 0.918960244648318 0.05030181086519115 0.045871559633027525
port 0.9577464788732394 0.2798165137614679 0.01609657947686117 0.021406727828746176
npn 0.4124748490945674 0.43425076452599387 0.056338028169014086 0.1345565749235474
resistor2 0.306841046277666 0.7308868501529052 0.030181086519114688 0.11009174311926606
capacitor 0.03822937625754527 0.10856269113149847 0.07645875251509054 0.039755351681957186