capacitor 0.7183288409703504 0.2876923076923077 0.0673854447439353 0.033846153846153845
capacitor 0.5822102425876011 0.7523076923076923 0.0646900269541779 0.033846153846153845
resistor2 0.9070080862533693 0.6430769230769231 0.03504043126684636 0.10461538461538461
port 0.5026954177897575 0.09076923076923077 0.03504043126684636 0.04
resistor2 0.20619946091644206 0.7661538461538462 0.03504043126684636 0.10461538461538461
resistor2 0.42183288409703507 0.7676923076923077 0.03504043126684636 0.10153846153846154
npn 0.39622641509433965 0.5353846153846153 0.07547169811320754 0.13538461538461538
gnd 0.5026954177897575 0.9507692307692308 0.0673854447439353 0.043076923076923075
capacitor 0.5822102425876011 0.5353846153846153 0.0646900269541779 0.03076923076923077
resistor 0.40970350404312667 0.28923076923076924 0.0431266846361186 0.14153846153846153
resistor2 0.20485175202156333 0.3046153846153846 0.03773584905660377 0.10461538461538461
capacitor 0.7991913746630728 0.4430769230769231 0.029649595687331536 0.07384615384615385
capacitor 0.5566037735849056 0.28923076923076924 0.06199460916442048 0.03076923076923077
capacitor 0.0444743935309973 0.7507692307692307 0.06199460916442048 0.03076923076923077