gnd 0.7533172496984318 0.6303956834532374 0.047044632086851626 0.04136690647482014
nmos 0.13268998793727382 0.5089928057553957 0.05307599517490953 0.10071942446043165
nmos 0.2388419782870929 0.6960431654676259 0.05307599517490953 0.10071942446043165
cross-line-curved 0.3661037394451146 0.42985611510791366 0.020506634499396863 0.02158273381294964
gnd 0.5072376357056695 0.6312949640287769 0.047044632086851626 0.039568345323741004
gnd 0.8920386007237636 0.368705035971223 0.04945717732207479 0.04316546762589928
pmos 0.6598311218335344 0.25089928057553956 0.05307599517490953 0.09892086330935251
voltage-lines 0.8914354644149578 0.24910071942446044 0.05548854041013269 0.07014388489208633
gnd 0.15500603136308805 0.9712230215827338 0.047044632086851626 0.04316546762589928
voltage-lines 0.15560916767189384 0.7697841726618705 0.05790108564535585 0.0683453237410072
cross-line-curved 0.15440289505428226 0.4289568345323741 0.021712907117008445 0.023381294964028777
capacitor 0.5802171290711701 0.35431654676258995 0.033775633293124246 0.08633093525179857
gnd 0.43727382388419783 0.6312949640287769 0.047044632086851626 0.039568345323741004
nmos 0.38902291917973464 0.5089928057553957 0.05186972255729795 0.10071942446043165
nmos 0.661037394451146 0.6969424460431655 0.05307599517490953 0.10251798561151079
cross-line-curved 0.5072376357056695 0.4307553956834532 0.020506634499396863 0.023381294964028777
port 0.8118214716525934 0.3552158273381295 0.021712907117008445 0.030575539568345324
voltage 0.7919179734620024 0.1474820143884892 0.0856453558504222 0.1223021582733813
voltage-lines 0.4384800965018094 0.9010791366906474 0.05669481302774427 0.0683453237410072
capacitor 0.5066344993968637 0.5161870503597122 0.05790108564535585 0.046762589928057555
gnd 0.439686369119421 0.9703237410071942 0.05186972255729795 0.04136690647482014
pmos 0.3455971049457177 0.25 0.054282267792521106 0.10071942446043165
capacitor 0.7533172496984318 0.5071942446043165 0.05669481302774427 0.046762589928057555
pmos 0.17852834740651388 0.25089928057553956 0.05307599517490953 0.10251798561151079