port 0.19651162790697674 0.6910569105691057 0.018604651162790697 0.016260162601626018
port 0.8558139534883721 0.5862691960252936 0.02558139534883721 0.023486901535682024
capacitor 0.3081395348837209 0.2786811201445348 0.05813953488372093 0.024390243902439025
capacitor 0.42616279069767443 0.6147244805781391 0.06395348837209303 0.02981029810298103
capacitor 0.8988372093023256 0.8428184281842819 0.06279069767441861 0.025293586269196026
resistor 0.2063953488372093 0.16395663956639567 0.07790697674418605 0.028003613369467027
resistor 0.44709302325581396 0.2750677506775068 0.03604651162790698 0.056910569105691054
resistor 0.7180232558139535 0.2768744354110208 0.03372093023255814 0.06233062330623306
resistor 0.5494186046511628 0.5365853658536586 0.0755813953488372 0.03071364046973803
resistor 0.2982558139534884 0.6928635953026197 0.0755813953488372 0.02710027100271003
resistor 0.7180232558139535 0.8563685636856369 0.031395348837209305 0.06504065040650407
pmos 0.6994186046511628 0.16214995483288167 0.05 0.05510388437217705
pmos 0.6988372093023256 0.6919602529358627 0.046511627906976744 0.05420054200542006
gnd 0.7162790697674418 0.979223125564589 0.05581395348837209 0.02168021680216802
port 0.05930232558139535 0.16305329719963865 0.03255813953488372 0.018970189701897018
port 0.7180232558139535 0.058265582655826556 0.02441860465116279 0.017163504968383016