resistor 0.457280385078219 0.3877551020408163 0.07701564380264742 0.10495626822157435
resistor 0.246690734055355 0.21428571428571427 0.04332129963898917 0.18950437317784258
capacitor 0.7051744885679904 0.38629737609329445 0.03369434416365824 0.13702623906705538
vdd 0.45788206979542717 0.6005830903790087 0.10469314079422383 0.19825072886297376
vdd 0.31708784596871237 0.5962099125364432 0.10709987966305656 0.18950437317784258
voltage 0.10709987966305656 0.5087463556851312 0.08182912154031288 0.19533527696793002
capacitor 0.5980746089049338 0.6690962099125365 0.05776173285198556 0.07871720116618076
resistor 0.9127557160048135 0.6618075801749271 0.0421179302045728 0.18658892128279883
resistor 0.457280385078219 0.8542274052478134 0.07701564380264742 0.10495626822157435
resistor 0.5270758122743683 0.21574344023323616 0.04332129963898917 0.1924198250728863
resistor 0.3176895306859206 0.3848396501457726 0.07701564380264742 0.10495626822157435
capacitor 0.8080625752105897 0.6676384839650146 0.056558363417569195 0.07580174927113703
resistor 0.9139590854392299 0.21720116618075802 0.0421179302045728 0.1836734693877551
vdd 0.8050541516245487 0.2055393586005831 0.08182912154031288 0.2536443148688047
vdd 0.5980746089049338 0.21720116618075802 0.08182912154031288 0.2536443148688047
vdd 0.3176895306859206 0.8556851311953353 0.10108303249097472 0.18950437317784258