npn 0.5666666666666667 0.4074074074074074 0.06296296296296296 0.13333333333333333
voltage 0.07962962962962963 0.4074074074074074 0.06666666666666667 0.08395061728395062
resistor 0.5907407407407408 0.18024691358024691 0.037037037037037035 0.09382716049382717
voltage 0.3907407407407407 0.6703703703703704 0.06296296296296296 0.08148148148148149
gnd 0.8148148148148148 0.828395061728395 0.05555555555555555 0.04197530864197531
npn 0.7953703703703704 0.5962962962962963 0.05740740740740741 0.13580246913580246
voltage 0.30462962962962964 0.48148148148148145 0.06481481481481481 0.08395061728395062
resistor 0.5055555555555555 0.5950617283950618 0.07777777777777778 0.04938271604938271
cross-line-curved 0.5916666666666667 0.5962962962962963 0.020370370370370372 0.03209876543209877
resistor 0.41944444444444445 0.4074074074074074 0.07592592592592592 0.04938271604938271
port 0.9259259259259259 0.22592592592592592 0.05925925925925926 0.07654320987654321