port 0.954140127388535 0.983633387888707 0.02038216560509554 0.02618657937806874
gnd 0.7522292993630574 0.455810147299509 0.04713375796178344 0.03764320785597381
cross-line-curved 0.1573248407643312 0.28314238952536824 0.02165605095541401 0.019639934533551555
capacitor 0.6592356687898089 0.8944353518821604 0.05987261146496815 0.044189852700491
voltage-lines 0.15668789808917197 0.5752864157119476 0.05605095541401274 0.060556464811783964
resistor 0.2968152866242038 0.8936170212765957 0.04331210191082802 0.10147299509001637
gnd 0.5076433121019108 0.455810147299509 0.044585987261146494 0.03436988543371522
voltage-lines 0.8885350318471338 0.1276595744680851 0.05732484076433121 0.058919803600654665
gnd 0.15668789808917197 0.7487725040916531 0.045859872611464965 0.03764320785597381
capacitor 0.47961783439490446 0.8044189852700491 0.034394904458598725 0.07364975450081833
resistor 0.7528662420382166 0.8936170212765957 0.045859872611464965 0.10147299509001637
gnd 0.8904458598726115 0.23076923076923078 0.048407643312101914 0.03600654664484452
nmos 0.13439490445859872 0.35106382978723405 0.05222929936305733 0.0867430441898527
pmos 0.1789808917197452 0.1276595744680851 0.05477707006369427 0.088379705400982
nmos 0.24076433121019108 0.5130932896890343 0.0535031847133758 0.0867430441898527
capacitor 0.40191082802547773 0.8927986906710311 0.05987261146496815 0.044189852700491
cross-line-curved 0.3668789808917197 0.2839607201309329 0.02038216560509554 0.01800327332242226
cross-line-curved 0.5076433121019108 0.2839607201309329 0.01910828025477707 0.01800327332242226
voltage 0.79171974522293 0.6260229132569558 0.08535031847133757 0.10638297872340426
nmos 0.3904458598726115 0.3502454991816694 0.05222929936305733 0.0851063829787234
capacitor 0.5076433121019108 0.3576104746317512 0.05732484076433121 0.04091653027823241
gnd 0.4375796178343949 0.455810147299509 0.044585987261146494 0.03436988543371522
port 0.954140127388535 0.8044189852700491 0.02038216560509554 0.027823240589198037
capacitor 0.7522292993630574 0.34942716857610473 0.05732484076433121 0.04091653027823241
voltage-lines 0.8898089171974523 0.6882160392798691 0.05732484076433121 0.057283142389525366
pmos 0.34585987261146495 0.12929623567921442 0.05477707006369427 0.088379705400982
capacitor 0.5802547770700637 0.2193126022913257 0.03184713375796178 0.07528641571194762
gnd 0.8898089171974523 0.7487725040916531 0.049681528662420385 0.03764320785597381
pmos 0.6598726114649681 0.13011456628477905 0.0535031847133758 0.0867430441898527
nmos 0.6592356687898089 0.5122749590834698 0.05477707006369427 0.088379705400982
port 0.8076433121019109 0.22013093289689034 0.02038216560509554 0.027823240589198037
vdd 0.19235668789808918 0.8968903436988543 0.07898089171974522 0.1342062193126023
vdd 0.5414012738853503 0.8968903436988543 0.07898089171974522 0.1342062193126023
vdd 0.889171974522293 0.8936170212765957 0.07898089171974522 0.1342062193126023