port 0.9689984101748808 0.4558359621451104 0.011128775834658187 0.03470031545741325
nmos 0.44038155802861684 0.7649842271293376 0.025437201907790145 0.07255520504731862
pmos 0.3004769475357711 0.4305993690851735 0.028616852146263912 0.07886435331230283
pmos 0.21144674085850557 0.5378548895899053 0.028616852146263912 0.07886435331230283
nmos 0.12082670906200318 0.7649842271293376 0.025437201907790145 0.07255520504731862
nmos 0.302066772655008 0.7665615141955836 0.025437201907790145 0.07570977917981073
gnd 0.5063593004769475 0.9668769716088328 0.02384737678855326 0.028391167192429023
pnp 0.8060413354531002 0.7555205047318612 0.025437201907790145 0.06624605678233439
resistor 0.931637519872814 0.6482649842271293 0.057233704292527825 0.11041009463722397
resistor 0.8585055643879174 0.6403785488958991 0.022257551669316374 0.10094637223974763
pmos 0.04531001589825119 0.4274447949526814 0.02702702702702703 0.07886435331230283
pmos 0.4960254372019078 0.25709779179810727 0.028616852146263912 0.08517350157728706
pmos 0.7257551669316376 0.2586750788643533 0.030206677265500796 0.08201892744479496
resistor 0.6701112877583466 0.6435331230283912 0.02384737678855326 0.10094637223974763
nmos 0.5151033386327504 0.7634069400630915 0.025437201907790145 0.0694006309148265
pmos 0.6589825119236884 0.3801261829652997 0.030206677265500796 0.07886435331230283
pmos 0.12003179650238474 0.5394321766561514 0.02702702702702703 0.07570977917981073
pmos 0.4395866454689984 0.25709779179810727 0.030206677265500796 0.07886435331230283
resistor 0.814785373608903 0.5709779179810726 0.02384737678855326 0.10094637223974763
pnp 0.7225755166931638 0.7555205047318612 0.02702702702702703 0.06624605678233439
pmos 0.8052464228934817 0.2586750788643533 0.030206677265500796 0.08201892744479496
pmos 0.18282988871224165 0.2555205047318612 0.028616852146263912 0.08201892744479496
nmos 0.21065182829888712 0.7634069400630915 0.02702702702702703 0.07570977917981073
pmos 0.9220985691573926 0.2586750788643533 0.028616852146263912 0.07570977917981073
nmos 0.04292527821939587 0.7634069400630915 0.025437201907790145 0.07570977917981073
pmos 0.356120826709062 0.2539432176656151 0.028616852146263912 0.07886435331230283
vdd 0.56120826709062 0.7129337539432177 0.03179650238473768 0.025236593059936908
nmos 0.3767885532591415 0.7634069400630915 0.025437201907790145 0.07570977917981073
vdd 0.5047694753577107 0.09936908517350158 0.033386327503974564 0.028391167192429023
pmos 0.5596184419713831 0.38170347003154576 0.03179650238473768 0.08201892744479496