nmos 0.82875 0.6572847682119205 0.1025 0.08609271523178808
voltage-lines 0.58125 0.652317880794702 0.1075 0.06291390728476821
nmos 0.42375 0.527317880794702 0.1075 0.09105960264900662
pmos 0.745 0.2814569536423841 0.105 0.08278145695364239
cross-line-curved 0.5825 0.2781456953642384 0.045 0.019867549668874173
nmos 0.3325 0.6589403973509934 0.105 0.08940397350993377
nmos 0.53875 0.8410596026490066 0.1025 0.08940397350993377
nmos 0.74125 0.527317880794702 0.1075 0.09105960264900662
pmos 0.42125 0.2814569536423841 0.1025 0.08609271523178808
port 0.94 0.39072847682119205 0.04 0.026490066225165563
port 0.19625 0.6572847682119205 0.0375 0.026490066225165563
port 0.97125 0.6564569536423841 0.0375 0.024834437086092714
pmos 0.7425 0.16473509933774835 0.105 0.08443708609271523
port 0.28625 0.28228476821192056 0.0425 0.024834437086092714
pmos 0.42125 0.16473509933774835 0.1025 0.08443708609271523
port 0.85 0.9304635761589404 0.04 0.026490066225165563
port 0.4 0.8443708609271523 0.04 0.026490066225165563
port 0.405 0.9354304635761589 0.04 0.026490066225165563