gnd 0.6546296296296297 0.8827160493827161 0.06111111111111111 0.04197530864197531
npn 0.6324074074074074 0.4802469135802469 0.06481481481481481 0.145679012345679
voltage 0.08518518518518518 0.7567901234567901 0.07037037037037037 0.09135802469135802
voltage 0.325 0.5555555555555556 0.06851851851851852 0.08888888888888889
resistor 0.5351851851851852 0.3160493827160494 0.037037037037037035 0.10864197530864197
capacitor 0.8351851851851851 0.39753086419753086 0.025925925925925925 0.09382716049382717
resistor 0.5333333333333333 0.6395061728395062 0.040740740740740744 0.10864197530864197
capacitor 0.475 0.4765432098765432 0.027777777777777776 0.09382716049382717
resistor 0.6564814814814814 0.3172839506172839 0.03888888888888889 0.1111111111111111
resistor 0.6555555555555556 0.6777777777777778 0.040740740740740744 0.10617283950617284
port 0.11203703703703703 0.6432098765432098 0.06481481481481481 0.07654320987654321
port 0.3453703703703704 0.4419753086419753 0.046296296296296294 0.07407407407407407
port 0.5564814814814815 0.4419753086419753 0.04259259259259259 0.07901234567901234
port 0.9194444444444444 0.3617283950617284 0.05740740740740741 0.07654320987654321
port 0.6805555555555556 0.08148148148148149 0.06481481481481481 0.07901234567901234