pmos 0.24582560296846012 0.27153284671532846 0.0686456400742115 0.06715328467153285
nmos 0.5435992578849722 0.8992700729927007 0.06679035250463822 0.06715328467153285
nmos 0.4972170686456401 0.34306569343065696 0.06679035250463822 0.06715328467153285
port 0.839517625231911 0.4124087591240876 0.02411873840445269 0.01897810218978102
nmos 0.6419294990723562 0.621897810218978 0.07050092764378478 0.06715328467153285
pmos 0.7198515769944341 0.27226277372262775 0.06679035250463822 0.06569343065693431
nmos 0.3200371057513915 0.621897810218978 0.0686456400742115 0.06715328467153285
gnd 0.3942486085343228 0.9759124087591241 0.06493506493506493 0.027737226277372264
pmos 0.24397031539888683 0.13284671532846715 0.0686456400742115 0.06715328467153285
cross-line-curved 0.5269016697588126 0.13138686131386862 0.025974025974025976 0.014598540145985401
gnd 0.525974025974026 0.4211678832116788 0.061224489795918366 0.024817518248175182
cross-line-curved 0.5714285714285714 0.8262773722627738 0.025974025974025976 0.014598540145985401
pmos 0.5528756957328386 0.2029197080291971 0.07050092764378478 0.06423357664233577
nmos 0.18831168831168832 0.6897810218978102 0.0686456400742115 0.06861313868613139
port 0.07328385899814471 0.6897810218978102 0.02411873840445269 0.01897810218978102
pmos 0.37755102040816324 0.4802919708029197 0.0686456400742115 0.06423357664233577
pmos 0.7198515769944341 0.1343065693430657 0.06679035250463822 0.06715328467153285
cross-line-curved 0.3942486085343228 0.8262773722627738 0.027829313543599257 0.014598540145985401
port 0.34879406307977734 0.40072992700729926 0.022263450834879406 0.01897810218978102
port 0.07328385899814471 0.8291970802919708 0.02411873840445269 0.020437956204379562
nmos 0.3654916512059369 0.9 0.06679035250463822 0.06569343065693431
nmos 0.7207792207792207 0.5518248175182482 0.0686456400742115 0.06715328467153285
nmos 0.24582560296846012 0.5525547445255474 0.0686456400742115 0.06861313868613139
gnd 0.5705009276437848 0.9759124087591241 0.061224489795918366 0.027737226277372264
vdd 0.5241187384044527 0.06642335766423357 0.05009276437847866 0.016058394160583942
nmos 0.7773654916512059 0.6897810218978102 0.06679035250463822 0.06861313868613139
pmos 0.5862708719851577 0.4832116788321168 0.06679035250463822 0.07007299270072993
port 0.4035250463821892 0.34306569343065696 0.027829313543599257 0.020437956204379562
cross-line-curved 0.34879406307977734 0.2708029197080292 0.029684601113172542 0.016058394160583942
port 0.24860853432282004 0.8985401459854014 0.025974025974025976 0.021897810218978103