cross-line-curved 0.4027777777777778 0.13333333333333333 0.03148148148148148 0.02962962962962963
resistor 0.2740740740740741 0.5728395061728395 0.040740740740740744 0.11851851851851852
capacitor 0.2740740740740741 0.745679012345679 0.07407407407407407 0.0345679012345679
resistor 0.5009259259259259 0.3962962962962963 0.03888888888888889 0.1111111111111111
voltage 0.11203703703703703 0.6135802469135803 0.07222222222222222 0.09135802469135802
resistor 0.6305555555555555 0.2234567901234568 0.03888888888888889 0.1111111111111111
capacitor 0.2722222222222222 0.2234567901234568 0.07407407407407407 0.037037037037037035
gnd 0.5018518518518519 0.8814814814814815 0.06296296296296296 0.044444444444444446
capacitor 0.5675925925925925 0.30864197530864196 0.027777777777777776 0.09876543209876543
resistor 0.5018518518518519 0.7432098765432099 0.040740740740740744 0.11358024691358025
resistor 0.8277777777777777 0.39382716049382716 0.040740740740740744 0.1111111111111111
resistor 0.5018518518518519 0.2234567901234568 0.037037037037037035 0.10617283950617284
capacitor 0.5666666666666667 0.6567901234567901 0.025925925925925925 0.09876543209876543
resistor 0.5009259259259259 0.571604938271605 0.03888888888888889 0.11604938271604938
resistor 0.27314814814814814 0.3950617283950617 0.03888888888888889 0.11358024691358025
port 0.19444444444444445 0.09876543209876543 0.05555555555555555 0.09382716049382717
port 0.8546296296296296 0.1 0.06851851851851852 0.09135802469135802