resistor 0.557991513437058 0.19005102040816327 0.024045261669024046 0.09948979591836735
nmos 0.5332390381895332 0.5 0.06506364922206506 0.10204081632653061
resistor 0.7340876944837341 0.49489795918367346 0.02545968882602546 0.10204081632653061
resistor 0.2347949080622348 0.4987244897959184 0.05374823196605375 0.04336734693877551
port 0.7934936350777935 0.3201530612244898 0.014144271570014143 0.02806122448979592
voltage 0.16265912305516267 0.6798469387755102 0.056577086280056574 0.10459183673469388
capacitor 0.6463932107496464 0.3201530612244898 0.02263083451202263 0.09438775510204081
gnd 0.4024045261669024 0.8737244897959183 0.04101838755304102 0.04846938775510204
resistor 0.4031117397454031 0.6785714285714286 0.02545968882602546 0.10204081632653061
gnd 0.7355021216407355 0.6658163265306123 0.042432814710042434 0.05102040816326531
capacitor 0.6138613861386139 0.6798469387755102 0.02263083451202263 0.09438775510204081
gnd 0.16195190947666196 0.8737244897959183 0.04101838755304102 0.04846938775510204
capacitor 0.3125884016973126 0.4987244897959184 0.02263083451202263 0.09438775510204081
gnd 0.6711456859971712 0.7742346938775511 0.04101838755304102 0.04846938775510204
gnd 0.5572842998585573 0.0548469387755102 0.042432814710042434 0.05357142857142857