port 0.8848884381338742 0.3811881188118812 0.015212981744421906 0.0297029702970297
gnd 0.20943204868154158 0.8574257425742574 0.04158215010141988 0.05148514851485148
resistor 0.6014198782961461 0.2722772277227723 0.02434077079107505 0.100990099009901
resistor 0.6009127789046653 0.6772277227722773 0.02535496957403651 0.10693069306930693
resistor 0.8123732251521298 0.5257425742574258 0.02636916835699797 0.10891089108910891
capacitor 0.6926977687626775 0.697029702970297 0.05273833671399594 0.039603960396039604
gnd 0.4817444219066937 0.8564356435643564 0.04056795131845842 0.04950495049504951
gnd 0.8128803245436106 0.7049504950495049 0.04158215010141988 0.05148514851485148
voltage 0.20943204868154158 0.6772277227722773 0.057809330628803245 0.11485148514851486
npn 0.5786004056795132 0.4801980198019802 0.055780933062880324 0.12475247524752475
resistor 0.2712981744421907 0.4772277227722772 0.0537525354969574 0.047524752475247525
capacitor 0.40973630831643004 0.4772277227722772 0.02028397565922921 0.10297029702970296
gnd 0.6937119675456389 0.8564356435643564 0.04056795131845842 0.04950495049504951
resistor 0.4817444219066937 0.2732673267326733 0.02434077079107505 0.10297029702970296
gnd 0.6014198782961461 0.8564356435643564 0.04259634888438134 0.04950495049504951
port 0.7454361054766734 0.3811881188118812 0.016227180527383367 0.0297029702970297
port 0.33772819472616633 0.4762376237623762 0.016227180527383367 0.0297029702970297
capacitor 0.672920892494929 0.3821782178217822 0.02129817444219067 0.10297029702970296
resistor 0.481237322515213 0.6782178217821783 0.02535496957403651 0.10891089108910891
port 0.4817444219066937 0.10198019801980197 0.018255578093306288 0.04950495049504951
port 0.6024340770791075 0.10297029702970296 0.018255578093306288 0.047524752475247525