resistor 0.3179867342957472 0.7063969382176053 0.05228248146703082 0.08201202843083652
vdd 0.3181818181818182 0.07654455986878075 0.07530238002341007 0.02077638053581192
gnd 0.32091299258681233 0.9488791689447785 0.08544674209910261 0.06506287588846364
port 0.9666406554818572 0.3701476216511755 0.01833788529067499 0.026243849097867686
port 0.08134998049161139 0.5738108255877529 0.0222395630120952 0.03225806451612903
resistor 0.3181818181818182 0.47047566976489885 0.05267264923917284 0.08802624384909787
gnd 0.7446351931330472 0.7173318753417168 0.02848224736636754 0.034991798797156914
resistor 0.5973468591494343 0.3709677419354839 0.05852516582130316 0.07271733187534171
resistor 0.31759656652360513 0.25560415527610714 0.05228248146703082 0.08365226899945326
current 0.8841201716738197 0.5358119190814653 0.05072181037846274 0.06889010388190268
gnd 0.8839250877877487 0.7167851284855112 0.030823253999219664 0.034991798797156914
capacitor 0.7444401092469762 0.5344450519409514 0.03667577058134998 0.030071077091306724
resistor 0.43971907920405773 0.3706943685073811 0.05852516582130316 0.07326407873154729