gnd 0.5752895752895753 0.9636363636363636 0.0694980694980695 0.02909090909090909
voltage 0.13320463320463322 0.6581818181818182 0.09652509652509653 0.09454545454545454
nmos 0.5482625482625483 0.4781818181818182 0.0694980694980695 0.09090909090909091
capacitor 0.27606177606177607 0.5072727272727273 0.04247104247104247 0.07636363636363637
resistor 0.5791505791505791 0.6436363636363637 0.04633204633204633 0.10181818181818182
gnd 0.7644787644787645 0.9636363636363636 0.07722007722007722 0.03636363636363636
resistor 0.5791505791505791 0.22363636363636363 0.04633204633204633 0.09818181818181818
capacitor 0.747104247104247 0.33090909090909093 0.04247104247104247 0.07272727272727272
resistor 0.8938223938223938 0.4636363636363636 0.04247104247104247 0.10545454545454545
gnd 0.13513513513513514 0.7872727272727272 0.07722007722007722 0.04
resistor 0.5772200772200772 0.850909090909091 0.04247104247104247 0.10181818181818182
gnd 0.416988416988417 0.7563636363636363 0.0694980694980695 0.03636363636363636
resistor 0.42084942084942084 0.6436363636363637 0.04633204633204633 0.10181818181818182
capacitor 0.7644787644787645 0.850909090909091 0.07722007722007722 0.03636363636363636
gnd 0.88996138996139 0.5763636363636364 0.06563706563706563 0.03272727272727273
port 0.5733590733590733 0.09272727272727273 0.019305019305019305 0.01818181818181818