npn 0.5893393393393394 0.4521988527724665 0.04354354354354354 0.08221797323135756
port 0.527027027027027 0.07743785850860421 0.015015015015015015 0.017208413001912046
gnd 0.8813813813813813 0.7323135755258127 0.03303303303303303 0.022944550669216062
resistor 0.44819819819819817 0.6003824091778203 0.03153153153153153 0.0841300191204589
gnd 0.1111111111111111 0.8164435946462715 0.05405405405405406 0.03824091778202677
voltage 0.11036036036036036 0.6080305927342257 0.07357357357357357 0.10325047801147227
resistor 0.20345345345345345 0.45315487571701724 0.06156156156156156 0.04206500956022945
capacitor 0.753003003003003 0.3862332695984704 0.02252252252252252 0.07265774378585087
resistor 0.44819819819819817 0.3030592734225621 0.03153153153153153 0.08604206500956023
capacitor 0.7019519519519519 0.6080305927342257 0.052552552552552555 0.030592734225621414
resistor 0.8821321321321322 0.4837476099426386 0.03153153153153153 0.08795411089866156
resistor 0.6058558558558559 0.23996175908221798 0.03153153153153153 0.08604206500956023
capacitor 0.3310810810810811 0.45124282982791586 0.02252252252252252 0.07265774378585087
resistor 0.6058558558558559 0.621414913957935 0.03153153153153153 0.0841300191204589