diode 0.8072196620583717 0.5421052631578948 0.026113671274961597 0.04736842105263158
npn 0.15591397849462366 0.7697368421052632 0.029185867895545316 0.08157894736842106
npn 0.31336405529953915 0.2881578947368421 0.027649769585253458 0.08157894736842106
port 0.4608294930875576 0.40789473684210525 0.015360983102918587 0.02631578947368421
resistor 0.9101382488479263 0.6210526315789474 0.016897081413210446 0.06315789473684211
npn 0.82642089093702 0.34342105263157896 0.030721966205837174 0.0868421052631579
resistor 0.511520737327189 0.2868421052631579 0.015360983102918587 0.06315789473684211
resistor 0.6551459293394777 0.9118421052631579 0.016897081413210446 0.060526315789473685
pnp 0.4009216589861751 0.13157894736842105 0.030721966205837174 0.08421052631578947
resistor 0.7043010752688172 0.28421052631578947 0.03533026113671275 0.02631578947368421
pnp 0.521505376344086 0.12763157894736843 0.029185867895545316 0.08157894736842106
npn 0.6029185867895546 0.7697368421052632 0.029185867895545316 0.0868421052631579
pnp 0.9001536098310292 0.775 0.030721966205837174 0.09210526315789473
port 0.9339477726574501 0.9802631578947368 0.009216589861751152 0.018421052631578946
resistor 0.14669738863287252 0.9092105263157895 0.016897081413210446 0.06578947368421052
resistor 0.41013824884792627 0.9118421052631579 0.015360983102918587 0.060526315789473685
npn 0.15668202764976957 0.425 0.030721966205837174 0.08157894736842106
capacitor 0.5637480798771122 0.3894736842105263 0.03379416282642089 0.03684210526315789
resistor 0.3033794162826421 0.9105263157894737 0.016897081413210446 0.06315789473684211
npn 0.2926267281105991 0.7697368421052632 0.03225806451612903 0.0868421052631579
resistor 0.510752688172043 0.531578947368421 0.016897081413210446 0.06315789473684211
port 0.9439324116743472 0.5394736842105263 0.010752688172043012 0.015789473684210527
resistor 0.7549923195084486 0.9118421052631579 0.016897081413210446 0.060526315789473685
resistor 0.22734254992319508 0.9092105263157895 0.018433179723502304 0.06578947368421052
npn 0.19738863287250383 0.6026315789473684 0.029185867895545316 0.07894736842105263
npn 0.7450076804915514 0.3907894736842105 0.027649769585253458 0.08157894736842106
npn 0.500768049155146 0.7697368421052632 0.027649769585253458 0.08157894736842106
resistor 0.7004608294930875 0.49078947368421055 0.03686635944700461 0.02894736842105263
npn 0.4185867895545315 0.7697368421052632 0.026113671274961597 0.08157894736842106
npn 0.8993855606758833 0.1986842105263158 0.029185867895545316 0.07631578947368421
port 0.946236559139785 0.04342105263157895 0.009216589861751152 0.018421052631578946
pnp 0.2542242703533026 0.13026315789473683 0.029185867895545316 0.0868421052631579
resistor 0.9070660522273426 0.41578947368421054 0.016897081413210446 0.06315789473684211
npn 0.1359447004608295 0.28157894736842104 0.029185867895545316 0.07894736842105263
npn 0.7465437788018433 0.7026315789473684 0.027649769585253458 0.07894736842105263
npn 0.6443932411674347 0.6144736842105263 0.029185867895545316 0.08157894736842106
diode 0.8540706605222734 0.5407894736842105 0.027649769585253458 0.05
pnp 0.7465437788018433 0.12631578947368421 0.030721966205837174 0.08421052631578947
pnp 0.2926267281105991 0.425 0.03225806451612903 0.0868421052631579
port 0.10138248847926268 0.28421052631578947 0.015360983102918587 0.02631578947368421