resistor2 0.8059322033898305 0.4477848101265823 0.05254237288135593 0.02531645569620253
diode 0.35847457627118645 0.9018987341772152 0.03898305084745763 0.03481012658227848
capacitor 0.09661016949152543 0.571993670886076 0.01694915254237288 0.03322784810126582
resistor2 0.461864406779661 0.07199367088607594 0.025423728813559324 0.04588607594936709
npn 0.8423728813559322 0.3647151898734177 0.03728813559322034 0.06487341772151899
diode 0.6661016949152543 0.43433544303797467 0.03728813559322034 0.03639240506329114
resistor2 0.8059322033898305 0.8314873417721519 0.05254237288135593 0.023734177215189875
resistor2 0.8567796610169491 0.49604430379746833 0.0288135593220339 0.0490506329113924
npn 0.7542372881355932 0.28164556962025317 0.04067796610169491 0.06329113924050633
npn 0.19745762711864406 0.5704113924050633 0.0423728813559322 0.06487341772151899
npn 0.28728813559322036 0.5704113924050633 0.03898305084745763 0.06487341772151899
port 0.9491525423728814 0.5712025316455697 0.013559322033898305 0.015822784810126583
capacitor 0.35847457627118645 0.6123417721518988 0.03559322033898305 0.012658227848101266
diode 0.6661016949152543 0.3370253164556962 0.03389830508474576 0.03481012658227848
diode 0.4610169491525424 0.8314873417721519 0.03728813559322034 0.03639240506329114
resistor2 0.21440677966101696 0.7151898734177216 0.025423728813559324 0.04746835443037975
resistor2 0.9144067796610169 0.617879746835443 0.0288135593220339 0.0490506329113924
resistor2 0.3593220338983051 0.7832278481012658 0.02711864406779661 0.04746835443037975
resistor2 0.27288135593220336 0.7143987341772152 0.02711864406779661 0.0490506329113924
resistor2 0.14067796610169492 0.6186708860759493 0.023728813559322035 0.04746835443037975
resistor2 0.5627118644067797 0.2634493670886076 0.02711864406779661 0.0490506329113924
npn 0.7559322033898305 0.680379746835443 0.04067796610169491 0.06329113924050633
diode 0.5635593220338984 0.09177215189873418 0.03559322033898305 0.03481012658227848
npn 0.8423728813559322 0.7492088607594937 0.03728813559322034 0.06487341772151899
resistor2 0.4101694915254237 0.571993670886076 0.05084745762711865 0.02689873417721519
resistor2 0.6669491525423729 0.08386075949367089 0.0288135593220339 0.04746835443037975
resistor2 0.8567796610169491 0.8931962025316456 0.0288135593220339 0.0490506329113924
resistor2 0.22796610169491524 0.935126582278481 0.0288135593220339 0.05063291139240506
pnp 0.4754237288135593 0.4477848101265823 0.0423728813559322 0.06645569620253164
resistor2 0.461864406779661 0.9216772151898734 0.025423728813559324 0.0490506329113924
diode 0.46271186440677964 0.7492088607594937 0.03728813559322034 0.03639240506329114
npn 0.2440677966101695 0.8306962025316456 0.04067796610169491 0.06329113924050633
port 0.5635593220338984 0.31091772151898733 0.00847457627118644 0.007911392405063292
port 0.8932203389830509 0.9683544303797469 0.013559322033898305 0.015822784810126583
resistor2 0.6669491525423729 0.5229430379746836 0.0288135593220339 0.04588607594936709
pnp 0.47796610169491527 0.2143987341772152 0.04406779661016949 0.0680379746835443
pnp 0.652542372881356 0.21598101265822786 0.04406779661016949 0.0680379746835443
port 0.8932203389830509 0.037183544303797465 0.01694915254237288 0.020569620253164556
port 0.029661016949152543 0.569620253164557 0.01864406779661017 0.022151898734177215
port 0.03135593220338983 0.6669303797468354 0.01864406779661017 0.020569620253164556
port 0.9474576271186441 0.6669303797468354 0.01694915254237288 0.020569620253164556