current 0.4261213720316623 0.1171003717472119 0.06596306068601583 0.12267657992565056
resistor 0.158311345646438 0.5669144981412639 0.021108179419525065 0.07063197026022305
port 0.8733509234828496 0.895910780669145 0.0158311345646438 0.022304832713754646
resistor 0.158311345646438 0.8066914498141264 0.021108179419525065 0.07434944237918216
npn 0.787598944591029 0.2342007434944238 0.055408970976253295 0.11895910780669144
resistor 0.2519788918205805 0.17100371747211895 0.023746701846965697 0.07434944237918216
resistor 0.25065963060686014 0.4107806691449814 0.021108179419525065 0.07063197026022305
single-end-amp 0.6477572559366754 0.23048327137546468 0.0870712401055409 0.12639405204460966
current 0.5382585751978892 0.10223048327137546 0.0633245382585752 0.12267657992565056
pnp 0.22823218997361477 0.7063197026022305 0.05013192612137203 0.11895910780669144
port 0.08047493403693931 0.7063197026022305 0.018469656992084433 0.02973977695167286
port 0.8733509234828496 0.01858736059479554 0.0158311345646438 0.022304832713754646
npn 0.4050131926121372 0.3104089219330855 0.05013192612137203 0.11524163568773234
current 0.5356200527704486 0.7286245353159851 0.0633245382585752 0.11895910780669144
npn 0.5145118733509235 0.5037174721189591 0.05804749340369393 0.11524163568773234
resistor 0.25065963060686014 0.5855018587360595 0.021108179419525065 0.07063197026022305