pmos 0.7388436166084594 0.16170500676589986 0.07295304617772604 0.07532701849345963
pmos 0.06228172293364377 0.12178619756427606 0.07178890182382615 0.07216959855660803
gnd 0.6389212262320527 0.7658998646820027 0.01979045401629802 0.015336039693279206
pnp 0.5632518432285604 0.8132611637347767 0.057819169577027554 0.08570139828597204
nmos 0.3538998835855646 0.4305367613892648 0.05665502522312767 0.07352277852954443
pmos 0.740395809080326 0.2945421741091565 0.07217694994179279 0.07487595850248083
resistor 0.5842064415987582 0.6820027063599459 0.03453628249902988 0.12088407758231845
pmos 0.359720605355064 0.29161028416779433 0.07062475746992627 0.07081641858367163
nmos 0.06111757857974389 0.5336039693279206 0.059371362048894066 0.07848443843031123
gnd 0.31121459060923556 0.9663960306720794 0.038804811796662786 0.03112313937753721
pmos 0.3573923166472643 0.16283265674334688 0.07062475746992627 0.07307171853856563
nmos 0.5523864959254947 0.4305367613892648 0.055490880869227786 0.07442489851150202
nmos 0.35584012417539773 0.5681100586377988 0.05743112145906092 0.07352277852954443
nmos 0.5535506402793946 0.5674334686513306 0.0640279394644936 0.07577807848443843
pmos 0.5417151726814124 0.2918358141632837 0.07062475746992627 0.07036535859269283
pmos 0.06422196352347691 0.2523680649526387 0.0710128055878929 0.07262065854758683
pmos 0.5386107877376795 0.16193053676138927 0.0682964687621265 0.07036535859269283
pnp 0.060147458284827315 0.8105548037889039 0.05355064027939464 0.08389715832205684
pnp 0.35584012417539773 0.8123590437528191 0.05665502522312767 0.08299503834009923
nmos 0.05723709740007761 0.39061795218764095 0.055490880869227786 0.07487595850248083
port 0.8610787737679473 0.40460081190798375 0.019402405898331393 0.016238159675236806
nmos 0.23923166472642607 0.3531799729364005 0.0570430733410943 0.07397383852052324