resistor 0.2662807525325615 0.2801094890510949 0.017366136034732273 0.041970802919708027
npn 0.8147612156295224 0.30656934306569344 0.03762662807525326 0.06204379562043796
diode 0.1808972503617945 0.1332116788321168 0.02604920405209841 0.029197080291970802
npn 0.7279305354558611 0.3777372262773723 0.03762662807525326 0.058394160583941604
diode 0.18017366136034732 0.2791970802919708 0.027496382054992764 0.029197080291970802
pnp 0.42185238784370477 0.6523722627737226 0.03907380607814761 0.05291970802919708
npn 0.7575976845151954 0.6541970802919708 0.03907380607814761 0.05656934306569343
npn 0.3191027496382055 0.3740875912408759 0.03328509406657019 0.05474452554744526
diode 0.1808972503617945 0.3448905109489051 0.02604920405209841 0.029197080291970802
resistor 0.4804630969609262 0.229014598540146 0.017366136034732273 0.041970802919708027
npn 0.8929088277858177 0.3768248175182482 0.03473227206946455 0.060218978102189784
diode 0.1808972503617945 0.20985401459854014 0.02604920405209841 0.029197080291970802
resistor 0.8306801736613604 0.44525547445255476 0.017366136034732273 0.043795620437956206
npn 0.09334298118668596 0.7198905109489051 0.0361794500723589 0.04927007299270073
resistor 0.8408104196816208 0.6514598540145985 0.02894356005788712 0.021897810218978103
resistor 0.6613603473227206 0.4762773722627737 0.017366136034732273 0.040145985401459854
diode 0.2670043415340087 0.13412408759124086 0.024602026049204053 0.02737226277372263
pnp 0.7286541244573083 0.16970802919708028 0.03907380607814761 0.058394160583941604
npn 0.58972503617945 0.375 0.03907380607814761 0.060218978102189784
port 0.7460202604920405 0.9434306569343066 0.03907380607814761 0.051094890510948905
port 0.9413892908827786 0.6532846715328468 0.03907380607814761 0.05474452554744526
port 0.942836468885673 0.5136861313868614 0.03907380607814761 0.05291970802919708
port 0.026772793053545588 0.36678832116788324 0.04486251808972504 0.05474452554744526
port 0.9421128798842258 0.28102189781021897 0.03762662807525326 0.051094890510948905
port 0.9421128798842258 0.10036496350364964 0.04052098408104197 0.051094890510948905
port 0.479739507959479 0.04470802919708029 0.03907380607814761 0.05656934306569343
diode 0.7460202604920405 0.8658759124087592 0.027496382054992764 0.03102189781021898
pnp 0.5904486251808972 0.16697080291970803 0.04052098408104197 0.060218978102189784
diode 0.5311143270622286 0.3722627737226277 0.02604920405209841 0.0364963503649635
npn 0.3719247467438495 0.7208029197080292 0.03762662807525326 0.051094890510948905
npn 0.28798842257597684 0.7208029197080292 0.03762662807525326 0.051094890510948905
npn 0.17800289435600578 0.7208029197080292 0.03762662807525326 0.051094890510948905
port 0.02604920405209841 0.7153284671532847 0.03762662807525326 0.04744525547445255
port 0.02170767004341534 0.8184306569343066 0.04052098408104197 0.05291970802919708