nmos 0.595 0.6122448979591837 0.06333333333333334 0.10612244897959183
npn 0.30083333333333334 0.8336734693877551 0.07166666666666667 0.15306122448979592
pmos 0.595 0.3010204081632653 0.06 0.10408163265306122
resistor 0.4025 0.4336734693877551 0.041666666666666664 0.11224489795918367
resistor 0.43833333333333335 0.7479591836734694 0.04666666666666667 0.11224489795918367
gnd 0.6208333333333333 0.9336734693877551 0.06833333333333333 0.04693877551020408
npn 0.22833333333333333 0.523469387755102 0.07333333333333333 0.15306122448979592
gnd 0.43916666666666665 0.8877551020408163 0.06833333333333333 0.044897959183673466
gnd 0.25666666666666665 0.6642857142857143 0.06666666666666667 0.04693877551020408
gnd 0.32916666666666666 0.9755102040816327 0.06833333333333333 0.044897959183673466
resistor 0.25666666666666665 0.3438775510204082 0.043333333333333335 0.11224489795918367
cross-line-curved 0.40166666666666667 0.25204081632653064 0.03 0.026530612244897958
port 0.9391666666666667 0.44081632653061226 0.12166666666666667 0.10204081632653061
resistor 0.25666666666666665 0.1653061224489796 0.043333333333333335 0.11020408163265306
port 0.03333333333333333 0.4887755102040816 0.06666666666666667 0.09591836734693877
port 0.6558333333333334 0.04081632653061224 0.08166666666666667 0.08163265306122448
port 0.0675 0.7989795918367347 0.07833333333333334 0.10408163265306122