gnd 0.4719222462203024 0.9692513368983957 0.07127429805615551 0.045454545454545456
pmos 0.6587473002159827 0.5280748663101604 0.07775377969762419 0.12032085561497326
port 0.18466522678185746 0.7847593582887701 0.032397408207343416 0.040106951871657755
port 0.3941684665226782 0.5307486631016043 0.028077753779697623 0.034759358288770054
pmos 0.2861771058315335 0.2767379679144385 0.07991360691144708 0.12566844919786097
nmos 0.2861771058315335 0.5294117647058824 0.07991360691144708 0.12299465240641712
port 0.18466522678185746 0.5294117647058824 0.032397408207343416 0.0374331550802139
pmos 0.49136069114470843 0.5294117647058824 0.07991360691144708 0.12299465240641712
port 0.15010799136069114 0.40240641711229946 0.028077753779697623 0.034759358288770054
port 0.44384449244060475 0.10026737967914438 0.028077753779697623 0.040106951871657755
nmos 0.28509719222462204 0.7847593582887701 0.07775377969762419 0.12566844919786097
voltage-lines 0.7267818574514039 0.6978609625668449 0.08423326133909287 0.08021390374331551
pmos 0.5421166306695464 0.27406417112299464 0.07775377969762419 0.12566844919786097
port 0.1857451403887689 0.27540106951871657 0.03023758099352052 0.0427807486631016