gnd 0.1123046875 0.3541666666666667 0.048828125 0.036458333333333336
capacitor 0.3369140625 0.615234375 0.05859375 0.029947916666666668
gnd 0.5361328125 0.8873697916666666 0.05078125 0.03515625
resistor 0.333984375 0.3483072916666667 0.037109375 0.08723958333333333
cross-line-curved 0.51171875 0.4778645833333333 0.0234375 0.020833333333333332
resistor2 0.51171875 0.7154947916666666 0.029296875 0.08984375
npn 0.7421875 0.4830729166666667 0.05078125 0.1171875
port 0.17529296875 0.5149739583333334 0.0732421875 0.061197916666666664
resistor 0.63720703125 0.48046875 0.0634765625 0.044270833333333336
diode 0.78076171875 0.31640625 0.0732421875 0.08072916666666667
resistor2 0.51171875 0.34765625 0.029296875 0.08854166666666667
voltage 0.111328125 0.24739583333333334 0.056640625 0.07552083333333333
port 0.8876953125 0.3841145833333333 0.052734375 0.06510416666666667
port 0.6533203125 0.0859375 0.0390625 0.0625