capacitor 0.4537037037037037 0.41975308641975306 0.022222222222222223 0.0691358024691358
resistor 0.4101851851851852 0.24074074074074073 0.027777777777777776 0.07654320987654321
voltage 0.07222222222222222 0.42098765432098767 0.05185185185185185 0.06666666666666667
cross-line-curved 0.36666666666666664 0.5728395061728395 0.018518518518518517 0.02962962962962963
resistor 0.5222222222222223 0.24074074074074073 0.02962962962962963 0.07654320987654321
resistor 0.18518518518518517 0.24074074074074073 0.02962962962962963 0.07654320987654321
gnd 0.07407407407407407 0.754320987654321 0.044444444444444446 0.03209876543209877
resistor 0.2972222222222222 0.24074074074074073 0.027777777777777776 0.07654320987654321
resistor 0.6351851851851852 0.36049382716049383 0.06296296296296296 0.03950617283950617
npn 0.22777777777777777 0.6308641975308642 0.04814814814814815 0.1111111111111111
npn 0.4601851851851852 0.6308641975308642 0.046296296296296294 0.1111111111111111
capacitor 0.25 0.42098765432098767 0.022222222222222223 0.07160493827160494
pnp 0.7518518518518519 0.3617283950617284 0.04814814814814815 0.10617283950617284
diode 0.9231481481481482 0.6271604938271605 0.06481481481481481 0.0691358024691358
diode 0.787962962962963 0.6271604938271605 0.06481481481481481 0.0691358024691358
diode 0.6518518518518519 0.6222222222222222 0.06666666666666667 0.0691358024691358
port 0.9222222222222223 0.45555555555555555 0.044444444444444446 0.06666666666666667