nmos 0.6447784810126582 0.4713983050847458 0.04841772151898734 0.04630750605326876
gnd 0.497626582278481 0.5562953995157385 0.03575949367088608 0.025423728813559324
nmos 0.6444620253164557 0.7993341404358354 0.04841772151898734 0.04600484261501211
vdd 0.49794303797468353 0.03238498789346247 0.04841772151898734 0.012106537530266344
pmos 0.6044303797468354 0.6782687651331719 0.04746835443037975 0.04539951573849879
pmos 0.8068037974683544 0.12121670702179177 0.047784810126582276 0.04509685230024213
nmos 0.3522151898734177 0.7990314769975787 0.046202531645569624 0.04600484261501211
nmos 0.39414556962025316 0.3498789346246973 0.04588607594936709 0.04721549636803874
pmos 0.9253164556962026 0.12121670702179177 0.048734177215189876 0.04691283292978208
gnd 0.4941455696202532 0.9827481840193705 0.03512658227848101 0.029661016949152543
nmos 0.47389240506329117 0.9166162227602905 0.047784810126582276 0.04630750605326876
pmos 0.3930379746835443 0.6784200968523002 0.04683544303797468 0.04449152542372881
pmos 0.392879746835443 0.12121670702179177 0.04715189873417722 0.04630750605326876
vdd 0.49825949367088607 0.6057808716707022 0.05031645569620253 0.011198547215496369
nmos 0.3518987341772152 0.47049031476997577 0.04683544303797468 0.04630750605326876
pmos 0.07072784810126582 0.12091404358353511 0.04841772151898734 0.04691283292978208
nmos 0.603006329113924 0.350635593220339 0.04651898734177215 0.04630750605326876
pmos 0.6033227848101266 0.12091404358353511 0.04715189873417722 0.04630750605326876
pmos 0.18908227848101267 0.12106537530266344 0.04651898734177215 0.04539951573849879
port 0.27658227848101263 0.7985774818401937 0.02531645569620253 0.013619854721549637
port 0.39889240506329116 0.9179782082324455 0.019936708860759492 0.015738498789346248
port 0.7212025316455696 0.7981234866828087 0.017721518987341773 0.015738498789346248