resistor2 0.9140625 0.8067846607669616 0.021875 0.061946902654867256
npn 0.39375 0.6371681415929203 0.015625 0.04129793510324484
npn 0.25390625 0.7197640117994101 0.0171875 0.04129793510324484
npn 0.840625 0.30383480825958703 0.015625 0.04129793510324484
npn 0.9078125 0.3864306784660767 0.015625 0.04129793510324484
npn 0.7765625 0.3834808259587021 0.015625 0.04129793510324484
npn 0.64609375 0.4690265486725664 0.0171875 0.04129793510324484
npn 0.58125 0.551622418879056 0.015625 0.04129793510324484
pnp 0.32578125 0.1415929203539823 0.0296875 0.02359882005899705
resistor2 0.6515625 0.05309734513274336 0.046875 0.029498525073746312
resistor2 0.19375 0.5545722713864307 0.046875 0.029498525073746312
resistor2 0.71796875 0.7212389380530974 0.0484375 0.032448377581120944
resistor2 0.5203125 0.6356932153392331 0.046875 0.032448377581120944
port 0.04765625 0.05014749262536873 0.0203125 0.035398230088495575
port 0.04765625 0.1415929203539823 0.0203125 0.035398230088495575
port 0.04609375 0.3023598820058997 0.0203125 0.032448377581120944
port 0.0484375 0.5530973451327433 0.01875 0.032448377581120944
port 0.05 0.7227138643067846 0.01875 0.035398230088495575
port 0.04921875 0.8908554572271387 0.0203125 0.035398230088495575
port 0.45859375 0.9557522123893806 0.0203125 0.035398230088495575
port 0.8046875 0.9601769911504425 0.01875 0.032448377581120944
port 0.9546875 0.8849557522123894 0.01875 0.035398230088495575
port 0.95078125 0.640117994100295 0.0203125 0.035398230088495575
port 0.946875 0.21976401179941002 0.01875 0.032448377581120944
port 0.94765625 0.13716814159292035 0.0203125 0.032448377581120944
capacitor 0.325 0.5530973451327433 0.015625 0.05014749262536873
resistor2 0.5203125 0.21976401179941002 0.021875 0.061946902654867256
resistor2 0.5875 0.21976401179941002 0.021875 0.061946902654867256
resistor2 0.65078125 0.21976401179941002 0.0234375 0.061946902654867256
resistor2 0.7828125 0.22123893805309736 0.021875 0.06489675516224189
resistor2 0.909375 0.3023598820058997 0.021875 0.061946902654867256
resistor2 0.390625 0.22123893805309736 0.021875 0.06489675516224189
resistor2 0.25859375 0.38495575221238937 0.0234375 0.061946902654867256
resistor2 0.128125 0.6386430678466076 0.021875 0.061946902654867256
resistor2 0.259375 0.8067846607669616 0.021875 0.061946902654867256
resistor2 0.38984375 0.8053097345132744 0.0234375 0.06489675516224189
resistor2 0.5859375 0.803834808259587 0.021875 0.061946902654867256
resistor2 0.65234375 0.803834808259587 0.0234375 0.061946902654867256
resistor2 0.78125 0.803834808259587 0.021875 0.061946902654867256
resistor2 0.846875 0.803834808259587 0.021875 0.061946902654867256