resistor 0.773109243697479 0.3462246777163904 0.02100840336134454 0.055248618784530384
port 0.38760504201680673 0.26151012891344383 0.023109243697478993 0.022099447513812154
capacitor 0.44432773109243695 0.8756906077348067 0.04411764705882353 0.016574585635359115
resistor 0.2510504201680672 0.856353591160221 0.023109243697478993 0.055248618784530384
port 0.657563025210084 0.027624309392265192 0.01680672268907563 0.01841620626151013
resistor 0.3865546218487395 0.3812154696132597 0.025210084033613446 0.055248618784530384
cross-line-curved 0.19327731092436976 0.4558011049723757 0.012605042016806723 0.01289134438305709
resistor 0.657563025210084 0.1445672191528545 0.025210084033613446 0.053406998158379376
resistor 0.3865546218487395 0.5340699815837937 0.025210084033613446 0.055248618784530384
capacitor 0.8497899159663865 0.31767955801104975 0.04411764705882353 0.020257826887661142
resistor 0.6565126050420168 0.2992633517495396 0.023109243697478993 0.053406998158379376
capacitor 0.22058823529411764 0.7780847145488029 0.02100840336134454 0.03867403314917127
gnd 0.13130252100840337 0.5165745856353591 0.05672268907563025 0.02394106813996317
gnd 0.49684873949579833 0.6712707182320442 0.05672268907563025 0.027624309392265192
resistor 0.36764705882352944 0.9051565377532228 0.025210084033613446 0.053406998158379376
gnd 0.36554621848739494 0.9898710865561694 0.058823529411764705 0.020257826887661142
npn 0.7626050420168067 0.22007366482504603 0.029411764705882353 0.0423572744014733
capacitor 0.6271008403361344 0.22007366482504603 0.023109243697478993 0.03867403314917127
capacitor 0.5798319327731093 0.5534069981583793 0.046218487394957986 0.020257826887661142
gnd 0.7678571428571429 0.43278084714548803 0.05672268907563025 0.022099447513812154
gnd 0.1334033613445378 0.3812154696132597 0.06092436974789916 0.02578268876611418
npn 0.49264705882352944 0.4567219152854512 0.0273109243697479 0.040515653775322284
port 0.2542016806722689 0.5847145488029466 0.01680672268907563 0.020257826887661142
resistor 0.5031512605042017 0.583793738489871 0.023109243697478993 0.055248618784530384
npn 0.3581932773109244 0.7780847145488029 0.0273109243697479 0.0423572744014733
resistor 0.2510504201680672 0.7025782688766115 0.023109243697478993 0.053406998158379376
capacitor 0.3550420168067227 0.4567219152854512 0.025210084033613446 0.040515653775322284
port 0.5241596638655462 0.9401473296500921 0.07773109243697479 0.06445672191528545
port 0.6638655462184874 0.6206261510128913 0.08403361344537816 0.06261510128913444
port 0.9327731092436975 0.3848987108655617 0.08823529411764706 0.06629834254143646
port 0.051470588235294115 0.46500920810313073 0.0819327731092437 0.06813996316758748
port 0.052521008403361345 0.3305709023941068 0.07563025210084033 0.06445672191528545