port 0.2985714285714286 0.2841726618705036 0.02 0.02446043165467626
resistor2 0.855 0.5316546762589928 0.02142857142857143 0.058992805755395686
port 0.08785714285714286 0.04028776978417266 0.024285714285714285 0.025899280575539568
port 0.925 0.07913669064748201 0.024285714285714285 0.02302158273381295
port 0.9242857142857143 0.47266187050359715 0.022857142857142857 0.02446043165467626
port 0.9078571428571428 0.9374100719424461 0.024285714285714285 0.02158273381294964
port 0.06357142857142857 0.9748201438848921 0.024285714285714285 0.02446043165467626
capacitor 0.46 0.3294964028776978 0.03142857142857143 0.02302158273381295
resistor2 0.5735714285714286 0.29424460431654675 0.055714285714285716 0.02446043165467626
resistor2 0.5764285714285714 0.3856115107913669 0.055714285714285716 0.02302158273381295
resistor2 0.855 0.41223021582733815 0.02142857142857143 0.058992805755395686
resistor2 0.64 0.8697841726618705 0.022857142857142857 0.058992805755395686
resistor2 0.5814285714285714 0.8712230215827338 0.022857142857142857 0.058992805755395686
resistor2 0.32857142857142857 0.8697841726618705 0.022857142857142857 0.058992805755395686
resistor2 0.25214285714285717 0.8697841726618705 0.02142857142857143 0.058992805755395686
resistor2 0.2 0.8712230215827338 0.022857142857142857 0.058992805755395686
resistor2 0.15428571428571428 0.8683453237410071 0.022857142857142857 0.058992805755395686
port 0.29928571428571427 0.8136690647482014 0.024285714285714285 0.02446043165467626
resistor2 0.41 0.4035971223021583 0.022857142857142857 0.058992805755395686
pnp 0.26142857142857145 0.1446043165467626 0.02857142857142857 0.053237410071942444
pnp 0.32 0.14892086330935253 0.02857142857142857 0.053237410071942444
pnp 0.41714285714285715 0.1460431654676259 0.02857142857142857 0.053237410071942444
pnp 0.16642857142857143 0.41223021582733815 0.027142857142857142 0.050359712230215826
pnp 0.24428571428571427 0.4136690647482014 0.025714285714285714 0.050359712230215826
pnp 0.8421428571428572 0.6352517985611511 0.027142857142857142 0.050359712230215826
pnp 0.63 0.14676258992805755 0.02857142857142857 0.051798561151079135
npn 0.8457142857142858 0.2460431654676259 0.02857142857142857 0.05467625899280575
npn 0.7971428571428572 0.3345323741007194 0.02857142857142857 0.053237410071942444
npn 0.6314285714285715 0.3381294964028777 0.02857142857142857 0.05467625899280575
npn 0.26 0.28561151079136693 0.02857142857142857 0.053237410071942444
npn 0.14714285714285713 0.28776978417266186 0.02857142857142857 0.05467625899280575
npn 0.19071428571428573 0.6100719424460431 0.027142857142857142 0.05467625899280575
npn 0.16428571428571428 0.7179856115107913 0.02857142857142857 0.05467625899280575
npn 0.24357142857142858 0.7194244604316546 0.027142857142857142 0.05467625899280575
npn 0.33785714285714286 0.7179856115107913 0.027142857142857142 0.05467625899280575
npn 0.39785714285714285 0.7136690647482015 0.027142857142857142 0.05467625899280575
npn 0.46714285714285714 0.7165467625899281 0.02857142857142857 0.05467625899280575
npn 0.5742857142857143 0.5625899280575539 0.02857142857142857 0.05467625899280575
npn 0.6285714285714286 0.6143884892086331 0.02857142857142857 0.05467625899280575