voltage-lines 0.8588410104011887 0.26121794871794873 0.07429420505200594 0.13141025641025642
port 0.11292719167904904 0.3701923076923077 0.02674591381872214 0.060897435897435896
cross-line-curved 0.3684992570579495 0.6634615384615384 0.029717682020802376 0.04487179487179487
gnd 0.5965824665676077 0.8733974358974359 0.06092124814264487 0.08012820512820513
gnd 0.2013372956909361 0.9375 0.06092124814264487 0.08012820512820513
voltage-lines 0.8595839524517088 0.6650641025641025 0.07280832095096583 0.13141025641025642
gnd 0.9361069836552749 0.5352564102564102 0.06240713224368499 0.07692307692307693
gnd 0.7191679049034175 0.8733974358974359 0.06240713224368499 0.08012820512820513
resistor 0.2786032689450223 0.6714743589743589 0.10549777117384844 0.125
single-end-amp 0.3588410104011887 0.44551282051282054 0.15601783060921248 0.3269230769230769
capacitor 0.20059435364041606 0.7788461538461539 0.07726597325408618 0.08974358974358974
resistor 0.7213967310549777 0.6474358974358975 0.0549777117384844 0.21794871794871795
port 0.7786032689450223 0.44551282051282054 0.02674591381872214 0.057692307692307696
capacitor 0.5950965824665676 0.6506410256410257 0.0787518573551263 0.08974358974358974