diode 0.46440677966101696 0.5693215339233039 0.023728813559322035 0.04129793510324484
port 0.964406779661017 0.5589970501474927 0.04745762711864407 0.032448377581120944
port 0.964406779661017 0.051622418879056046 0.05084745762711865 0.032448377581120944
resistor2 0.6186440677966102 0.8525073746312685 0.01694915254237288 0.06489675516224189
capacitor 0.3847457627118644 0.20648967551622419 0.023728813559322035 0.02359882005899705
resistor2 0.6644067796610169 0.8525073746312685 0.01694915254237288 0.06489675516224189
pnp 0.21101694915254238 0.47640117994100295 0.022033898305084745 0.061946902654867256
capacitor 0.8177966101694916 0.6799410029498525 0.025423728813559324 0.02654867256637168
npn 0.42627118644067796 0.3967551622418879 0.022033898305084745 0.061946902654867256
port 0.04067796610169491 0.6651917404129793 0.05084745762711865 0.038348082595870206
resistor2 0.25 0.18289085545722714 0.015254237288135594 0.06489675516224189
resistor2 0.4652542372881356 0.20943952802359883 0.015254237288135594 0.06489675516224189
resistor2 0.35847457627118645 0.6106194690265486 0.015254237288135594 0.06489675516224189
gnd 0.1271186440677966 0.6991150442477876 0.023728813559322035 0.02359882005899705
resistor2 0.25 0.3185840707964602 0.015254237288135594 0.06489675516224189
npn 0.4559322033898305 0.8451327433628318 0.020338983050847456 0.061946902654867256
capacitor 0.326271186440678 0.5265486725663717 0.022033898305084745 0.032448377581120944
capacitor 0.5686440677966101 0.7463126843657817 0.011864406779661017 0.04129793510324484
diode 0.46440677966101696 0.3554572271386431 0.023728813559322035 0.038348082595870206
nmos 0.4059322033898305 0.6106194690265486 0.01864406779661017 0.06489675516224189
resistor2 0.7406779661016949 0.3702064896755162 0.01694915254237288 0.061946902654867256
resistor2 0.4652542372881356 0.7389380530973452 0.015254237288135594 0.061946902654867256
port 0.04152542372881356 0.4778761061946903 0.04915254237288136 0.035398230088495575
resistor2 0.21864406779661016 0.855457227138643 0.01694915254237288 0.06489675516224189
port 0.964406779661017 0.9056047197640118 0.04745762711864407 0.035398230088495575
capacitor 0.10423728813559321 0.47935103244837757 0.011864406779661017 0.04424778761061947
resistor2 0.12627118644067797 0.6106194690265486 0.015254237288135594 0.06489675516224189
capacitor 0.8177966101694916 0.8436578171091446 0.022033898305084745 0.029498525073746312
port 0.964406779661017 0.4778761061946903 0.05084745762711865 0.035398230088495575
resistor2 0.8957627118644068 0.6637168141592921 0.01864406779661017 0.06489675516224189
resistor2 0.8186440677966101 0.584070796460177 0.01694915254237288 0.06489675516224189
capacitor 0.8177966101694916 0.15781710914454278 0.022033898305084745 0.02654867256637168
resistor2 0.7415254237288136 0.10324483775811209 0.015254237288135594 0.06489675516224189
resistor2 0.46440677966101696 0.10324483775811209 0.01694915254237288 0.06489675516224189
npn 0.7330508474576272 0.7433628318584071 0.022033898305084745 0.06489675516224189
pnp 0.28728813559322036 0.4778761061946903 0.022033898305084745 0.06489675516224189
npn 0.5177966101694915 0.3967551622418879 0.022033898305084745 0.061946902654867256
resistor2 0.6644067796610169 0.10324483775811209 0.01694915254237288 0.06489675516224189
resistor2 0.6186440677966102 0.10324483775811209 0.01694915254237288 0.06489675516224189
resistor2 0.7423728813559322 0.8510324483775811 0.01694915254237288 0.061946902654867256
port 0.9635593220338983 0.21091445427728614 0.05254237288135593 0.038348082595870206
npn 0.6550847457627119 0.7433628318584071 0.022033898305084745 0.058997050147492625
pnp 0.5177966101694915 0.556047197640118 0.022033898305084745 0.061946902654867256
pnp 0.7338983050847457 0.20943952802359883 0.020338983050847456 0.06489675516224189
pnp 0.6101694915254238 0.6902654867256637 0.020338983050847456 0.06489675516224189
resistor2 0.7406779661016949 0.584070796460177 0.01694915254237288 0.06489675516224189
capacitor 0.4186440677966102 0.7876106194690266 0.013559322033898305 0.04129793510324484
resistor2 0.326271186440678 0.6106194690265486 0.015254237288135594 0.06489675516224189
gnd 0.8483050847457627 0.7713864306784661 0.022033898305084745 0.014749262536873156
gnd 0.8940677966101694 0.7713864306784661 0.022033898305084745 0.014749262536873156
resistor2 0.15677966101694915 0.4778761061946903 0.03898305084745763 0.02359882005899705
resistor2 0.3550847457627119 0.4778761061946903 0.03898305084745763 0.02359882005899705
resistor2 0.5711864406779661 0.5589970501474927 0.03728813559322034 0.02654867256637168
resistor2 0.6016949152542372 0.504424778761062 0.03728813559322034 0.02359882005899705
resistor2 0.6025423728813559 0.4498525073746313 0.03898305084745763 0.02654867256637168
resistor2 0.5711864406779661 0.3967551622418879 0.03728813559322034 0.02654867256637168
resistor2 0.4033898305084746 0.31710914454277284 0.01694915254237288 0.06784660766961652
diode 0.5110169491525424 0.30678466076696165 0.025423728813559324 0.04129793510324484
diode 0.12627118644067797 0.30383480825958703 0.025423728813559324 0.04129793510324484
pnp 0.6567796610169492 0.2079646017699115 0.022033898305084745 0.06784660766961652
npn 0.6110169491525423 0.2640117994100295 0.022033898305084745 0.06784660766961652
gnd 0.8177966101694916 0.2359882005899705 0.022033898305084745 0.017699115044247787