gnd 0.312621359223301 0.49451754385964913 0.04271844660194175 0.02412280701754386
resistor 0.42330097087378643 0.3793859649122807 0.019417475728155338 0.04824561403508772
voltage 0.9271844660194175 0.8212719298245614 0.05242718446601942 0.05921052631578947
gnd 0.21941747572815534 0.9364035087719298 0.04271844660194175 0.02631578947368421
single-end-amp 0.5349514563106796 0.29385964912280704 0.08349514563106795 0.09210526315789473
resistor 0.5174757281553398 0.18969298245614036 0.04466019417475728 0.02412280701754386
resistor 0.21844660194174756 0.8234649122807017 0.017475728155339806 0.05043859649122807
resistor 0.5174757281553398 0.4232456140350877 0.040776699029126215 0.021929824561403508
capacitor 0.312621359223301 0.3793859649122807 0.05048543689320388 0.02631578947368421
port 0.929126213592233 0.8881578947368421 0.013592233009708738 0.013157894736842105
resistor 0.21941747572815534 0.6951754385964912 0.015533980582524271 0.04824561403508772
nmos 0.7815533980582524 0.6535087719298246 0.040776699029126215 0.06578947368421052
gnd 0.42524271844660194 0.49451754385964913 0.04660194174757282 0.02412280701754386
resistor 0.6116504854368932 0.6118421052631579 0.019417475728155338 0.04824561403508772
single-end-amp 0.5349514563106796 0.6743421052631579 0.07961165048543689 0.08991228070175439
resistor 0.21941747572815534 0.5679824561403509 0.019417475728155338 0.05263157894736842
diode 0.7980582524271844 0.8201754385964912 0.04660194174757282 0.043859649122807015
resistor 0.6116504854368932 0.12719298245614036 0.019417475728155338 0.04824561403508772
resistor 0.6854368932038835 0.6754385964912281 0.04271844660194175 0.021929824561403508
resistor 0.42330097087378643 0.12719298245614036 0.019417475728155338 0.04824561403508772
port 0.929126213592233 0.7609649122807017 0.013592233009708738 0.013157894736842105