capacitor 0.2013685239491691 0.665282392026578 0.019550342130987292 0.08471760797342193
port 0.4613880742913001 0.19352159468438537 0.015640273704789834 0.02823920265780731
capacitor 0.717008797653959 0.6760797342192691 0.053763440860215055 0.036544850498338874
gnd 0.717008797653959 0.9169435215946844 0.05767350928641251 0.036544850498338874
resistor2 0.46187683284457476 0.4003322259136213 0.030303030303030304 0.11295681063122924
resistor2 0.3866080156402737 0.5274086378737541 0.06744868035190615 0.054817275747508304
gnd 0.46236559139784944 0.9186046511627907 0.056695992179863146 0.036544850498338874
capacitor 0.6290322580645161 0.526578073089701 0.022482893450635387 0.08637873754152824
capacitor 0.3514173998044966 0.3122923588039867 0.020527859237536656 0.08637873754152824
port 0.9472140762463344 0.5274086378737541 0.015640273704789834 0.02823920265780731
capacitor 0.8142717497556208 0.5274086378737541 0.021505376344086023 0.08803986710963455
gnd 0.2653958944281525 0.3911960132890365 0.05767350928641251 0.03820598006644518
npn 0.45112414467253176 0.6677740863787376 0.08504398826979472 0.14285714285714285
antenna 0.0826001955034213 0.4634551495016611 0.08308895405669599 0.11960132890365449