capacitor 0.8207547169811321 0.43133802816901406 0.07169811320754717 0.03169014084507042
resistor2 0.18679245283018867 0.34683098591549294 0.04905660377358491 0.10915492957746478
npn 0.7490566037735849 0.5158450704225352 0.04905660377358491 0.09507042253521127
resistor2 0.18679245283018867 0.7711267605633803 0.04905660377358491 0.11267605633802817
gnd 0.5509433962264151 0.9084507042253521 0.06792452830188679 0.035211267605633804
resistor2 0.8207547169811321 0.6003521126760564 0.04905660377358491 0.10915492957746478
npn 0.5283018867924528 0.5176056338028169 0.06037735849056604 0.09859154929577464
inductor 0.5584905660377358 0.14788732394366197 0.03773584905660377 0.14084507042253522
capacitor 0.03773584905660377 0.6003521126760564 0.06792452830188679 0.03169014084507042
resistor2 0.5490566037735849 0.7711267605633803 0.04905660377358491 0.11267605633802817
capacitor 0.36981132075471695 0.14964788732394366 0.06792452830188679 0.02464788732394366