capacitor 0.08255813953488372 0.678125 0.020930232558139535 0.0625
pmos 0.29767441860465116 0.65 0.06046511627906977 0.11875
resistor2 0.5046511627906977 0.3921875 0.04186046511627907 0.121875
resistor2 0.5058139534883721 0.825 0.044186046511627906 0.125
capacitor 0.4441860465116279 0.40625 0.046511627906976744 0.025
gnd 0.9058139534883721 0.9328125 0.053488372093023255 0.046875
capacitor 0.10465116279069768 0.38125 0.023255813953488372 0.0625
gnd 0.7267441860465116 0.9328125 0.053488372093023255 0.046875
gnd 0.3267441860465116 0.9328125 0.053488372093023255 0.046875
npn 0.5930232558139535 0.5453125 0.07906976744186046 0.171875
resistor2 0.22325581395348837 0.7984375 0.04186046511627907 0.121875
port 0.03488372093023256 0.38125 0.03255813953488372 0.06875
gnd 0.6255813953488372 0.9328125 0.05116279069767442 0.046875
resistor2 0.16395348837209303 0.528125 0.03953488372093023 0.11875
gnd 0.5069767441860465 0.934375 0.05581395348837209 0.04375
port 0.0069767441860465115 0.671875 0.009302325581395349 0.01875
capacitor 0.7255813953488373 0.784375 0.046511627906976744 0.03125
gnd 0.22674418604651161 0.934375 0.053488372093023255 0.04375
resistor2 0.6255813953488372 0.796875 0.04186046511627907 0.125
port 0.8441860465116279 0.6765625 0.08837209302325581 0.059375
inductor 0.32790697674418606 0.1796875 0.04186046511627907 0.146875
npn 0.2988372093023256 0.384375 0.08139534883720931 0.175
port 0.16395348837209303 0.86875 0.04883720930232558 0.13125
voltage-lines 0.9058139534883721 0.5 0.09069767441860466 0.08125
port 0.00813953488372093 0.084375 0.01627906976744186 0.01875