resistor2 0.43363636363636365 0.9665127020785219 0.06 0.04387990762124711
resistor2 0.30363636363636365 0.17436489607390301 0.03272727272727273 0.07621247113163972
npn 0.2909090909090909 0.4399538106235566 0.03636363636363636 0.07621247113163972
inductor 0.7154545454545455 0.5023094688221709 0.03090909090909091 0.14087759815242495
resistor2 0.042727272727272725 0.17436489607390301 0.03090909090909091 0.07621247113163972
voltage 0.9263636363636364 0.33833718244803695 0.06 0.07159353348729793
capacitor 0.6409090909090909 0.8833718244803695 0.03090909090909091 0.025404157043879907
resistor2 0.30272727272727273 0.6720554272517321 0.034545454545454546 0.07852193995381063
current 0.9263636363636364 0.33833718244803695 0.06 0.07159353348729793
resistor2 0.04181818181818182 0.6362586605080831 0.03272727272727273 0.07621247113163972
capacitor 0.5363636363636364 0.6859122401847575 0.03272727272727273 0.023094688221709007
capacitor 0.5363636363636364 0.45381062355658197 0.02909090909090909 0.025404157043879907
port 0.7972727272727272 0.30600461893764436 0.00909090909090909 0.006928406466512702
gnd 0.9027272727272727 0.8325635103926097 0.038181818181818185 0.020785219399538105