resistor2 0.765 0.11092985318107668 0.07 0.04567699836867863
diode 0.1275 0.4184339314845024 0.077 0.08319738988580751
capacitor 0.5435 0.18433931484502447 0.063 0.03915171288743882
gnd 0.833 0.9616639477977161 0.072 0.06035889070146819
gnd 0.6385 0.3205546492659054 0.075 0.06035889070146819
nmos 0.3945 0.2544861337683524 0.049 0.10114192495921696
resistor2 0.829 0.8050570962479608 0.032 0.10277324632952692
port 0.0095 0.5301794453507341 0.013 0.026101141924959218
gnd 0.543 0.3205546492659054 0.078 0.06035889070146819
port 0.9605 0.7169657422512234 0.013 0.024469820554649267
resistor2 0.735 0.433115823817292 0.032 0.10603588907014681
resistor2 0.413 0.4796084828711256 0.036 0.10440456769983687
resistor 0.2885 0.5864600326264274 0.035 0.18433931484502447
resistor2 0.8285 0.25040783034257746 0.035 0.10277324632952692
vdd 0.864 0.06769983686786298 0.04 0.01794453507340946
capacitor 0.6395 0.18433931484502447 0.061 0.03915171288743882
gnd 0.2895 0.8760195758564437 0.073 0.05872756933115824
capacitor 0.927 0.41435562805872755 0.062 0.04241435562805873
gnd 0.9315 0.5505709624796085 0.071 0.057096247960848286
capacitor 0.4155 0.6468189233278956 0.063 0.040783034257748776
npn 0.816 0.5285481239804242 0.042 0.10440456769983687
gnd 0.128 0.8760195758564437 0.074 0.06199021207177814
diode 0.126 0.6892332789559543 0.08 0.0799347471451876