npn 0.5554054054054054 0.6638176638176638 0.14864864864864866 0.15384615384615385
diode 0.654054054054054 0.5726495726495726 0.04864864864864865 0.06267806267806268
gnd 0.581081081081081 0.9615384615384616 0.0918918918918919 0.042735042735042736
diode 0.24054054054054055 0.782051282051282 0.05405405405405406 0.06552706552706553
resistor 0.3216216216216216 0.4287749287749288 0.05405405405405406 0.15669515669515668
port 0.10405405405405406 0.7834757834757835 0.03513513513513514 0.03418803418803419
resistor 0.581081081081081 0.31339031339031337 0.05945945945945946 0.15954415954415954
npn 0.7175675675675676 0.45726495726495725 0.14864864864864866 0.15669515669515668
resistor 0.7418918918918919 0.2792022792022792 0.062162162162162166 0.15954415954415954
port 0.10405405405405406 0.9102564102564102 0.03513513513513514 0.037037037037037035
port 0.10540540540540541 0.6623931623931624 0.032432432432432434 0.03133903133903134
port 0.8689189189189189 0.5740740740740741 0.03513513513513514 0.037037037037037035
diode 0.3878378378378378 0.6638176638176638 0.05675675675675676 0.06267806267806268
resistor 0.45135135135135135 0.7806267806267806 0.05405405405405406 0.15384615384615385
diode 0.24054054054054055 0.6652421652421653 0.05405405405405406 0.06552706552706553
port 0.8675675675675676 0.15669515669515668 0.032432432432432434 0.03418803418803419