npn 0.8538461538461538 0.8037542662116041 0.046153846153846156 0.09215017064846416
pnp 0.5371794871794872 0.7013651877133106 0.04871794871794872 0.08532423208191127
pnp 0.6141025641025641 0.31569965870307165 0.04871794871794872 0.08532423208191127
resistor 0.22564102564102564 0.4863481228668942 0.046153846153846156 0.11262798634812286
resistor 0.3487179487179487 0.48976109215017066 0.08717948717948718 0.06484641638225255
capacitor 0.08205128205128205 0.49658703071672355 0.041025641025641026 0.030716723549488054
resistor 0.6846153846153846 0.189419795221843 0.046153846153846156 0.11945392491467577
resistor 0.8717948717948718 0.189419795221843 0.046153846153846156 0.11262798634812286
resistor 0.6820512820512821 0.8071672354948806 0.041025641025641026 0.11262798634812286
resistor 0.6833333333333333 0.44880546075085326 0.04358974358974359 0.11945392491467577
diode 0.8692307692307693 0.5290102389078498 0.035897435897435895 0.04778156996587031