diode 0.234375 0.6510538641686182 0.04567307692307692 0.03747072599531616
resistor 0.4519230769230769 0.275175644028103 0.038461538461538464 0.08665105386416862
port 0.02403846153846154 0.3629976580796253 0.02403846153846154 0.02810304449648712
diode 0.234375 0.49765807962529274 0.04567307692307692 0.04449648711943794
resistor 0.7091346153846154 0.6487119437939111 0.03365384615384615 0.08430913348946135
resistor 0.4519230769230769 0.8688524590163934 0.03365384615384615 0.08430913348946135
resistor 0.7091346153846154 0.4964871194379391 0.03365384615384615 0.08430913348946135
gnd 0.4483173076923077 0.9672131147540983 0.05048076923076923 0.0234192037470726
port 0.9555288461538461 0.5761124121779859 0.026442307692307692 0.02810304449648712
capacitor 0.11538461538461539 0.36416861826697894 0.02403846153846154 0.04449648711943794
npn 0.6742788461538461 0.3629976580796253 0.15144230769230768 0.14988290398126464
capacitor 0.8341346153846154 0.5749414519906323 0.02403846153846154 0.04449648711943794
gnd 0.703125 0.968384074941452 0.040865384615384616 0.02576112412177986