pmos 0.3656478102189781 0.49930747922437674 0.09717153284671533 0.11588180978762697
resistor 0.09990875912408759 0.8492613111726686 0.010948905109489052 0.039242843951985226
resistor 0.8873175182481752 0.8487996306555863 0.010948905109489052 0.039242843951985226
pmos 0.14393248175182483 0.5694829178208679 0.09717153284671533 0.11588180978762697
pmos 0.8423813868613139 0.5683287165281625 0.09717153284671533 0.11542012927054478
pmos 0.6380018248175182 0.5018467220683287 0.09717153284671533 0.11542012927054478
pmos 0.7223996350364964 0.32825484764542934 0.09717153284671533 0.12188365650969529
pmos 0.2716697080291971 0.3303324099722992 0.09717153284671533 0.11588180978762697
nmos 0.36382299270072993 0.6805170821791321 0.10082116788321167 0.12465373961218837
nmos 0.6368613138686131 0.6768236380424746 0.10036496350364964 0.11819021237303785
nmos 0.13777372262773724 0.7437673130193906 0.10036496350364964 0.11819021237303785
nmos 0.3670164233576642 0.8476454293628809 0.10082116788321167 0.11819021237303785
nmos 0.6416514598540146 0.8476454293628809 0.10082116788321167 0.11819021237303785
nmos 0.8387317518248175 0.7451523545706371 0.10082116788321167 0.11819021237303785
pmos 0.4844890510948905 0.13596491228070176 0.10036496350364964 0.11865189289012004
vdd 0.5264598540145985 0.04224376731301939 0.04105839416058394 0.02077562326869806
port 0.37249087591240876 0.1368882733148661 0.015967153284671534 0.017082179132040628
port 0.8681569343065694 0.3296398891966759 0.017335766423357664 0.014773776546629732
port 0.7582116788321168 0.5710987996306556 0.014598540145985401 0.018467220683287166
port 0.6384580291970803 0.5881809787626963 0.015967153284671534 0.01662049861495845
port 0.5102645985401459 0.46814404432132967 0.01687956204379562 0.018467220683287166
port 0.5093521897810219 0.644506001846722 0.015967153284671534 0.014773776546629732
port 0.2363138686131387 0.5701754385964912 0.016423357664233577 0.01662049861495845
port 0.13458029197080293 0.32779316712834716 0.017335766423357664 0.01662049861495845
port 0.23608576642335766 0.7437673130193906 0.015967153284671534 0.02123730378578024
port 0.7481751824817519 0.7446906740535549 0.01551094890510949 0.018467220683287166
gnd 0.09831204379562043 0.8820406278855032 0.057025547445255474 0.02816251154201293
gnd 0.3218521897810219 0.9757617728531855 0.07527372262773722 0.035549399815327794
gnd 0.884808394160584 0.8820406278855032 0.057025547445255474 0.02816251154201293
gnd 0.6813412408759124 0.9739150507848569 0.07527372262773722 0.035549399815327794