port 0.3088709677419355 0.19398340248962656 0.017741935483870968 0.026970954356846474
vdd 0.19919354838709677 0.5591286307053942 0.06612903225806452 0.03112033195020747
capacitor 0.5516129032258065 0.5176348547717843 0.03225806451612903 0.06431535269709543
vdd 0.6701612903225806 0.09439834024896265 0.06290322580645161 0.03112033195020747
pmos 0.6435483870967742 0.19813278008298754 0.06451612903225806 0.08921161825726141
nmos 0.22258064516129034 0.8049792531120332 0.06774193548387097 0.0912863070539419
gnd 0.19919354838709677 0.9066390041493776 0.04032258064516129 0.05394190871369295
resistor 0.7814516129032258 0.3412863070539419 0.0467741935483871 0.06846473029045644
pmos 0.6443548387096775 0.33713692946058094 0.06612903225806452 0.08921161825726141
nmos 0.6443548387096775 0.6981327800829875 0.06935483870967742 0.08921161825726141
port 0.8653225806451613 0.516597510373444 0.020967741935483872 0.029045643153526972
capacitor 0.4120967741935484 0.1970954356846473 0.03064516129032258 0.06224066390041494
port 0.5870967741935483 0.6950207468879668 0.02258064516129032 0.029045643153526972
nmos 0.6427419354838709 0.8029045643153527 0.07258064516129033 0.0912863070539419
current 0.19919354838709677 0.6514522821576764 0.06612903225806452 0.08298755186721991
port 0.5870967741935483 0.3381742738589212 0.02258064516129032 0.029045643153526972
gnd 0.6701612903225806 0.9056016597510373 0.04032258064516129 0.05186721991701245