resistor 0.43194706994328924 0.24250681198910082 0.035916824196597356 0.11444141689373297
resistor 0.2485822306238185 0.4659400544959128 0.08128544423440454 0.05994550408719346
capacitor 0.6824196597353497 0.8256130790190735 0.052930056710775046 0.04904632152588556
capacitor 0.32892249527410206 0.46321525885558584 0.03780718336483932 0.08174386920980926
voltage 0.18147448015122875 0.5599455040871935 0.06427221172022685 0.1008174386920981
resistor 0.5680529300567108 0.6880108991825613 0.035916824196597356 0.11716621253405994
resistor 0.6833648393194707 0.6893732970027248 0.035916824196597356 0.11989100817438691
gnd 0.7504725897920604 0.5653950953678474 0.034026465028355386 0.04087193460490463
gnd 0.18052930056710775 0.670299727520436 0.03213610586011342 0.043596730245231606
resistor 0.5680529300567108 0.24250681198910082 0.035916824196597356 0.11444141689373297
gnd 0.6833648393194707 0.9250681198910081 0.035916824196597356 0.04087193460490463
resistor 0.7504725897920604 0.44686648501362397 0.03780718336483932 0.11989100817438691
capacitor 0.6710775047258979 0.3446866485013624 0.03780718336483932 0.08446866485013624
resistor 0.43194706994328924 0.6866485013623979 0.035916824196597356 0.11989100817438691
nmos 0.5396975425330813 0.4673024523160763 0.07372400756143667 0.1335149863760218
port 0.8421550094517959 0.3446866485013624 0.013232514177693762 0.01907356948228883