capacitor 0.6387249114521841 0.7159090909090909 0.047225501770956316 0.03074866310160428
nmos 0.5413223140495868 0.4318181818181818 0.06493506493506493 0.0962566844919786
voltage 0.16056670602125148 0.5247326203208557 0.0755608028335301 0.08689839572192513
resistor 0.5684769775678866 0.5681818181818182 0.04132231404958678 0.08823529411764706
resistor 0.5684769775678866 0.23529411764705882 0.04132231404958678 0.08823529411764706
capacitor 0.3293978748524203 0.428475935828877 0.025974025974025976 0.05213903743315508
resistor 0.7933884297520661 0.5962566844919787 0.04014167650531287 0.08823529411764706
resistor 0.4020070838252656 0.27072192513368987 0.04132231404958678 0.08957219251336898
resistor 0.4085005903187721 0.5768716577540107 0.0448642266824085 0.09224598930481283
resistor 0.5661157024793388 0.7252673796791443 0.03896103896103896 0.08689839572192513
capacitor 0.6481700118063755 0.5046791443850267 0.025974025974025976 0.05213903743315508
gnd 0.16233766233766234 0.6510695187165776 0.05785123966942149 0.034759358288770054
gnd 0.793978748524203 0.6985294117647058 0.05785123966942149 0.03609625668449198
resistor 0.24025974025974026 0.4324866310160428 0.07910271546635184 0.04946524064171123
capacitor 0.6428571428571429 0.22727272727272727 0.048406139315230225 0.034759358288770054