resistor 0.42206235011990406 0.5519877675840978 0.047961630695443645 0.11314984709480122
gnd 0.6558752997601919 0.9327217125382263 0.06954436450839328 0.04281345565749235
resistor 0.6558752997601919 0.7675840978593272 0.045563549160671464 0.1162079510703364
resistor 0.8729016786570744 0.7155963302752294 0.047961630695443645 0.1162079510703364
capacitor 0.7733812949640287 0.5688073394495413 0.03117505995203837 0.0672782874617737
voltage 0.12470023980815348 0.6666666666666666 0.08633093525179857 0.11009174311926606
capacitor 0.420863309352518 0.7691131498470948 0.05515587529976019 0.039755351681957186
resistor 0.22661870503597123 0.44648318042813456 0.08872901678657075 0.06116207951070336
capacitor 0.3489208633093525 0.44648318042813456 0.03117505995203837 0.0672782874617737
resistor 0.42326139088729015 0.3119266055045872 0.045563549160671464 0.11009174311926606
pmos 0.6187050359712231 0.44495412844036697 0.08633093525179857 0.11926605504587157
resistor 0.5287769784172662 0.6559633027522935 0.08872901678657075 0.06422018348623854