capacitor 0.811577752553916 0.6406518010291595 0.05221339387060159 0.04288164665523156
port 0.8649262202043133 0.5025728987993139 0.018161180476730987 0.0274442538593482
pmos 0.5732122587968218 0.2169811320754717 0.049943246311010214 0.09433962264150944
gnd 0.1191827468785471 0.967409948542024 0.043132803632236094 0.03773584905660377
gnd 0.8132803632236095 0.7692967409948542 0.04426787741203178 0.036020583190394515
pmos 0.13791146424517595 0.21526586620926244 0.04880817253121453 0.09433962264150944
voltage-lines 0.9040862656072645 0.21526586620926244 0.0510783200908059 0.060034305317324184
nmos 0.7287173666288309 0.7178387650085764 0.049943246311010214 0.09090909090909091
pmos 0.28944381384790013 0.21612349914236706 0.049943246311010214 0.09262435677530018
gnd 0.05618615209988649 0.6543739279588336 0.04199772985244041 0.036020583190394515
gnd 0.3706015891032917 0.6560891938250428 0.04426787741203178 0.036020583190394515
voltage-lines 0.37230419977298523 0.902229845626072 0.049943246311010214 0.06174957118353345
voltage 0.8161180476730987 0.12264150943396226 0.07491486946651532 0.11149228130360206
pmos 0.4534619750283768 0.21612349914236706 0.0510783200908059 0.09262435677530018
nmos 0.19409761634506242 0.7161234991423671 0.049943246311010214 0.09090909090909091
gnd 0.37230419977298523 0.9656946826758147 0.04540295119182747 0.03430531732418525
nmos 0.612372304199773 0.4073756432246998 0.04880817253121453 0.09433962264150944
nmos 0.5720771850170261 0.7144082332761578 0.05221339387060159 0.09433962264150944
voltage-lines 0.11861520998864926 0.7830188679245284 0.0510783200908059 0.060034305317324184
nmos 0.4137343927355278 0.7152658662092625 0.0510783200908059 0.09262435677530018
gnd 0.9052213393870602 0.3241852487135506 0.04426787741203178 0.03773584905660377
pmos 0.7292849035187288 0.313893653516295 0.04880817253121453 0.08919382504288165
nmos 0.329738933030647 0.5445969125214408 0.04880817253121453 0.09433962264150944
nmos 0.09761634506242906 0.5445969125214408 0.049943246311010214 0.09433962264150944
capacitor 0.6725312145289444 0.5025728987993139 0.028376844494892167 0.07890222984562607
vdd 0.3098751418842225 0.120926243567753 0.022701475595913734 0.029159519725557463
vdd 0.5919409761634506 0.1269296740994854 0.02383654937570942 0.0274442538593482
vdd 0.7480136208853575 0.12435677530017153 0.022701475595913734 0.029159519725557463
vdd 0.43473325766174803 0.1269296740994854 0.022701475595913734 0.0274442538593482