port 0.11835443037974684 0.47480106100795755 0.013924050632911392 0.015915119363395226
npn 0.45759493670886076 0.48342175066313 0.07468354430379746 0.16047745358090185
gnd 0.48417721518987344 0.9462864721485411 0.07721518987341772 0.038461538461538464
resistor 0.239873417721519 0.2692307692307692 0.05443037974683544 0.11671087533156499
capacitor 0.5525316455696202 0.3687002652519894 0.03164556962025317 0.07957559681697612
capacitor 0.18670886075949367 0.47413793103448276 0.03164556962025317 0.07824933687002653
resistor 0.8189873417721519 0.4277188328912467 0.05569620253164557 0.11803713527851459
pnp 0.4525316455696203 0.2493368700265252 0.07721518987341772 0.17771883289124668
resistor 0.4835443037974684 0.6982758620689655 0.05569620253164557 0.1206896551724138
gnd 0.8183544303797469 0.7082228116710876 0.07468354430379746 0.03713527851458886
port 0.4791139240506329 0.035145888594164454 0.07468354430379746 0.04907161803713528
resistor 0.23924050632911392 0.6962864721485411 0.05822784810126582 0.11936339522546419
port 0.36265822784810126 0.24204244031830238 0.02911392405063291 0.03050397877984085
capacitor 0.6392405063291139 0.6876657824933687 0.08354430379746836 0.04111405835543767