resistor 0.8818407960199005 0.19246861924686193 0.022388059701492536 0.1087866108786611
resistor 0.7101990049751243 0.5941422594142259 0.022388059701492536 0.1087866108786611
resistor 0.19900497512437812 0.5397489539748954 0.06467661691542288 0.03347280334728033
capacitor 0.6368159203980099 0.1694560669456067 0.04477611940298507 0.04602510460251046
port 0.9203980099502488 0.0502092050209205 0.009950248756218905 0.016736401673640166
port 0.1417910447761194 0.5397489539748954 0.014925373134328358 0.02510460251046025
resistor 0.3283582089552239 0.8368200836820083 0.01990049751243781 0.100418410041841
current 0.7089552238805971 0.17573221757322174 0.05472636815920398 0.09205020920502092
inductor 0.5746268656716418 0.2928870292887029 0.05970149253731343 0.03347280334728033
gnd 0.3271144278606965 0.9707112970711297 0.03233830845771144 0.03347280334728033
resistor 0.5746268656716418 0.2928870292887029 0.05970149253731343 0.03347280334728033
resistor 0.7101990049751243 0.4121338912133891 0.022388059701492536 0.10460251046025104
resistor 0.5012437810945274 0.4393305439330544 0.022388059701492536 0.100418410041841
resistor 0.3283582089552239 0.6548117154811716 0.01990049751243781 0.10460251046025104
inductor 0.19900497512437812 0.5397489539748954 0.06467661691542288 0.03347280334728033
vdd 0.8818407960199005 0.05439330543933055 0.03731343283582089 0.016736401673640166
vdd 0.7089552238805971 0.0502092050209205 0.03482587064676617 0.016736401673640166
gnd 0.7077114427860697 0.7259414225941423 0.03233830845771144 0.029288702928870293
gnd 0.4975124378109453 0.5794979079497908 0.03482587064676617 0.029288702928870293
current 0.3283582089552239 0.4225941422594142 0.05472636815920398 0.09205020920502092
gnd 0.8793532338308457 0.33472803347280333 0.03233830845771144 0.03347280334728033
capacitor 0.2562189054726368 0.41422594142259417 0.04477611940298507 0.04184100418410042