capacitor 0.5893485915492958 0.7087186261558784 0.043133802816901406 0.03038309114927345
port 0.8983274647887324 0.5898282694848085 0.018485915492957746 0.02774108322324967
nmos 0.6690140845070423 0.5 0.08274647887323944 0.178335535006605
port 0.5132042253521126 0.11096433289299867 0.01936619718309859 0.02906208718626156
resistor 0.3274647887323944 0.332892998678996 0.03345070422535211 0.1215323645970938
voltage 0.07570422535211267 0.6380449141347424 0.06514084507042253 0.0977542932628798
capacitor 0.7579225352112676 0.5898282694848085 0.02112676056338028 0.06737120211360634
capacitor 0.2367957746478873 0.5013210039630119 0.022887323943661973 0.06737120211360634
resistor 0.1483274647887324 0.49801849405548215 0.08362676056338028 0.05019815059445178
resistor 0.46875 0.7120211360634082 0.032570422535211266 0.1215323645970938
port 0.590669014084507 0.8963011889035667 0.02112676056338028 0.03038309114927345
resistor 0.3265845070422535 0.6591809775429326 0.035211267605633804 0.12681638044914134
resistor 0.8485915492957746 0.714663143989432 0.03345070422535211 0.12417437252311757
resistor 0.46875 0.2919418758256275 0.032570422535211266 0.12417437252311757
resistor 0.7033450704225352 0.7054161162483488 0.03345070422535211 0.12681638044914134
gnd 0.8477112676056338 0.8441215323645971 0.04753521126760563 0.034346103038309116
gnd 0.0743838028169014 0.7509907529722589 0.04665492957746479 0.03302509907529723
nmos 0.43221830985915494 0.5026420079260238 0.08274647887323944 0.17569352708058125