port 0.8943965517241379 0.8283582089552238 0.021551724137931036 0.024875621890547265
port 0.07650862068965517 0.458955223880597 0.01939655172413793 0.022388059701492536
resistor 0.5258620689655172 0.7027363184079602 0.05603448275862069 0.1517412935323383
resistor 0.3254310344827586 0.6579601990049752 0.05603448275862069 0.15671641791044777
port 0.5678879310344828 0.08955223880597014 0.015086206896551725 0.01990049751243781
port 0.8943965517241379 0.568407960199005 0.017241379310344827 0.022388059701492536
resistor 0.3254310344827586 0.27114427860696516 0.0603448275862069 0.15422885572139303
npn 0.49353448275862066 0.4614427860696517 0.10775862068965517 0.236318407960199
capacitor 0.1939655172413793 0.458955223880597 0.04310344827586207 0.12686567164179105
gnd 0.5247844827586207 0.9092039800995025 0.10991379310344827 0.07213930348258707
capacitor 0.6767241379310345 0.5696517412935324 0.04310344827586207 0.12437810945273632
port 0.28879310344827586 0.08706467661691543 0.021551724137931036 0.024875621890547265
port 0.07543103448275862 0.8308457711442786 0.021551724137931036 0.024875621890547265