resistor 0.8330508474576271 0.6188811188811189 0.04915254237288136 0.1048951048951049
resistor 0.3855932203389831 0.708041958041958 0.05254237288135593 0.1048951048951049
voltage 0.08135593220338982 0.7106643356643356 0.0847457627118644 0.08566433566433566
gnd 0.6 0.9868881118881119 0.03389830508474576 0.026223776223776224
capacitor 0.7279661016949153 0.42132867132867136 0.03220338983050847 0.05944055944055944
resistor 0.3855932203389831 0.3575174825174825 0.04915254237288136 0.10664335664335664
resistor 0.5991525423728814 0.3129370629370629 0.04915254237288136 0.10839160839160839
port 0.9347457627118644 0.4230769230769231 0.022033898305084745 0.024475524475524476
nmos 0.5627118644067797 0.5201048951048951 0.10847457627118644 0.1381118881118881
capacitor 0.17372881355932204 0.5611888111888111 0.03220338983050847 0.055944055944055944
port 0.4906779661016949 0.07604895104895106 0.0288135593220339 0.026223776223776224
resistor 0.5991525423728814 0.7071678321678322 0.04915254237288136 0.10664335664335664