port 0.45292207792207795 0.0970873786407767 0.022727272727272728 0.02330097087378641
capacitor 0.6079545454545454 0.3699029126213592 0.027597402597402596 0.06796116504854369
resistor 0.45454545454545453 0.7504854368932039 0.04220779220779221 0.13009708737864079
gnd 0.16883116883116883 0.7592233009708738 0.06493506493506493 0.03495145631067961
port 0.45292207792207795 0.8825242718446602 0.022727272727272728 0.02524271844660194
resistor 0.4537337662337662 0.2320388349514563 0.040584415584415584 0.12233009708737864
gnd 0.7670454545454546 0.6349514563106796 0.0633116883116883 0.03495145631067961
voltage 0.16964285714285715 0.6407766990291263 0.08603896103896104 0.10485436893203884
capacitor 0.6623376623376623 0.6932038834951456 0.05844155844155844 0.031067961165048542
resistor 0.2832792207792208 0.49902912621359224 0.11201298701298701 0.05436893203883495
gnd 0.6631493506493507 0.7660194174757281 0.0633116883116883 0.036893203883495145
port 0.8693181818181818 0.3699029126213592 0.021103896103896104 0.02524271844660194
npn 0.4237012987012987 0.5029126213592233 0.07792207792207792 0.1553398058252427
resistor 0.7686688311688312 0.4980582524271845 0.04707792207792208 0.13009708737864079