voltage 0.13133333333333333 0.7288961038961039 0.084 0.1038961038961039
port 0.758 0.48295454545454547 0.02 0.027597402597402596
nmos 0.6206666666666667 0.5892857142857143 0.11066666666666666 0.18506493506493507
port 0.5713333333333334 0.1444805194805195 0.025333333333333333 0.025974025974025976
resistor 0.48133333333333334 0.7280844155844156 0.042666666666666665 0.125
gnd 0.66 0.9375 0.06133333333333333 0.037337662337662336
resistor 0.232 0.588474025974026 0.10666666666666667 0.05357142857142857
capacitor 0.36733333333333335 0.5900974025974026 0.028 0.06655844155844155
pmos 0.62 0.5892857142857143 0.10933333333333334 0.18506493506493507
resistor 0.48133333333333334 0.3961038961038961 0.042666666666666665 0.12012987012987013
resistor 0.664 0.349025974025974 0.042666666666666665 0.12337662337662338