capacitor 0.45730337078651684 0.4153225806451613 0.04719101123595506 0.024193548387096774
diode 0.6719101123595506 0.11424731182795698 0.04943820224719101 0.0456989247311828
npn 0.7786516853932585 0.6733870967741935 0.07415730337078652 0.1532258064516129
resistor2 0.5449438202247191 0.6693548387096774 0.08764044943820225 0.04838709677419355
resistor2 0.6719101123595506 0.7526881720430108 0.04044943820224719 0.11290322580645161
resistor2 0.6707865168539325 0.24327956989247312 0.038202247191011236 0.11021505376344086
voltage 0.05056179775280899 0.7271505376344086 0.07865168539325842 0.09408602150537634
resistor2 0.5449438202247191 0.3239247311827957 0.08764044943820225 0.0456989247311828
voltage 0.35842696629213483 0.6344086021505376 0.07865168539325842 0.0967741935483871
capacitor 0.45730337078651684 0.5564516129032258 0.04719101123595506 0.026881720430107527
pnp 0.7797752808988764 0.32526881720430106 0.07191011235955057 0.14516129032258066
voltage 0.04943820224719101 0.239247311827957 0.08089887640449438 0.0967741935483871
diode 0.6707865168539325 0.8790322580645161 0.04719101123595506 0.04838709677419355
gnd 0.9786516853932584 0.7056451612903226 0.04269662921348315 0.03494623655913978
gnd 0.36179775280898874 0.7526881720430108 0.05393258426966292 0.03763440860215054
port 0.10674157303370786 0.5201612903225806 0.051685393258426963 0.03494623655913978
resistor2 0.9808988764044944 0.5900537634408602 0.038202247191011236 0.11021505376344086