capacitor 0.65 0.7466666666666667 0.03333333333333333 0.044444444444444446
resistor 0.39466666666666667 0.29333333333333333 0.032 0.10222222222222223
resistor 0.5553333333333333 0.7466666666666667 0.030666666666666665 0.09333333333333334
npn 0.5346666666666666 0.5055555555555555 0.05333333333333334 0.13555555555555557
gnd 0.49 0.9122222222222223 0.030666666666666665 0.042222222222222223
resistor 0.39466666666666667 0.6933333333333334 0.029333333333333333 0.09777777777777778
capacitor 0.18666666666666668 0.5588888888888889 0.021333333333333333 0.06
resistor 0.5553333333333333 0.23666666666666666 0.030666666666666665 0.1
port 0.6806666666666666 0.3711111111111111 0.012 0.022222222222222223
capacitor 0.8586666666666667 0.42444444444444446 0.04533333333333334 0.044444444444444446
voltage 0.122 0.6911111111111111 0.04933333333333333 0.08888888888888889