capacitor 0.12858966177409062 0.29898403483309144 0.014677728142948309 0.06386066763425254
cross-line-curved 0.41576260370134016 0.14804063860667635 0.012125079770261647 0.020319303338171262
cross-line-curved 0.6566687938736439 0.14876632801161102 0.012763241863433313 0.02177068214804064
pmos 0.6461391193363114 0.37735849056603776 0.02744097000638162 0.07256894049346879
cross-line-curved 0.6566687938736439 0.6378809869375908 0.01148691767708998 0.018867924528301886
nmos 0.3497128270580728 0.7525399129172714 0.025526483726866625 0.07402031930333818
pmos 0.5724313975749841 0.5029027576197388 0.029355456285896617 0.05660377358490566
cross-line-curved 0.5070197830248884 0.6364296081277213 0.010848755583918315 0.018867924528301886
cross-line-curved 0.3608806636885769 0.8243831640058055 0.010848755583918315 0.020319303338171262
nmos 0.47638800255264835 0.6393323657474601 0.02488832163369496 0.07402031930333818
cross-line-curved 0.41576260370134016 0.8236574746008708 0.012125079770261647 0.02177068214804064
pmos 0.38385449904275687 0.30043541364296084 0.02616464582003829 0.07256894049346879
cross-line-curved 0.2013401403956605 0.14658925979680695 0.012125079770261647 0.020319303338171262
pmos 0.1391193363114231 0.22423802612481858 0.025526483726866625 0.07111756168359942
cross-line-curved 0.5976388002552648 0.8251088534107403 0.009572431397574984 0.018867924528301886
nmos 0.4958519463943842 0.4506531204644412 0.025526483726866625 0.07402031930333818
nmos 0.9109763880025527 0.7547169811320755 0.02488832163369496 0.07256894049346879
nmos 0.1391193363114231 0.6748911465892597 0.025526483726866625 0.07256894049346879
nmos 0.1391193363114231 0.8287373004354136 0.026802807913209957 0.07547169811320754
cross-line-curved 0.44001276324186345 0.9375907111756169 0.012125079770261647 0.020319303338171262
nmos 0.49553286534779833 0.8294629898403484 0.02616464582003829 0.07402031930333818
pmos 0.21091257179323547 0.26197387518142234 0.02488832163369496 0.07402031930333818
single-end-amp 0.07626037013401404 0.2227866473149492 0.05679642629227824 0.1262699564586357
pmos 0.3126994256541161 0.3751814223512337 0.026802807913209957 0.07692307692307693
pmos 0.45469049138481177 0.37663280116110304 0.02744097000638162 0.07402031930333818
port 0.03254626675175495 0.19593613933236576 0.01021059349074665 0.023222060957910014
nmos 0.6458200382897256 0.772133526850508 0.024250159540523293 0.07256894049346879
pmos 0.904594767070836 0.14949201741654572 0.02744097000638162 0.07256894049346879
cross-line-curved 0.18059987236758138 0.8236574746008708 0.012763241863433313 0.02177068214804064
cross-line-curved 0.5730695596681558 0.8251088534107403 0.01148691767708998 0.018867924528301886
cross-line-curved 0.5727504786215699 0.6937590711175616 0.010848755583918315 0.020319303338171262
cross-line-curved 0.5737077217613273 0.14804063860667635 0.014039566049776643 0.020319303338171262
nmos 0.9444798978940651 0.8301886792452831 0.025526483726866625 0.07547169811320754
nmos 0.31238034460753034 0.8301886792452831 0.02616464582003829 0.07547169811320754
pmos 0.414167198468411 0.47750362844702465 0.03446075303126994 0.05805515239477504
cross-line-curved 0.7389917038927888 0.6400580551523948 0.01148691767708998 0.020319303338171262
cross-line-curved 0.5730695596681558 0.6364296081277213 0.01148691767708998 0.018867924528301886
pmos 0.7492022973835354 0.3011611030478955 0.026802807913209957 0.07692307692307693
cross-line-curved 0.5733886407147415 0.3751814223512337 0.012125079770261647 0.02177068214804064
pmos 0.24664964901084876 0.262699564586357 0.02616464582003829 0.07547169811320754
cross-line-curved 0.7393107849393746 0.14949201741654572 0.012125079770261647 0.020319303338171262
cross-line-curved 0.46553924696873006 0.14731494920174165 0.013401403956604978 0.02177068214804064
nmos 0.8410976388002552 0.8301886792452831 0.025526483726866625 0.07547169811320754
cross-line-curved 0.39470325462667516 0.14658925979680695 0.012125079770261647 0.020319303338171262
nmos 0.7827058072750479 0.6436865021770682 0.02616464582003829 0.07111756168359942
cross-line-curved 0.6818761965539247 0.8258345428156749 0.010848755583918315 0.01741654571843251
nmos 0.8736439055520102 0.7547169811320755 0.025526483726866625 0.07256894049346879
pmos 0.17294192724952137 0.14731494920174165 0.025526483726866625 0.07692307692307693
cross-line-curved 0.6566687938736439 0.8265602322206096 0.01148691767708998 0.018867924528301886
pmos 0.8535417996171027 0.5667634252539913 0.02744097000638162 0.07402031930333818
cross-line-curved 0.5070197830248884 0.3737300435413643 0.012125079770261647 0.02177068214804064
port 0.032227185705169116 0.2532656023222061 0.009572431397574984 0.02177068214804064
capacitor 0.4489470325462668 0.4506531204644412 0.014677728142948309 0.06531204644412192
nmos 0.7492022973835354 0.8287373004354136 0.025526483726866625 0.07256894049346879
cross-line-curved 0.4645820038289726 0.8251088534107403 0.01021059349074665 0.018867924528301886
cross-line-curved 0.9208679004467135 0.8265602322206096 0.01021059349074665 0.015965166908563134
cross-line-curved 0.8634333120612636 0.6378809869375908 0.012763241863433313 0.018867924528301886
cross-line-curved 0.2581365666879387 0.3722786647314949 0.012125079770261647 0.018867924528301886
nmos 0.2188895979578813 0.8294629898403484 0.026802807913209957 0.07402031930333818
pmos 0.9323548181238035 0.5660377358490566 0.026802807913209957 0.07256894049346879
nmos 0.2686662412252712 0.5638606676342526 0.026802807913209957 0.07692307692307693
nmos 0.7492022973835354 0.8294629898403484 0.025526483726866625 0.07402031930333818
cross-line-curved 0.50765794511806 0.14731494920174165 0.013401403956604978 0.02177068214804064
cross-line-curved 0.5067007019783025 0.5224963715529753 0.01148691767708998 0.01741654571843251
capacitor 0.5309508615188258 0.5261248185776488 0.015315890236119975 0.059506531204644414
cross-line-curved 0.2581365666879387 0.14658925979680695 0.012125079770261647 0.020319303338171262
pmos 0.7833439693682195 0.15021770682148042 0.02616464582003829 0.07402031930333818
cross-line-curved 0.36151882578174854 0.37300435413642963 0.013401403956604978 0.020319303338171262
pmos 0.28462029355456286 0.14949201741654572 0.026802807913209957 0.07547169811320754
nmos 0.6917677089980855 0.7750362844702468 0.025526483726866625 0.06676342525399129
cross-line-curved 0.3229100191448628 0.14658925979680695 0.01148691767708998 0.020319303338171262
nmos 0.18921506062539886 0.5616835994194485 0.02616464582003829 0.07547169811320754
nmos 0.6084875558391831 0.7743105950653121 0.02488832163369496 0.07402031930333818
nmos 0.6455009572431397 0.5123367198838897 0.02616464582003829 0.07256894049346879
pmos 0.35067007019783025 0.15021770682148042 0.02744097000638162 0.07692307692307693
port 0.09253350350989151 0.8287373004354136 0.01021059349074665 0.023222060957910014
cross-line-curved 0.32259093809827694 0.5638606676342526 0.012125079770261647 0.018867924528301886
cross-line-curved 0.36151882578174854 0.5638606676342526 0.012125079770261647 0.018867924528301886
cross-line-curved 0.41576260370134016 0.5624092888243831 0.012125079770261647 0.018867924528301886
cross-line-curved 0.8624760689215061 0.8294629898403484 0.012125079770261647 0.018867924528301886
cross-line-curved 0.7718570516911295 0.8280116110304789 0.012125079770261647 0.018867924528301886
cross-line-curved 0.7718570516911295 0.5624092888243831 0.012125079770261647 0.018867924528301886
cross-line-curved 0.7393107849393746 0.5624092888243831 0.012125079770261647 0.018867924528301886
cross-line-curved 0.6563497128270581 0.5638606676342526 0.012125079770261647 0.018867924528301886
cross-line-curved 0.5976388002552648 0.5638606676342526 0.012125079770261647 0.018867924528301886
cross-line-curved 0.5740268028079132 0.5638606676342526 0.012125079770261647 0.018867924528301886
port 0.9546904913848118 0.14949201741654572 0.01021059349074665 0.023222060957910014
port 0.8755583918315252 0.9811320754716981 0.01021059349074665 0.023222060957910014
vdd 0.8934269304403318 0.08127721335268505 0.008934269304403318 0.020319303338171262
vdd 0.7731333758774729 0.08272859216255443 0.009572431397574984 0.020319303338171262
vdd 0.7396298659859605 0.07982583454281568 0.008934269304403318 0.020319303338171262
vdd 0.6563497128270581 0.0783744557329463 0.009572431397574984 0.020319303338171262
vdd 0.5740268028079132 0.07402031930333818 0.009572431397574984 0.020319303338171262
vdd 0.50765794511806 0.07692307692307693 0.009572431397574984 0.020319303338171262
vdd 0.46553924696873006 0.07547169811320754 0.009572431397574984 0.020319303338171262
vdd 0.4170389278876835 0.0783744557329463 0.009572431397574984 0.020319303338171262
vdd 0.3937460114869177 0.07692307692307693 0.008934269304403318 0.020319303338171262
vdd 0.36151882578174854 0.0783744557329463 0.009572431397574984 0.020319303338171262
vdd 0.3241863433312061 0.07692307692307693 0.008934269304403318 0.020319303338171262
vdd 0.2948308870453095 0.07547169811320754 0.008934269304403318 0.020319303338171262
vdd 0.2587747287811104 0.07474600870827286 0.009572431397574984 0.018867924528301886
vdd 0.20070197830248884 0.07547169811320754 0.009572431397574984 0.020319303338171262
vdd 0.16305041480536056 0.07692307692307693 0.009572431397574984 0.020319303338171262
cross-line-curved 0.18028079132099553 0.9027576197387518 0.013401403956604978 0.023222060957910014
port 0.09317166560306318 0.9042089985486212 0.01021059349074665 0.023222060957910014