gnd 0.8133333333333334 0.9293333333333333 0.07466666666666667 0.04
resistor 0.8133333333333334 0.798 0.032 0.1
gnd 0.45666666666666667 0.5633333333333334 0.07333333333333333 0.044
npn 0.44066666666666665 0.44466666666666665 0.052 0.1
capacitor 0.06666666666666667 0.2613333333333333 0.06666666666666667 0.058666666666666666
pnp 0.796 0.304 0.05333333333333334 0.10133333333333333
gnd 0.066 0.9373333333333334 0.07333333333333333 0.042666666666666665
resistor 0.30866666666666664 0.28733333333333333 0.030666666666666665 0.09466666666666666
inductor 0.894 0.134 0.03333333333333333 0.092
resistor 0.5993333333333334 0.30266666666666664 0.09466666666666666 0.029333333333333333
capacitor 0.6513333333333333 0.6773333333333333 0.04933333333333333 0.072
antenna 0.958 0.04666666666666667 0.04933333333333333 0.050666666666666665