gnd 0.6392572944297082 0.9745508982035929 0.05305039787798409 0.03293413173652695
port 0.7718832891246684 0.7934131736526946 0.021220159151193633 0.023952095808383235
port 0.08753315649867374 0.4086826347305389 0.021220159151193633 0.020958083832335328
npn 0.5265251989389921 0.4865269461077844 0.034482758620689655 0.08083832335329341
resistor2 0.5371352785145889 0.7245508982035929 0.034482758620689655 0.08383233532934131
resistor2 0.3222811671087533 0.25748502994011974 0.034482758620689655 0.08383233532934131
voltage-lines 0.9098143236074271 0.49251497005988026 0.04774535809018567 0.05089820359281437
port 0.10610079575596817 0.8832335329341318 0.021220159151193633 0.023952095808383235
capacitor 0.6432360742705571 0.6137724550898204 0.034482758620689655 0.059880239520958084
port 0.7718832891246684 0.6137724550898204 0.021220159151193633 0.023952095808383235
capacitor 0.20557029177718833 0.40718562874251496 0.034482758620689655 0.05389221556886228
resistor2 0.3222811671087533 0.7305389221556886 0.034482758620689655 0.08383233532934131