npn 0.7565656565656566 0.4669312169312169 0.03434343434343434 0.082010582010582
port 0.5646464646464646 0.13624338624338625 0.022222222222222223 0.03439153439153439
capacitor 0.5222222222222223 0.3835978835978836 0.030303030303030304 0.031746031746031744
current 0.6838383838383838 0.2619047619047619 0.05454545454545454 0.06878306878306878
resistor2 0.804040404040404 0.5277777777777778 0.028282828282828285 0.0873015873015873
current 0.5646464646464646 0.2619047619047619 0.05454545454545454 0.06878306878306878
gnd 0.2737373737373737 0.8981481481481481 0.03838383838383838 0.0291005291005291
gnd 0.7444444444444445 0.8981481481481481 0.03838383838383838 0.0291005291005291
pnp 0.37272727272727274 0.44047619047619047 0.03838383838383838 0.0873015873015873
gnd 0.3595959595959596 0.8981481481481481 0.04040404040404041 0.0291005291005291
gnd 0.5616161616161616 0.8981481481481481 0.04040404040404041 0.0291005291005291
gnd 0.6222222222222222 0.8981481481481481 0.04040404040404041 0.0291005291005291
gnd 0.23333333333333334 0.5529100529100529 0.03838383838383838 0.026455026455026454
gnd 0.6818181818181818 0.8981481481481481 0.03838383838383838 0.0291005291005291
gnd 0.802020202020202 0.8981481481481481 0.04040404040404041 0.0291005291005291
port 0.8494949494949495 0.5912698412698413 0.026262626262626262 0.03439153439153439
current 0.7434343434343434 0.7791005291005291 0.05656565656565657 0.07142857142857142
npn 0.6727272727272727 0.7407407407407407 0.03636363636363636 0.08465608465608465
pnp 0.5535353535353535 0.7407407407407407 0.03636363636363636 0.08465608465608465
gnd 0.4202020202020202 0.5529100529100529 0.03636363636363636 0.026455026455026454
pnp 0.2717171717171717 0.44312169312169314 0.046464646464646465 0.082010582010582
pnp 0.7929292929292929 0.6626984126984127 0.03434343434343434 0.082010582010582
current 0.3191919191919192 0.29365079365079366 0.05656565656565657 0.07407407407407407
npn 0.28585858585858587 0.8082010582010583 0.03838383838383838 0.0873015873015873
npn 0.3484848484848485 0.8055555555555556 0.03838383838383838 0.0873015873015873
resistor2 0.6232323232323232 0.8201058201058201 0.030303030303030304 0.08994708994708994
npn 0.6131313131313131 0.5674603174603174 0.03434343434343434 0.09259259259259259
npn 0.795959595959596 0.36507936507936506 0.04040404040404041 0.08994708994708994
npn 0.7353535353535353 0.3253968253968254 0.04040404040404041 0.08994708994708994
pnp 0.43434343434343436 0.48148148148148145 0.04040404040404041 0.08994708994708994
pnp 0.22525252525252526 0.4801587301587302 0.04242424242424243 0.0873015873015873
port 0.17373737373737375 0.5846560846560847 0.024242424242424242 0.037037037037037035
port 0.17373737373737375 0.48148148148148145 0.024242424242424242 0.037037037037037035