switch 0.8055207026348808 0.195906432748538 0.060225846925972396 0.04483430799220273
capacitor 0.05897114178168131 0.3830409356725146 0.02258469259723965 0.021442495126705652
resistor 0.34190715181932246 0.4161793372319688 0.018820577164366373 0.07602339181286549
antenna 0.05834378920953576 0.20565302144249512 0.026348808030112924 0.04093567251461988
resistor 0.18255959849435383 0.7524366471734892 0.018820577164366373 0.07797270955165692
npn 0.3205771643663739 0.6306042884990254 0.03638644918444166 0.06042884990253411
pnp 0.45420326223337515 0.5584795321637427 0.037641154328732745 0.056530214424951264
resistor 0.34190715181932246 0.7875243664717348 0.018820577164366373 0.07407407407407407
gnd 0.34065244667503136 0.9152046783625731 0.02383939774153074 0.021442495126705652
capacitor 0.24027603513174403 0.4171539961013645 0.013801756587202008 0.03508771929824561
capacitor 0.4203262233375157 0.7865497076023392 0.02258469259723965 0.021442495126705652
resistor 0.4780426599749059 0.3304093567251462 0.015056461731493099 0.07602339181286549
capacitor 0.6687578419071518 0.2953216374269006 0.02258469259723965 0.021442495126705652
gnd 0.4767879548306148 0.6871345029239766 0.02258469259723965 0.021442495126705652
gnd 0.2728983688833124 0.5097465886939572 0.02383939774153074 0.021442495126705652
gnd 0.6913425345043914 0.7056530214424951 0.02258469259723965 0.023391812865497075
capacitor 0.589711417816813 0.29434697855750486 0.020075282308657464 0.01949317738791423
resistor 0.05834378920953576 0.6481481481481481 0.01631116687578419 0.07602339181286549
gnd 0.5903387703889585 0.4044834307992203 0.02132998745294856 0.021442495126705652
capacitor 0.6016311166875784 0.48830409356725146 0.013801756587202008 0.03313840155945419
gnd 0.18318695106649938 0.9152046783625731 0.025094102885821833 0.021442495126705652
nmos 0.1606022584692597 0.5419103313840156 0.04767879548306148 0.07797270955165692
port 0.6919698870765371 0.48830409356725146 0.00878293601003764 0.01364522417153996
port 0.6919698870765371 0.5955165692007798 0.00878293601003764 0.01364522417153996