capacitor 0.198 0.5055147058823529 0.016 0.05514705882352941
port 0.126 0.5036764705882353 0.028 0.03676470588235294
resistor 0.545 0.6746323529411765 0.022 0.09191176470588236
npn 0.903 0.5165441176470589 0.046 0.14338235294117646
npn 0.379 0.5036764705882353 0.046 0.1323529411764706
resistor 0.295 0.6599264705882353 0.022 0.09191176470588236
npn 0.63 0.5183823529411765 0.044 0.1323529411764706
resistor 0.52 0.17647058823529413 0.056 0.051470588235294115
resistor 0.427 0.7022058823529411 0.022 0.10294117647058823
capacitor 0.798 0.27389705882352944 0.016 0.05514705882352941
resistor 0.818 0.6746323529411765 0.024 0.09926470588235294
port 0.867 0.27389705882352944 0.03 0.04044117647058824
port 0.383 0.17463235294117646 0.03 0.04044117647058824
resistor 0.677 0.71875 0.022 0.09926470588235294
resistor 0.951 0.7169117647058824 0.022 0.09558823529411764
capacitor 0.435 0.12316176470588236 0.03 0.025735294117647058
port 0.423 0.8768382352941176 0.014 0.04044117647058824
port 0.946 0.8915441176470589 0.016 0.04044117647058824
port 0.674 0.8915441176470589 0.016 0.04044117647058824
port 0.435 0.03860294117647059 0.022 0.025735294117647058
inductor 0.675 0.25 0.022 0.08088235294117647
inductor 0.647 0.23161764705882354 0.022 0.13970588235294118
port 0.755 0.11029411764705882 0.022 0.029411764705882353