gnd 0.7750809061488673 0.8356521739130435 0.03344120819848975 0.03304347826086956
single-end-amp 0.3581445523193096 0.2808695652173913 0.08629989212513485 0.14782608695652175
capacitor 0.4935275080906149 0.7530434782608696 0.04854368932038835 0.03130434782608696
gnd 0.5970873786407767 0.46 0.03128371089536138 0.036521739130434785
capacitor 0.1483279395900755 0.7521739130434782 0.04854368932038835 0.029565217391304348
single-end-amp 0.6704422869471414 0.6530434782608696 0.08737864077669903 0.14782608695652175
resistor 0.5490830636461704 0.6547826086956522 0.05177993527508091 0.04
single-end-amp 0.3597626752966559 0.6869565217391305 0.08737864077669903 0.15304347826086956
resistor 0.21574973031283712 0.24347826086956523 0.05393743257820928 0.03826086956521739
single-end-amp 0.7114347357065803 0.31565217391304345 0.08737864077669903 0.15478260869565216
gnd 0.14778856526429343 0.8330434782608696 0.032362459546925564 0.03130434782608696
resistor 0.5323624595469255 0.28 0.05285868392664509 0.03826086956521739
resistor 0.7750809061488673 0.5295652173913044 0.022653721682847898 0.08869565217391304
resistor 0.22006472491909385 0.688695652173913 0.05177993527508091 0.03826086956521739
resistor 0.3748651564185545 0.07391304347826087 0.05501618122977346 0.04
port 0.2810140237324703 0.4121739130434783 0.009708737864077669 0.017391304347826087
gnd 0.3635382955771305 0.39565217391304347 0.032362459546925564 0.036521739130434785
capacitor 0.7756202804746494 0.7565217391304347 0.04746494066882417 0.02782608695652174
gnd 0.4935275080906149 0.8347826086956521 0.03344120819848975 0.03130434782608696
capacitor 0.5981661272923409 0.3634782608695652 0.04422869471413161 0.03130434782608696
port 0.3629989212513484 0.19304347826086957 0.005393743257820928 0.010434782608695653
port 0.8613807982740022 0.9113043478260869 0.005393743257820928 0.010434782608695653
port 0.8624595469255664 0.6773913043478261 0.005393743257820928 0.008695652173913044