resistor2 0.33733826247689463 0.5665024630541872 0.04251386321626617 0.12315270935960591
gnd 0.4408502772643253 0.8571428571428571 0.04621072088724584 0.04433497536945813
resistor2 0.43807763401109057 0.6896551724137931 0.04436229205175601 0.12315270935960591
port 0.06377079482439926 0.33620689655172414 0.024029574861367836 0.027093596059113302
resistor2 0.41404805914972276 0.3435960591133005 0.09242144177449169 0.05665024630541872
resistor2 0.32532347504621073 0.20073891625615764 0.09242144177449169 0.06157635467980296
port 0.9048059149722736 0.3854679802955665 0.03512014787430684 0.03694581280788178
resistor2 0.5471349353049908 0.5566502463054187 0.09242144177449169 0.06403940886699508
resistor2 0.24861367837338263 0.5862068965517241 0.04990757855822551 0.12807881773399016
gnd 0.5951940850277264 0.46921182266009853 0.033271719038817 0.03694581280788178
capacitor 0.13955637707948243 0.34236453201970446 0.04251386321626617 0.12807881773399016
single-end-amp 0.6053604436229205 0.3793103448275862 0.16820702402957485 0.1477832512315271
port 0.7245841035120147 0.2019704433497537 0.036968576709796676 0.03940886699507389