nmos 0.7265151515151516 0.56 0.06212121212121212 0.05818181818181818
nmos 0.07121212121212121 0.649090909090909 0.051515151515151514 0.08
pmos 0.21666666666666667 0.3663636363636364 0.05454545454545454 0.07818181818181819
resistor 0.33636363636363636 0.1809090909090909 0.030303030303030304 0.07818181818181819
port 0.7265151515151516 0.3972727272727273 0.016666666666666666 0.023636363636363636
nmos 0.4068181818181818 0.5618181818181818 0.06515151515151515 0.05818181818181818
port 0.5954545454545455 0.07727272727272727 0.01818181818181818 0.02
pmos 0.6174242424242424 0.36363636363636365 0.05606060606060606 0.07636363636363637
nmos 0.5727272727272728 0.6990909090909091 0.05454545454545454 0.07818181818181819
port 0.6666666666666666 0.4954545454545455 0.01818181818181818 0.02
nmos 0.5174242424242425 0.43454545454545457 0.05303030303030303 0.07636363636363637
nmos 0.875 0.7036363636363636 0.05303030303030303 0.08
port 0.9628787878787879 0.5490909090909091 0.016666666666666666 0.02181818181818182
nmos 0.21515151515151515 0.4990909090909091 0.051515151515151514 0.07818181818181819
port 0.4075757575757576 0.3927272727272727 0.01818181818181818 0.02181818181818182
port 0.17575757575757575 0.5490909090909091 0.015151515151515152 0.02181818181818182
nmos 0.6189393939393939 0.4954545454545455 0.05303030303030303 0.07818181818181819
pmos 0.07272727272727272 0.48363636363636364 0.05454545454545454 0.07636363636363637
nmos 0.8174242424242424 0.4390909090909091 0.05303030303030303 0.07454545454545454
nmos 0.3159090909090909 0.4381818181818182 0.05303030303030303 0.07636363636363637
resistor 0.793939393939394 0.18181818181818182 0.030303030303030304 0.07636363636363637
gnd 0.593939393939394 0.8781818181818182 0.01818181818181818 0.02181818181818182
nmos 0.2159090909090909 0.7018181818181818 0.05303030303030303 0.08
nmos 0.9196969696969697 0.4990909090909091 0.051515151515151514 0.07818181818181819
pmos 0.07348484848484849 0.3109090909090909 0.05606060606060606 0.07636363636363637
pmos 0.918939393939394 0.3663636363636364 0.05303030303030303 0.07818181818181819