pmos 0.5201958384332925 0.0900562851782364 0.044063647490820076 0.07879924953095685
resistor 0.5893512851897185 0.5187617260787992 0.028151774785801713 0.07317073170731707
pmos 0.8482252141982864 0.3611632270168856 0.044063647490820076 0.08067542213883677
port 0.9198286413708691 0.5572232645403377 0.03549571603427173 0.0375234521575985
npn 0.05813953488372093 0.4071294559099437 0.030599755201958383 0.06378986866791744
pmos 0.6627906976744186 0.3621013133208255 0.04528763769889841 0.07879924953095685
capacitor 0.5930232558139535 0.6454033771106942 0.03549571603427173 0.0375234521575985
resistor 0.6787025703794369 0.6772983114446529 0.028151774785801713 0.0675422138836773
capacitor 0.13586291309669524 0.6679174484052532 0.03427172582619339 0.0375234521575985
nmos 0.2270501835985312 0.7363977485928705 0.04528763769889841 0.08067542213883677
nmos 0.3671970624235006 0.6904315196998124 0.046511627906976744 0.07879924953095685
pmos 0.7386780905752754 0.3621013133208255 0.042839657282741736 0.07879924953095685
pmos 0.5226438188494492 0.3592870544090056 0.046511627906976744 0.08067542213883677
pmos 0.4057527539779682 0.3611632270168856 0.04528763769889841 0.08067542213883677
pmos 0.2270501835985312 0.5431519699812383 0.04528763769889841 0.08067542213883677
gnd 0.4528763769889841 0.8818011257035647 0.03427172582619339 0.03377110694183865
vdd 0.5397796817625459 0.016885553470919325 0.03427172582619339 0.0225140712945591
port 0.4008567931456548 0.09287054409005628 0.037943696450428395 0.043151969981238276
nmos 0.08812729498164015 0.7363977485928705 0.044063647490820076 0.08067542213883677
pmos 0.08812729498164015 0.5431519699812383 0.044063647490820076 0.08067542213883677
nmos 0.5226438188494492 0.6894934333958724 0.046511627906976744 0.08067542213883677
resistor 0.2423500611995104 0.38367729831144465 0.02937576499388005 0.07317073170731707
nmos 0.8476132190942472 0.7476547842401501 0.04773561811505508 0.08067542213883677
resistor 0.3824969400244798 0.5525328330206379 0.030599755201958383 0.07317073170731707