capacitor 0.8685300207039337 0.35944700460829493 0.060041407867494824 0.041474654377880185
capacitor 0.38923395445134573 0.40898617511520735 0.037267080745341616 0.07603686635944701
capacitor 0.7743271221532091 0.6002304147465438 0.062111801242236024 0.04377880184331797
capacitor 0.35403726708074534 0.8594470046082949 0.033126293995859216 0.06912442396313365
capacitor 0.44616977225672877 0.8571428571428571 0.035196687370600416 0.07373271889400922
resistor 0.4937888198757764 0.22004608294930875 0.039337474120082816 0.06221198156682028
resistor 0.6469979296066253 0.22119815668202766 0.039337474120082816 0.06451612903225806
resistor 0.6490683229813664 0.6002304147465438 0.039337474120082816 0.06221198156682028
gnd 0.2463768115942029 0.9504608294930875 0.045548654244306416 0.03456221198156682
gnd 0.6511387163561076 0.706221198156682 0.047619047619047616 0.03456221198156682
npn 0.6335403726708074 0.40898617511520735 0.07867494824016563 0.09907834101382489
inductor 0.4140786749482402 0.7223502304147466 0.062111801242236024 0.04377880184331797
voltage-lines 0.15320910973084886 0.41935483870967744 0.06625258799171843 0.08294930875576037