resistor 0.5691666666666667 0.24358974358974358 0.041666666666666664 0.1282051282051282
npn 0.7108333333333333 0.658974358974359 0.06833333333333333 0.1794871794871795
gnd 0.7375 0.9743589743589743 0.065 0.05128205128205128
resistor 0.7383333333333333 0.24358974358974358 0.04 0.1282051282051282
gnd 0.43583333333333335 0.9743589743589743 0.065 0.05128205128205128
nmos 0.8808333333333334 0.5038461538461538 0.058333333333333334 0.12564102564102564
gnd 0.905 0.9743589743589743 0.06333333333333334 0.05128205128205128
npn 0.41 0.6576923076923077 0.07 0.18205128205128204
gnd 0.26916666666666667 0.9730769230769231 0.065 0.05384615384615385
resistor 0.2025 0.658974358974359 0.085 0.06666666666666667
resistor 0.2683333333333333 0.8128205128205128 0.04 0.1282051282051282