nmos 0.5833333333333334 0.7462462462462462 0.05333333333333334 0.12912912912912913
resistor 0.48333333333333334 0.25675675675675674 0.03666666666666667 0.12912912912912913
gnd 0.2725 0.96996996996997 0.055 0.06006006006006006
resistor 0.8166666666666667 0.7447447447447447 0.03666666666666667 0.13813813813813813
capacitor 0.9366666666666666 0.7462462462462462 0.07 0.04504504504504504
resistor 0.3641666666666667 0.53003003003003 0.075 0.06306306306306306
gnd 0.8166666666666667 0.9684684684684685 0.056666666666666664 0.057057057057057055
npn 0.25083333333333335 0.6936936936936937 0.06166666666666667 0.1921921921921922
resistor 0.1225 0.6921921921921922 0.075 0.06306306306306306
gnd 0.6041666666666666 0.972972972972973 0.058333333333333334 0.05405405405405406
pmos 0.5833333333333334 0.4219219219219219 0.05 0.12912912912912913