port 0.42592592592592593 0.08669354838709678 0.022222222222222223 0.028225806451612902
resistor 0.4274074074074074 0.2439516129032258 0.028148148148148148 0.08870967741935484
resistor 0.2659259259259259 0.3397177419354839 0.028148148148148148 0.08669354838709678
capacitor 0.7081481481481482 0.657258064516129 0.06518518518518518 0.06048387096774194
resistor 0.6466666666666666 0.8770161290322581 0.057777777777777775 0.04032258064516129
resistor 0.4266666666666667 0.6925403225806451 0.02962962962962963 0.0907258064516129
capacitor 0.15555555555555556 0.5201612903225806 0.035555555555555556 0.10080645161290322
resistor 0.26666666666666666 0.6673387096774194 0.02962962962962963 0.08870967741935484
resistor 0.6125925925925926 0.6421370967741935 0.028148148148148148 0.0907258064516129
port 0.902962962962963 0.3235887096774194 0.01925925925925926 0.034274193548387094
gnd 0.42592592592592593 0.8286290322580645 0.03111111111111111 0.03225806451612903
npn 0.4140740740740741 0.5191532258064516 0.037037037037037035 0.09475806451612903
npn 0.6014814814814815 0.42439516129032256 0.03851851851851852 0.09475806451612903
voltage 0.08962962962962963 0.6502016129032258 0.06074074074074074 0.07862903225806452
resistor 0.6148148148148148 0.24294354838709678 0.02962962962962963 0.0907258064516129