cross-line-curved 0.3305739514348786 0.49310344827586206 0.03421633554083885 0.022988505747126436
capacitor 0.5441501103752759 0.6339080459770114 0.039735099337748346 0.10229885057471265
npn 0.8647902869757175 0.7718390804597701 0.08719646799116998 0.1528735632183908
resistor 0.33002207505518766 0.27011494252873564 0.052980132450331126 0.11264367816091954
diode 0.8990066225165563 0.2028735632183908 0.056291390728476824 0.05862068965517241
resistor 0.8984547461368654 0.36091954022988504 0.05077262693156733 0.1103448275862069
cross-line-curved 0.6799116997792495 0.6304597701149425 0.033112582781456956 0.02413793103448276
npn 0.1456953642384106 0.7701149425287356 0.08830022075055188 0.15402298850574714
diode 0.11092715231788079 0.2028735632183908 0.056291390728476824 0.06091954022988506
capacitor 0.4641280353200883 0.49942528735632186 0.04083885209713024 0.1
resistor 0.11092715231788079 0.3603448275862069 0.04966887417218543 0.10919540229885058
port 0.5049668874172185 0.9597701149425287 0.08057395143487858 0.04367816091954023
resistor 0.6810154525386314 0.2695402298850575 0.052980132450331126 0.11149425287356322