voltage 0.07553956834532374 0.6192411924119241 0.09832134292565947 0.1111111111111111
resistor 0.42565947242206237 0.8062330623306233 0.03117505995203837 0.08401084010840108
resistor 0.42565947242206237 0.45934959349593496 0.03117505995203837 0.07859078590785908
resistor 0.42685851318944845 0.6355013550135501 0.03357314148681055 0.08401084010840108
capacitor 0.7853717026378897 0.5203252032520326 0.026378896882494004 0.05962059620596206
capacitor 0.3057553956834532 0.34823848238482386 0.026378896882494004 0.06233062330623306
pnp 0.6270983213429256 0.7208672086720868 0.0407673860911271 0.08130081300813008
gnd 0.42685851318944845 0.926829268292683 0.047961630695443645 0.02710027100271003
port 0.6414868105515588 0.07317073170731707 0.011990407673860911 0.016260162601626018
npn 0.6282973621103117 0.34688346883468835 0.03836930455635491 0.07588075880758807
gnd 0.645083932853717 0.926829268292683 0.047961630695443645 0.02710027100271003
resistor 0.8836930455635491 0.6097560975609756 0.03117505995203837 0.08130081300813008
gnd 0.07793764988009592 0.7791327913279132 0.050359712230215826 0.02981029810298103
capacitor 0.3057553956834532 0.7195121951219512 0.026378896882494004 0.06233062330623306
resistor 0.42565947242206237 0.21002710027100271 0.03117505995203837 0.07859078590785908
gnd 0.882494004796163 0.7533875338753387 0.047961630695443645 0.02710027100271003