npn 0.42041015625 0.4654947916666667 0.0654296875 0.14192708333333334
current 0.62451171875 0.14127604166666666 0.0693359375 0.09505208333333333
resistor 0.443359375 0.2994791666666667 0.037109375 0.1015625
capacitor 0.65576171875 0.3821614583333333 0.0302734375 0.08984375
resistor 0.2646484375 0.3001302083333333 0.0390625 0.10286458333333333
capacitor 0.08447265625 0.626953125 0.0693359375 0.04296875
capacitor 0.56689453125 0.5416666666666666 0.0283203125 0.09375
current 0.744140625 0.7018229166666666 0.068359375 0.09114583333333333
resistor 0.44287109375 0.6217447916666666 0.0380859375 0.10026041666666667
voltage 0.6240234375 0.14192708333333334 0.068359375 0.09375
resistor 0.26318359375 0.623046875 0.0380859375 0.10026041666666667
resistor 0.86376953125 0.6236979166666666 0.0400390625 0.10677083333333333
voltage 0.74365234375 0.7018229166666666 0.0673828125 0.09114583333333333
resistor 0.68359375 0.5442708333333334 0.080078125 0.0546875
gnd 0.44482421875 0.8287760416666666 0.0595703125 0.040364583333333336
port 0.71826171875 0.140625 0.0361328125 0.078125