gnd 0.7528344671201814 0.7565055762081785 0.031746031746031744 0.03345724907063197
gnd 0.391156462585034 0.9237918215613383 0.034013605442176874 0.03345724907063197
gnd 0.6655328798185941 0.9256505576208178 0.034013605442176874 0.03717472118959108
gnd 0.07142857142857142 0.8977695167286245 0.034013605442176874 0.040892193308550186
capacitor 0.6678004535147393 0.8066914498141264 0.034013605442176874 0.02973977695167286
resistor 0.1598639455782313 0.5483271375464684 0.05215419501133787 0.040892193308550186
capacitor 0.6961451247165533 0.4758364312267658 0.018140589569160998 0.05947955390334572
resistor 0.3900226757369615 0.4033457249070632 0.022675736961451247 0.08550185873605948
resistor 0.5952380952380952 0.28810408921933084 0.024943310657596373 0.08550185873605948
gnd 0.5941043083900227 0.9256505576208178 0.031746031746031744 0.03717472118959108
capacitor 0.9263038548752834 0.5687732342007435 0.02947845804988662 0.02973977695167286
resistor 0.391156462585034 0.6672862453531598 0.024943310657596373 0.08550185873605948
resistor 0.5941043083900227 0.7379182156133829 0.022675736961451247 0.08550185873605948
npn 0.5850340136054422 0.5446096654275093 0.031746031746031744 0.08550185873605948
resistor 0.7528344671201814 0.6431226765799256 0.022675736961451247 0.08178438661710037
voltage 0.07369614512471655 0.7118959107806692 0.047619047619047616 0.07806691449814127
capacitor 0.30498866213151926 0.5483271375464684 0.015873015873015872 0.055762081784386616
gnd 0.9251700680272109 0.9237918215613383 0.036281179138321996 0.040892193308550186