resistor 0.5993071593533488 0.19696969696969696 0.03926096997690531 0.16883116883116883
gnd 0.8775981524249422 0.9458874458874459 0.04157043879907621 0.047619047619047616
resistor 0.8787528868360277 0.7640692640692641 0.03926096997690531 0.16883116883116883
gnd 0.34526558891454967 0.9458874458874459 0.04387990762124711 0.047619047619047616
capacitor 0.22979214780600463 0.5021645021645021 0.016166281755196306 0.07792207792207792
voltage 0.03810623556581986 0.7597402597402597 0.057736720554272515 0.10822510822510822
gnd 0.8775981524249422 0.3268398268398268 0.04157043879907621 0.047619047619047616
voltage 0.34295612009237875 0.7640692640692641 0.057736720554272515 0.10822510822510822
gnd 0.5993071593533488 0.9458874458874459 0.04387990762124711 0.047619047619047616
gnd 0.04041570438799076 0.9458874458874459 0.04387990762124711 0.047619047619047616
capacitor 0.6986143187066974 0.7640692640692641 0.03926096997690531 0.030303030303030304
resistor 0.4561200923787529 0.5043290043290043 0.09006928406466513 0.08225108225108226
resistor 0.10508083140877598 0.5043290043290043 0.09006928406466513 0.08225108225108226
gnd 0.6986143187066974 0.9458874458874459 0.04387990762124711 0.047619047619047616
npn 0.5854503464203233 0.5021645021645021 0.03926096997690531 0.11255411255411256
capacitor 0.7367205542725174 0.4090909090909091 0.018475750577367205 0.0735930735930736
resistor 0.5993071593533488 0.7662337662337663 0.03926096997690531 0.1645021645021645
voltage 0.8764434180138568 0.14285714285714285 0.057736720554272515 0.1038961038961039