capacitor 0.24511930585683298 0.49645390070921985 0.039045553145336226 0.09456264775413711
gnd 0.5368763557483731 0.9314420803782506 0.09327548806941431 0.05673758865248227
voltage 0.0737527114967462 0.6595744680851063 0.0824295010845987 0.09456264775413711
resistor 0.5368763557483731 0.2635933806146572 0.04121475054229935 0.13002364066193853
vdd 0.5357917570498916 0.07565011820330969 0.04772234273318872 0.014184397163120567
resistor 0.5368763557483731 0.7269503546099291 0.0368763557483731 0.1347517730496454
cross-line-curved 0.34273318872017355 0.49527186761229314 0.026030368763557483 0.030732860520094562
capacitor 0.6507592190889371 0.7245862884160756 0.0824295010845987 0.04018912529550828
npn 0.5162689804772235 0.49645390070921985 0.05639913232104121 0.10401891252955082
resistor 0.3438177874186551 0.2624113475177305 0.04121475054229935 0.13238770685579196
resistor 0.3438177874186551 0.7671394799054374 0.04121475054229935 0.1347517730496454
resistor 0.8839479392624728 0.640661938534279 0.04121475054229935 0.14184397163120568
capacitor 0.7093275488069414 0.41134751773049644 0.039045553145336226 0.08983451536643026
gnd 0.07158351409978309 0.9349881796690307 0.09544468546637744 0.0591016548463357
gnd 0.3405639913232104 0.9326241134751773 0.09544468546637744 0.0591016548463357
gnd 0.8806941431670282 0.8096926713947991 0.09544468546637744 0.0591016548463357