capacitor 0.865 0.5351681957186545 0.023333333333333334 0.1345565749235474
capacitor 0.1675 0.4740061162079511 0.025 0.1345565749235474
capacitor 0.765 0.10550458715596331 0.02666666666666667 0.13761467889908258
npn 0.5733333333333334 0.7782874617737003 0.06666666666666667 0.21100917431192662
resistor 0.5991666666666666 0.22935779816513763 0.03833333333333333 0.14678899082568808
resistor 0.4325 0.4740061162079511 0.08833333333333333 0.07951070336391437
port 0.8325 0.17889908256880735 0.06166666666666667 0.06422018348623854
resistor 0.3333333333333333 0.654434250764526 0.04 0.1529051987767584
capacitor 0.1675 0.8409785932721713 0.025 0.1345565749235474
port 0.10083333333333333 0.5428134556574924 0.058333333333333334 0.06422018348623854
gnd 0.6 0.9709480122324159 0.06 0.0581039755351682
port 0.9908333333333333 0.5351681957186545 0.018333333333333333 0.03669724770642202
port 0.009166666666666667 0.8409785932721713 0.018333333333333333 0.03669724770642202
port 0.17416666666666666 0.10703363914373089 0.025 0.03669724770642202