voltage 0.07910271546635184 0.7382352941176471 0.06611570247933884 0.11176470588235295
resistor 0.42916174734356555 0.4137254901960784 0.024793388429752067 0.08235294117647059
resistor 0.6322314049586777 0.24411764705882352 0.02243211334120425 0.08431372549019608
gnd 0.6310507674144038 0.9372549019607843 0.03659976387249114 0.03137254901960784
resistor 0.8630460448642266 0.557843137254902 0.023612750885478158 0.08431372549019608
gnd 0.935064935064935 0.1450980392156863 0.03541912632821724 0.027450980392156862
resistor 0.6322314049586777 0.7509803921568627 0.02243211334120425 0.08235294117647059
capacitor 0.7426210153482881 0.40098039215686276 0.023612750885478158 0.060784313725490195
resistor 0.15879574970484062 0.5196078431372549 0.05076741440377804 0.0392156862745098
resistor 0.4279811097992916 0.6549019607843137 0.024793388429752067 0.08235294117647059
capacitor 0.7886658795749705 0.11274509803921569 0.04014167650531287 0.0803921568627451
capacitor 0.7461629279811098 0.7549019607843137 0.03778040141676505 0.0392156862745098
npn 0.6227863046044865 0.5225490196078432 0.02715466351829988 0.08431372549019608
capacitor 0.28689492325855964 0.5215686274509804 0.023612750885478158 0.06274509803921569
resistor 0.4256198347107438 0.17450980392156862 0.0295159386068477 0.09019607843137255