resistor 0.3333333333333333 0.5060606060606061 0.05090909090909091 0.046464646464646465
npn 0.403030303030303 0.23939393939393938 0.0496969696969697 0.12323232323232323
capacitor 0.7260606060606061 0.21616161616161617 0.041212121212121214 0.04040404040404041
capacitor 0.3327272727272727 0.8939393939393939 0.01818181818181818 0.050505050505050504
resistor 0.5084848484848485 0.5070707070707071 0.052121212121212124 0.048484848484848485
resistor 0.4206060606060606 0.796969696969697 0.02666666666666667 0.08686868686868687
port 0.666060606060606 0.4111111111111111 0.01818181818181818 0.026262626262626262
capacitor 0.4206060606060606 0.6060606060606061 0.02909090909090909 0.03636363636363636
resistor 0.6527272727272727 0.09494949494949495 0.052121212121212124 0.044444444444444446
capacitor 0.5084848484848485 0.8939393939393939 0.020606060606060607 0.050505050505050504
gnd 0.4212121212121212 0.3929292929292929 0.030303030303030304 0.03838383838383838
gnd 0.7272727272727273 0.3696969696969697 0.03151515151515152 0.04040404040404041
gnd 0.4775757575757576 0.7313131313131314 0.03151515151515152 0.04040404040404041