pmos 0.4126559714795009 0.4788617886178862 0.0659536541889483 0.07317073170731707
gnd 0.768270944741533 0.9772357723577236 0.0570409982174688 0.026016260162601626
port 0.6452762923351159 0.47804878048780486 0.024955436720142603 0.022764227642276424
single-end-amp 0.7254901960784313 0.6138211382113821 0.1711229946524064 0.15772357723577235
nmos 0.5837789661319073 0.5552845528455285 0.0659536541889483 0.07317073170731707
pmos 0.5837789661319073 0.3983739837398374 0.0659536541889483 0.07479674796747968
cross-line-curved 0.5570409982174688 0.7463414634146341 0.026737967914438502 0.016260162601626018
pmos 0.8698752228163993 0.4 0.06417112299465241 0.07479674796747968
pmos 0.1889483065953654 0.47804878048780486 0.0677361853832442 0.07479674796747968
port 0.8431372549019608 0.4772357723577236 0.024955436720142603 0.02113821138211382
cross-line-curved 0.30124777183600715 0.31869918699186994 0.024955436720142603 0.016260162601626018
port 0.6417112299465241 0.06422764227642276 0.024955436720142603 0.024390243902439025
port 0.0784313725490196 0.32113821138211385 0.024955436720142603 0.02113821138211382
port 0.7263814616755794 0.14065040650406505 0.023172905525846704 0.024390243902439025
pmos 0.5828877005347594 0.16747967479674797 0.0677361853832442 0.07479674796747968
nmos 0.8698752228163993 0.865040650406504 0.06417112299465241 0.07479674796747968
port 0.0784313725490196 0.47804878048780486 0.024955436720142603 0.022764227642276424
pmos 0.8689839572192514 0.16829268292682928 0.0659536541889483 0.07642276422764227
pmos 0.27450980392156865 0.24471544715447155 0.0677361853832442 0.07317073170731707
single-end-amp 0.7263814616755794 0.33983739837398375 0.1657754010695187 0.14959349593495935
nmos 0.8689839572192514 0.5560975609756098 0.0659536541889483 0.07479674796747968
nmos 0.5303030303030303 0.8658536585365854 0.0659536541889483 0.07317073170731707
port 0.41354723707664887 0.8658536585365854 0.024955436720142603 0.02113821138211382
port 0.16131907308377896 0.24552845528455283 0.026737967914438502 0.022764227642276424