capacitor 0.7048458149779736 0.15029469548133595 0.04698972099853157 0.07662082514734773
capacitor 0.2723935389133627 0.6247544204322201 0.022026431718061675 0.06286836935166994
gnd 0.47430249632892807 0.9410609037328095 0.04405286343612335 0.0275049115913556
npn 0.5367107195301027 0.6247544204322201 0.033773861967694566 0.0825147347740668
capacitor 0.4581497797356828 0.33104125736738704 0.04698972099853157 0.029469548133595286
resistor 0.3707782672540382 0.44695481335952847 0.027900146842878122 0.08055009823182711
resistor 0.3707782672540382 0.7819253438113949 0.027900146842878122 0.0825147347740668
inductor 0.604258443465492 0.325147347740668 0.01908957415565345 0.07269155206286837
capacitor 0.751101321585903 0.5068762278978389 0.022026431718061675 0.05893909626719057
resistor 0.5484581497797357 0.7809430255402751 0.027900146842878122 0.08055009823182711
voltage 0.08663729809104258 0.7190569744597249 0.08223201174743025 0.1100196463654224
gnd 0.8480176211453745 0.22986247544204322 0.042584434654919234 0.0275049115913556
resistor 0.8494860499265786 0.7102161100196464 0.027900146842878122 0.08447937131630648