resistor 0.5166931637519873 0.16862745098039217 0.028616852146263912 0.07450980392156863
npn 0.5047694753577107 0.5147058823529411 0.033386327503974564 0.07647058823529412
gnd 0.5158982511923689 0.9441176470588235 0.04292527821939587 0.025490196078431372
capacitor 0.6502384737678856 0.35980392156862745 0.022257551669316374 0.060784313725490195
capacitor 0.8744038155802861 0.35980392156862745 0.057233704292527825 0.060784313725490195
resistor 0.3370429252782194 0.7931372549019607 0.028616852146263912 0.07647058823529412
gnd 0.8751987281399046 0.9431372549019608 0.04292527821939587 0.027450980392156862
port 0.6947535771065183 0.35980392156862745 0.012718600953895072 0.01764705882352941
resistor 0.5174880763116058 0.792156862745098 0.02702702702702703 0.0784313725490196
capacitor 0.20031796502384738 0.5166666666666667 0.022257551669316374 0.056862745098039215
voltage 0.0834658187599364 0.6029411764705882 0.08108108108108109 0.1
gnd 0.33465818759936405 0.9441176470588235 0.04292527821939587 0.025490196078431372
gnd 0.08426073131955485 0.9431372549019608 0.04451510333863275 0.027450980392156862
resistor 0.3370429252782194 0.2372549019607843 0.028616852146263912 0.07450980392156863