voltage-lines 0.761996161228407 0.18627450980392157 0.0690978886756238 0.054901960784313725
resistor 0.5547024952015355 0.7352941176470589 0.030710172744721688 0.07058823529411765
capacitor 0.2456813819577735 0.48823529411764705 0.026871401151631478 0.054901960784313725
capacitor 0.7312859884836852 0.40098039215686276 0.023032629558541268 0.052941176470588235
resistor 0.5547024952015355 0.30392156862745096 0.030710172744721688 0.07058823529411765
capacitor 0.699616122840691 0.8205882352941176 0.05182341650671785 0.025490196078431372
voltage 0.0892514395393474 0.7225490196078431 0.09021113243761997 0.09215686274509804
gnd 0.763915547024952 0.30098039215686273 0.04990403071017274 0.025490196078431372
npn 0.5412667946257198 0.48823529411764705 0.03838771593090211 0.07450980392156863
resistor 0.32245681381957775 0.30392156862745096 0.030710172744721688 0.07058823529411765
gnd 0.763915547024952 0.9450980392156862 0.04990403071017274 0.023529411764705882
resistor 0.32245681381957775 0.6264705882352941 0.0345489443378119 0.07254901960784314
cross-line-curved 0.32053742802303264 0.4872549019607843 0.019193857965451054 0.021568627450980392
resistor 0.8704414587332053 0.6058823529411764 0.03262955854126679 0.07450980392156863