resistor 0.586552217453505 0.7558823529411764 0.02575107296137339 0.07647058823529412
resistor 0.16452074391988555 0.5666666666666667 0.05722460658082976 0.03529411764705882
capacitor 0.32045779685264664 0.5696078431372549 0.02575107296137339 0.056862745098039215
capacitor 0.7274678111587983 0.7588235294117647 0.04148783977110158 0.03529411764705882
resistor 0.586552217453505 0.31862745098039214 0.02575107296137339 0.07254901960784314
voltage-lines 0.8218884120171673 0.17745098039215687 0.05293276108726753 0.056862745098039215
npn 0.5758226037195995 0.5705882352941176 0.030042918454935622 0.0784313725490196
resistor 0.8869814020028612 0.6892156862745098 0.02575107296137339 0.07647058823529412
resistor 0.42775393419170243 0.3205882352941177 0.02575107296137339 0.07647058823529412
resistor 0.4284692417739628 0.7549019607843137 0.024320457796852647 0.0784313725490196
voltage 0.07868383404864092 0.7205882352941176 0.0715307582260372 0.1
gnd 0.8233190271816881 0.2950980392156863 0.03862660944206009 0.025490196078431372
capacitor 0.7031473533619457 0.46078431372549017 0.01859799713876967 0.054901960784313725
gnd 0.505722460658083 0.946078431372549 0.03862660944206009 0.025490196078431372