voltage 0.08320839580209895 0.707843137254902 0.07946026986506746 0.10196078431372549
capacitor 0.7503748125937032 0.6392156862745098 0.022488755622188907 0.058823529411764705
resistor 0.39655172413793105 0.7215686274509804 0.02848575712143928 0.08235294117647059
resistor 0.5869565217391305 0.7196078431372549 0.02848575712143928 0.0784313725490196
gnd 0.8290854572713643 0.23921568627450981 0.041979010494752625 0.023529411764705882
voltage-lines 0.48200899550224885 0.14215686274509803 0.05847076461769116 0.060784313725490195
gnd 0.8800599700149925 0.9401960784313725 0.041979010494752625 0.029411764705882353
resistor 0.881559220389805 0.7411764705882353 0.029985007496251874 0.08235294117647059
gnd 0.48200899550224885 0.06470588235294118 0.04047976011994003 0.03529411764705882
resistor 0.39655172413793105 0.3784313725490196 0.02848575712143928 0.0784313725490196
capacitor 0.2646176911544228 0.503921568627451 0.022488755622188907 0.058823529411764705
capacitor 0.767616191904048 0.20980392156862746 0.020989505247376312 0.054901960784313725
gnd 0.08320839580209895 0.8970588235294118 0.043478260869565216 0.029411764705882353
npn 0.5764617691154422 0.503921568627451 0.031484257871064465 0.0784313725490196