resistor 0.4920212765957447 0.20454545454545456 0.04521276595744681 0.1409090909090909
gnd 0.09840425531914894 0.6806818181818182 0.05053191489361702 0.04772727272727273
gnd 0.26728723404255317 0.9079545454545455 0.05319148936170213 0.04772727272727273
resistor 0.2666223404255319 0.7477272727272727 0.043882978723404256 0.14545454545454545
gnd 0.9042553191489362 0.6511363636363636 0.047872340425531915 0.04318181818181818
resistor 0.26595744680851063 0.20227272727272727 0.0425531914893617 0.14545454545454545
voltage 0.09773936170212766 0.553409090909091 0.08377659574468085 0.13863636363636364
npn 0.4441489361702128 0.47954545454545455 0.07180851063829788 0.20454545454545456
capacitor 0.17220744680851063 0.38181818181818183 0.0199468085106383 0.08181818181818182
resistor 0.4720744680851064 0.7488636363636364 0.04521276595744681 0.15227272727272728
gnd 0.4734042553191489 0.9079545454545455 0.05319148936170213 0.04772727272727273
capacitor 0.6230053191489362 0.3488636363636364 0.0199468085106383 0.07954545454545454
voltage-lines 0.9055851063829787 0.48863636363636365 0.09042553191489362 0.10454545454545454