voltage-lines 0.714795008912656 0.4033412887828162 0.09269162210338681 0.11455847255369929
pmos 0.3859180035650624 0.7458233890214797 0.09090909090909091 0.15035799522673032
voltage-lines 0.713903743315508 0.6336515513126492 0.0944741532976827 0.1026252983293556
port 0.11497326203208556 0.5083532219570406 0.0338680926916221 0.0477326968973747
voltage-lines 0.30392156862745096 0.6336515513126492 0.0944741532976827 0.10739856801909307
cross-line-curved 0.5071301247771836 0.5059665871121718 0.040998217468805706 0.057279236276849645
nmos 0.3841354723707665 0.2744630071599045 0.09090909090909091 0.14797136038186157
nmos 0.6345811051693404 0.2744630071599045 0.08912655971479501 0.14797136038186157
pmos 0.6327985739750446 0.7458233890214797 0.08912655971479501 0.15035799522673032
voltage-lines 0.30303030303030304 0.4009546539379475 0.09269162210338681 0.10978520286396182
port 0.9028520499108734 0.5095465393794749 0.030303030303030304 0.045346062052505964