resistor 0.17040673211781207 0.46875 0.02664796633941094 0.05921052631578947
resistor 0.2917251051893408 0.8478618421052632 0.028050490883590462 0.05756578947368421
pnp 0.4277699859747546 0.6529605263157895 0.04207573632538569 0.0756578947368421
npn 0.18513323983169705 0.7129934210526315 0.04207573632538569 0.07730263157894737
pnp 0.47755960729312763 0.21792763157894737 0.04067321178120617 0.07401315789473684
resistor 0.4628330995792426 0.05674342105263158 0.028050490883590462 0.05098684210526316
diode 0.6725105189340813 0.6768092105263158 0.029453015427769985 0.027960526315789474
npn 0.4270687237026648 0.4399671052631579 0.04067321178120617 0.07401315789473684
pnp 0.7784011220196353 0.6422697368421053 0.03927068723702665 0.07730263157894737
diode 0.8744740532959326 0.5353618421052632 0.02664796633941094 0.027960526315789474
npn 0.2755960729312763 0.7129934210526315 0.037868162692847124 0.07730263157894737
resistor 0.4424964936886395 0.5164473684210527 0.02664796633941094 0.05592105263157895
capacitor 0.6732117812061711 0.07401315789473684 0.025245441795231416 0.013157894736842105
capacitor 0.3709677419354839 0.5814144736842105 0.02664796633941094 0.014802631578947368
npn 0.7187938288920056 0.3930921052631579 0.04067321178120617 0.0756578947368421
pnp 0.5673211781206171 0.21710526315789475 0.037868162692847124 0.0756578947368421
resistor 0.17110799438990182 0.5756578947368421 0.025245441795231416 0.05921052631578947
resistor 0.3962131837307153 0.7113486842105263 0.04628330995792426 0.03125
resistor 0.7349228611500701 0.837171052631579 0.028050490883590462 0.05592105263157895
resistor 0.2917251051893408 0.5748355263157895 0.025245441795231416 0.054276315789473686
resistor 0.7335203366058906 0.47039473684210525 0.025245441795231416 0.05592105263157895
pnp 0.5280504908835905 0.712171052631579 0.04067321178120617 0.07894736842105263
nmos 0.15427769985974754 0.3347039473684211 0.04207573632538569 0.07730263157894737
resistor 0.5827489481065918 0.05674342105263158 0.02664796633941094 0.05098684210526316
npn 0.2903225806451613 0.37335526315789475 0.07012622720897616 0.05592105263157895
port 0.9747545582047685 0.027960526315789474 0.011220196353436185 0.01644736842105263
port 0.025245441795231416 0.33223684210526316 0.011220196353436185 0.01644736842105263
port 0.9726507713884993 0.9819078947368421 0.012622720897615708 0.01644736842105263