resistor2 0.6268311488049345 0.4719314938154139 0.020046260601387818 0.08943862987630828
resistor2 0.12528912875867387 0.28972407231208375 0.02081727062451812 0.0922930542340628
resistor2 0.20759444872783347 0.8301617507136061 0.018889745566692366 0.09039010466222645
resistor2 0.7041249036237471 0.14509990485252142 0.020431765612952967 0.09419600380589914
capacitor 0.8315343099460293 0.17411988582302568 0.02158828064764842 0.03235014272121789
resistor2 0.1258673862760216 0.8301617507136061 0.020431765612952967 0.09039010466222645
gnd 0.12567463377023902 0.950523311132255 0.023901310717039322 0.02093244529019981
capacitor 0.24325366229760986 0.20742150333016174 0.015420200462606014 0.0532825880114177
npn 0.19660755589822668 0.5209324452901998 0.05397070161912105 0.13035204567078973
resistor2 0.5154202004626061 0.7478591817316841 0.03700848111025443 0.047573739295908656
gnd 0.8328835774865073 0.25689819219790677 0.020431765612952967 0.02093244529019981
resistor2 0.6264456437933693 0.829686013320647 0.020046260601387818 0.09134157944814462
capacitor 0.040092521202775636 0.521883920076118 0.01233616037008481 0.05423406279733587
npn 0.7482652274479569 0.22930542340627974 0.05319969159599075 0.13320647002854424
resistor2 0.37856592135697764 0.7492863939105614 0.036237471087124135 0.048525214081826834
resistor2 0.24209714726291442 0.060894386298763085 0.03855050115651504 0.04376784015223597
gnd 0.6268311488049345 0.950523311132255 0.02467232074016962 0.02093244529019981
resistor2 0.4620277563608327 0.45956232159847765 0.018889745566692366 0.08943862987630828
resistor2 0.2733230531996916 0.7488106565176023 0.03700848111025443 0.049476688867745006
resistor2 0.09309946029298381 0.5209324452901998 0.03662297609868928 0.048525214081826834
npn 0.6929452582883577 0.5994291151284491 0.0528141865844256 0.1313035204567079
gnd 0.9317656129529683 0.9509990485252141 0.02467232074016962 0.021883920076117985
capacitor 0.5936777178103315 0.59895337773549 0.013878180416345412 0.05423406279733587
capacitor 0.3253662297609869 0.7454804947668887 0.01233616037008481 0.05233111322549953
gnd 0.20778720123361605 0.9509990485252141 0.02235929067077872 0.019980970504281638
resistor2 0.7594448727833462 0.8301617507136061 0.01927525057825752 0.09039010466222645
capacitor 0.4419814957594449 0.20884871550903902 0.00963762528912876 0.05233111322549953
capacitor 0.4626060138781804 0.6522359657469077 0.02313030069390902 0.023786869647954328
capacitor 0.7989591364687741 0.33158896289248335 0.014263685427910563 0.05233111322549953
port 0.8982266769468004 0.6198858230256898 0.01156515034695451 0.03330161750713606
port 0.9699306090979183 0.060418648905804 0.01156515034695451 0.03330161750713606
gnd 0.7573245952197378 0.9495718363463368 0.025057825751734774 0.022835394862036156
gnd 0.7033538936006168 0.9495718363463368 0.025057825751734774 0.022835394862036156
resistor2_3 0.44853508095605243 0.7431018078020932 0.03662297609868928 0.049476688867745006
resistor2_3 0.9321511179645335 0.6179828734538535 0.01927525057825752 0.09039010466222645
resistor2_3 0.44699306090979185 0.3306374881065652 0.038936006168080184 0.04471931493815414
port 0.9737856592135697 0.6617507136060894 0.01156515034695451 0.03330161750713606
port 0.3072474942174248 0.8254043767840152 0.01156515034695451 0.03330161750713606
resistor2 0.5148419429452583 0.33158896289248335 0.038936006168080184 0.04471931493815414
gnd 0.27582883577486506 0.20599429115128448 0.013492675404780262 0.056137012369172214
resistor2 0.37875867386276024 0.33539486203615604 0.038936006168080184 0.04471931493815414
port 0.02274479568234387 0.5199809705042816 0.01156515034695451 0.03330161750713606