nmos 0.4243085880640466 0.8492575855390575 0.050946142649199416 0.08069722401549387
pmos 0.5281416787967006 0.355390574564235 0.048034934497816595 0.08069722401549387
gnd 0.859049005337215 0.8870238863783085 0.04512372634643377 0.030987734021949646
port 0.7804463852498787 0.2801807617817947 0.023774866569626393 0.03357004519044545
gnd 0.44347404172731686 0.973531310522918 0.044638524987869965 0.030987734021949646
pmos 0.05361475012130034 0.12427372498386055 0.049005337214944204 0.08198837959974177
port 0.22828723920426977 0.6549386701097483 0.023774866569626393 0.0329244673983215
port 0.891072295002426 0.45319561007101355 0.025715672003881612 0.036152356358941255
pmos 0.6768558951965066 0.3563589412524209 0.048520135856380396 0.08134280180761781
nmos 0.05361475012130034 0.7608134280180762 0.04997573993207181 0.08327953518398967
nmos 0.5880640465793304 0.6546158812136863 0.050460941290635615 0.08263395739186571
cross-line-curved 0.7413876758854925 0.2801807617817947 0.018437651625424552 0.03744351194318916
pmos 0.3651140223192625 0.35442220787604906 0.049005337214944204 0.08134280180761781
gnd 0.03372149442018438 0.8847643641058748 0.043182920912178555 0.030342156229825695
port 0.9274623968947113 0.04970948999354422 0.024745269286754003 0.03357004519044545
nmos 0.839155749636099 0.762104583602324 0.049005337214944204 0.08198837959974177
pmos 0.8389131489568171 0.12524209167204647 0.049490538573508006 0.08134280180761781
pmos 0.21664240659873849 0.35506778566817304 0.050946142649199416 0.08134280180761781
port 0.34788937409024745 0.8499031633311814 0.023289665211062592 0.0329244673983215
nmos 0.3047064531780689 0.6546158812136863 0.049490538573508006 0.08263395739186571
port 0.13148956817079088 0.35668173014848287 0.023289665211062592 0.0342156229825694
port 0.6676370693837943 0.6552614590058102 0.024260067928190198 0.03357004519044545