nmos 0.31895633652822153 0.4026687598116169 0.043663471778487756 0.08320251177394035
cross-line-curved 0.7971246006389776 0.6821036106750392 0.01597444089456869 0.01726844583987441
port 0.03514376996805112 0.533751962323391 0.01703940362087327 0.02511773940345369
cross-line-curved 0.6347177848775293 0.6821036106750392 0.01703940362087327 0.01726844583987441
nmos 0.211395101171459 0.7299843014128728 0.04579339723109691 0.0847723704866562
resistor 0.19116080937167199 0.6161695447409733 0.03514376996805112 0.09576138147566719
pmos 0.4382321618743344 0.14050235478806908 0.043663471778487756 0.08320251177394035
cross-line-curved 0.45740149094781685 0.33202511773940346 0.01597444089456869 0.01726844583987441
pmos 0.8812566560170394 0.46703296703296704 0.043663471778487756 0.08320251177394035
cross-line-curved 0.6357827476038339 0.24646781789638933 0.01703940362087327 0.018838304552590265
nmos 0.3194888178913738 0.7731554160125589 0.04472843450479233 0.08320251177394035
cross-line-curved 0.3391906283280085 0.33359497645211933 0.01597444089456869 0.01726844583987441
cross-line-curved 0.19169329073482427 0.13736263736263737 0.01703940362087327 0.02040816326530612
cross-line-curved 0.33865814696485624 0.8783359497645212 0.01703940362087327 0.01726844583987441
cross-line-curved 0.3391906283280085 0.13657770800627944 0.01810436634717785 0.018838304552590265
port 0.7092651757188498 0.4026687598116169 0.01703940362087327 0.026687598116169546
cross-line-curved 0.7981895633652822 0.13736263736263737 0.01810436634717785 0.02040816326530612
port 0.26464323748668794 0.7731554160125589 0.01597444089456869 0.026687598116169546
cross-line-curved 0.6347177848775293 0.13736263736263737 0.01703940362087327 0.01726844583987441
pmos 0.5346112886048988 0.14050235478806908 0.04472843450479233 0.08320251177394035
nmos 0.4382321618743344 0.8830455259026687 0.043663471778487756 0.08634222919937205
cross-line-curved 0.6352502662406816 0.8791208791208791 0.01810436634717785 0.018838304552590265
pmos 0.5356762513312034 0.5769230769230769 0.04472843450479233 0.08320251177394035
cross-line-curved 0.516506922257721 0.3328100470957614 0.014909478168264111 0.015698587127158554
cross-line-curved 0.4579339723109691 0.24646781789638933 0.01703940362087327 0.018838304552590265
cross-line-curved 0.19169329073482427 0.33359497645211933 0.01703940362087327 0.01726844583987441
nmos 0.6538871139510117 0.40188383045525905 0.04472843450479233 0.0847723704866562
pmos 0.09158679446219382 0.336734693877551 0.04472843450479233 0.08320251177394035
nmos 0.09158679446219382 0.598116169544741 0.04472843450479233 0.08791208791208792
nmos 0.5346112886048988 0.8822605965463108 0.042598509052183174 0.0847723704866562
cross-line-curved 0.516506922257721 0.7708006279434851 0.014909478168264111 0.015698587127158554
cross-line-curved 0.5170394036208733 0.24646781789638933 0.01810436634717785 0.018838304552590265
pmos 0.7779552715654952 0.336734693877551 0.043663471778487756 0.08320251177394035
pmos 0.09158679446219382 0.13971742543171115 0.04472843450479233 0.0847723704866562
cross-line-curved 0.45740149094781685 0.7708006279434851 0.01597444089456869 0.015698587127158554
cross-line-curved 0.6352502662406816 0.33359497645211933 0.01597444089456869 0.01726844583987441
nmos 0.43769968051118213 0.40345368916797486 0.042598509052183174 0.0847723704866562
cross-line-curved 0.7976570820021299 0.8783359497645212 0.01703940362087327 0.01726844583987441
pmos 0.8152289669861554 0.24960753532182103 0.04579339723109691 0.0847723704866562
nmos 0.17252396166134185 0.8171114599686028 0.042598509052183174 0.08320251177394035
vdd 0.516506922257721 0.07692307692307693 0.023429179978700747 0.015698587127158554
cross-line-curved 0.5159744408945687 0.6821036106750392 0.01597444089456869 0.01726844583987441
nmos 0.777422790202343 0.7747252747252747 0.042598509052183174 0.08320251177394035
port 0.26464323748668794 0.4026687598116169 0.01597444089456869 0.026687598116169546
pmos 0.20979765708200213 0.24960753532182103 0.04472843450479233 0.08163265306122448
pmos 0.35782747603833864 0.5769230769230769 0.04472843450479233 0.08320251177394035
cross-line-curved 0.3391906283280085 0.6821036106750392 0.01597444089456869 0.01726844583987441
pmos 0.4371671991480298 0.5777080062794349 0.043663471778487756 0.08163265306122448
nmos 0.09052183173588925 0.8830455259026687 0.04472843450479233 0.08634222919937205
port 0.9382321618743344 0.5345368916797488 0.01703940362087327 0.026687598116169546
pmos 0.6155484558040468 0.5769230769230769 0.04472843450479233 0.08320251177394035
nmos 0.8817891373801917 0.8838304552590267 0.04472843450479233 0.0847723704866562
cross-line-curved 0.45740149094781685 0.6821036106750392 0.01597444089456869 0.01726844583987441
pmos 0.882321618743344 0.14050235478806908 0.04579339723109691 0.08320251177394035
cross-line-curved 0.3391906283280085 0.24646781789638933 0.01810436634717785 0.018838304552590265
resistor 0.7971246006389776 0.4489795918367347 0.03514376996805112 0.09419152276295134
nmos 0.6160809371671991 0.7755102040816326 0.043663471778487756 0.0847723704866562
nmos 0.8817891373801917 0.6860282574568289 0.04472843450479233 0.0847723704866562
nmos 0.5351437699680511 0.40345368916797486 0.043663471778487756 0.0847723704866562
cross-line-curved 0.19116080937167199 0.8783359497645212 0.01597444089456869 0.01726844583987441
vdd 0.33706070287539935 0.076138147566719 0.024494142705005325 0.01726844583987441
vdd 0.45633652822151227 0.076138147566719 0.024494142705005325 0.01726844583987441
vdd 0.6363152289669861 0.07927786499215071 0.024494142705005325 0.01726844583987441
vdd 0.7971246006389776 0.076138147566719 0.024494142705005325 0.01726844583987441
vdd 0.19222577209797656 0.07456828885400314 0.024494142705005325 0.01726844583987441
cross-line-curved 0.4845580404685836 0.48744113029827313 0.021299254526091587 0.026687598116169546