pmos 0.24616695059625213 0.4818965517241379 0.06984667802385008 0.07758620689655173
port 0.8850085178875639 0.07241379310344828 0.01192504258943782 0.013793103448275862
nmos 0.2972742759795571 0.8068965517241379 0.06303236797274275 0.07586206896551724
gnd 0.9122657580919932 0.6827586206896552 0.04599659284497445 0.02413793103448276
pmos 0.6533219761499148 0.4836206896551724 0.06303236797274275 0.07758620689655173
nmos 0.8185689948892675 0.8060344827586207 0.06303236797274275 0.0706896551724138
port 0.022146507666098807 0.9336206896551724 0.027257240204429302 0.01896551724137931
pmos 0.08943781942078365 0.18275862068965518 0.059625212947189095 0.07586206896551724
capacitor 0.7325383304940375 0.6043103448275862 0.027257240204429302 0.0603448275862069
pmos 0.424190800681431 0.18275862068965518 0.06473594548551959 0.07586206896551724
port 0.9122657580919932 0.631896551724138 0.018739352640545145 0.01896551724137931
port 0.8858603066439523 0.9301724137931034 0.020442930153321975 0.022413793103448276
port 0.10647359454855196 0.3336206896551724 0.018739352640545145 0.015517241379310345
current 0.06132879045996593 0.5991379310344828 0.05792163543441227 0.056896551724137934
port 0.022146507666098807 0.07241379310344828 0.017035775127768313 0.020689655172413793
pmos 0.8168654173764907 0.18189655172413793 0.06643952299829642 0.07758620689655173
port 0.10647359454855196 0.4836206896551724 0.018739352640545145 0.01896551724137931
port 0.9122657580919932 0.5474137931034483 0.018739352640545145 0.01896551724137931
nmos 0.6039182282793867 0.8068965517241379 0.06643952299829642 0.07241379310344828
cross-line-curved 0.4565587734241908 0.2637931034482759 0.05110732538330494 0.034482758620689655
cross-line-curved 0.4463373083475298 0.33275862068965517 0.05110732538330494 0.034482758620689655