nmos 0.4824986537425956 0.851223362273086 0.053850296176628974 0.1270718232044199
nmos 0.8166397415185783 0.5078926598263614 0.05331179321486268 0.13180741910023677
pmos 0.8169089929994615 0.3149171270718232 0.05492730210016155 0.12628255722178375
pmos 0.6087775982767906 0.31531176006314127 0.05438879913839526 0.1270718232044199
port 0.8120624663435649 0.8022888713496449 0.014001077005923533 0.018153117600631413
switch 0.06273559504577275 0.7162588792423047 0.02207862143241788 0.05130228887134965
switch 0.9410339256865913 0.7150749802683505 0.0210016155088853 0.050513022888713496
nmos 0.18874528809908456 0.5090765588003157 0.05438879913839526 0.13101815311760062
port 0.26386645126548197 0.4080505130228887 0.01830910070005385 0.028413575374901343
port 0.4299946149703823 0.8516179952644041 0.01992460958535272 0.03314917127071823
pmos 0.35864297253634897 0.14759273875295975 0.05600430802369413 0.12628255722178375
switch 0.06246634356488961 0.510655090765588 0.021540118470651588 0.050513022888713496
gnd 0.5064620355411955 0.9700078926598263 0.03715670436187399 0.04419889502762431
port 0.7425955842757135 0.4084451460142068 0.01830910070005385 0.02920284135753749
nmos 0.35837372105546583 0.664561957379637 0.05438879913839526 0.13101815311760062
pmos 0.1884760366182014 0.31531176006314127 0.053850296176628974 0.1286503551696922
switch 0.9413031771674745 0.511049723756906 0.02046311254711901 0.04814522494080505
port 0.4781906300484653 0.4116022099447514 0.01830910070005385 0.027624309392265192
pmos 0.40414647280560045 0.31531176006314127 0.05438879913839526 0.1286503551696922
capacitor 0.8120624663435649 0.7044198895027625 0.026925148088314487 0.027624309392265192
nmos 0.6090468497576736 0.5074980268350434 0.053850296176628974 0.12943962115232832
capacitor 0.19143780290791598 0.7056037884767167 0.028540656973613354 0.028413575374901343
nmos 0.6540118470651589 0.664561957379637 0.05438879913839526 0.12943962115232832
nmos 0.40468497576736673 0.5082872928176796 0.05331179321486268 0.13101815311760062
pmos 0.6548196015078083 0.1468034727703236 0.053850296176628974 0.12786108918705605
port 0.535271943995692 0.4116022099447514 0.01830910070005385 0.027624309392265192
port 0.19143780290791598 0.8038674033149171 0.014539579967689823 0.021310181531176007
vdd 0.5064620355411955 0.02249408050513023 0.041464728056004305 0.027624309392265192