gnd 0.5743707093821511 0.647887323943662 0.05491990846681922 0.02414486921529175
resistor 0.30549199084668194 0.8219315895372233 0.034324942791762014 0.07042253521126761
resistor 0.2540045766590389 0.1841046277665996 0.036613272311212815 0.07042253521126761
diode 0.4061784897025172 0.3008048289738431 0.04805491990846682 0.04627766599597585
resistor 0.16704805491990846 0.5975855130784709 0.08695652173913043 0.03219315895372234
port 0.2528604118993135 0.047283702213279676 0.016018306636155607 0.014084507042253521
diode 0.4073226544622426 0.4074446680080483 0.04576659038901602 0.04627766599597585
single-end-amp 0.7208237986270023 0.5362173038229376 0.16475972540045766 0.13883299798792756
port 0.9679633867276888 0.53420523138833 0.018306636155606407 0.014084507042253521
resistor 0.3146453089244851 0.4939637826961771 0.08009153318077804 0.030181086519114688
diode 0.39359267734553777 0.7072434607645876 0.04576659038901602 0.05030181086519115
diode 0.39244851258581237 0.6006036217303823 0.04805491990846682 0.05030181086519115
resistor 0.2551487414187643 0.8219315895372233 0.034324942791762014 0.07042253521126761
resistor 0.16933638443935928 0.7052313883299799 0.08695652173913043 0.03420523138832998
port 0.030892448512585814 0.49295774647887325 0.016018306636155607 0.01609657947686117
resistor 0.16933638443935928 0.30181086519114686 0.08695652173913043 0.03219315895372234
resistor 0.30549199084668194 0.1841046277665996 0.034324942791762014 0.07042253521126761
resistor 0.16819221967963388 0.40643863179074446 0.08924485125858124 0.03219315895372234
resistor 0.7105263157894737 0.40945674044265595 0.09382151029748284 0.03420523138832998
port 0.2551487414187643 0.959758551307847 0.020594965675057208 0.01609657947686117