gnd 0.5026086956521739 0.8787878787878788 0.059130434782608696 0.06734006734006734
resistor 0.4617391304347826 0.6464646464646465 0.04695652173913043 0.18181818181818182
current 0.7104347826086956 0.6447811447811448 0.09565217391304348 0.18518518518518517
current 0.2965217391304348 0.6447811447811448 0.09565217391304348 0.18518518518518517
port 0.8452173913043478 0.48653198653198654 0.02434782608695652 0.050505050505050504
current 0.7104347826086956 0.32491582491582494 0.09217391304347826 0.23905723905723905
port 0.1617391304347826 0.48653198653198654 0.02434782608695652 0.050505050505050504
resistor 0.5452173913043479 0.6464646464646465 0.050434782608695654 0.18181818181818182
resistor 0.5443478260869565 0.32323232323232326 0.04869565217391304 0.18181818181818182
resistor 0.4617391304347826 0.32491582491582494 0.050434782608695654 0.17845117845117844
port 0.5017391304347826 0.10437710437710437 0.022608695652173914 0.04713804713804714
current 0.2956521739130435 0.3265993265993266 0.09391304347826086 0.2356902356902357