cross-line-curved 0.43798828125 0.6985677083333334 0.0146484375 0.024739583333333332
npn 0.8525390625 0.6647135416666666 0.05078125 0.11328125
current 0.16943359375 0.6015625 0.0537109375 0.0703125
resistor 0.87109375 0.150390625 0.03125 0.08203125
resistor 0.87109375 0.7955729166666666 0.029296875 0.08072916666666667
resistor 0.291015625 0.7962239583333334 0.029296875 0.07942708333333333
cross-line-curved 0.55615234375 0.18033854166666666 0.0185546875 0.01953125
resistor 0.67724609375 0.2799479166666667 0.0615234375 0.041666666666666664
resistor 0.29150390625 0.4407552083333333 0.0283203125 0.08203125
gnd 0.72705078125 0.4791666666666667 0.0458984375 0.036458333333333336
capacitor 0.7998046875 0.4088541666666667 0.021484375 0.07291666666666667
cross-line-curved 0.39013671875 0.6985677083333334 0.0146484375 0.024739583333333332
cross-line-curved 0.41455078125 0.376953125 0.0146484375 0.024739583333333332
cross-line-curved 0.5595703125 0.7955729166666666 0.01171875 0.0234375
cross-line-curved 0.41455078125 0.3118489583333333 0.0126953125 0.024739583333333332
resistor 0.291015625 0.18294270833333334 0.03125 0.08203125
current 0.16943359375 0.3444010416666667 0.0556640625 0.07161458333333333
single-end-amp 0.55224609375 0.666015625 0.1318359375 0.17057291666666666
pnp 0.85205078125 0.2819010416666667 0.0498046875 0.11067708333333333
single-end-amp 0.55419921875 0.2805989583333333 0.1357421875 0.17057291666666666
port 0.07373046875 0.54296875 0.0458984375 0.036458333333333336