npn 0.30346820809248554 0.5379241516966068 0.031791907514450865 0.07385229540918163
npn 0.7182080924855492 0.3223552894211577 0.031791907514450865 0.07385229540918163
npn 0.21242774566473988 0.24850299401197604 0.031791907514450865 0.07385229540918163
npn 0.3041907514450867 0.6826347305389222 0.033236994219653176 0.07584830339321358
gnd 0.8005780346820809 0.6137724550898204 0.031791907514450865 0.02594810379241517
npn 0.5628612716763006 0.32435129740518964 0.033236994219653176 0.07385229540918163
resistor 0.8164739884393064 0.35429141716566864 0.03757225433526012 0.021956087824351298
npn 0.21315028901734104 0.5419161676646707 0.033236994219653176 0.07784431137724551
gnd 0.8540462427745664 0.4500998003992016 0.02601156069364162 0.02594810379241517
resistor 0.22687861271676302 0.7734530938123753 0.017341040462427744 0.05389221556886228
port 0.40101156069364163 0.5419161676646707 0.015895953757225433 0.021956087824351298
resistor 0.6596820809248555 0.11776447105788423 0.015895953757225433 0.05189620758483034
gnd 0.2579479768786127 0.23952095808383234 0.02745664739884393 0.023952095808383235
npn 0.5173410404624278 0.5399201596806387 0.03468208092485549 0.08183632734530938
single-input-single-end-amp 0.8265895953757225 0.23852295409181637 0.07225433526011561 0.10978043912175649
resistor 0.29335260115606937 0.7714570858283433 0.017341040462427744 0.05389221556886228
npn 0.2138728323699422 0.6826347305389222 0.031791907514450865 0.07984031936127745
npn 0.6972543352601156 0.5399201596806387 0.030346820809248554 0.06986027944111776
npn 0.6517341040462428 0.32335329341317365 0.028901734104046242 0.0718562874251497
port 0.09754335260115607 0.5429141716566867 0.015895953757225433 0.01996007984031936
resistor 0.528179190751445 0.7704590818363274 0.015895953757225433 0.05588822355289421
npn 0.6979768786127167 0.6796407185628742 0.031791907514450865 0.07385229540918163
resistor 0.6864161849710982 0.7694610778443114 0.017341040462427744 0.05389221556886228
port 0.9075144508670521 0.24151696606786427 0.014450867052023121 0.01996007984031936
npn 0.5166184971098265 0.6786427145708582 0.030346820809248554 0.07584830339321358
npn 0.49277456647398843 0.3253493013972056 0.03757225433526012 0.07984031936127745
resistor 0.6091040462427746 0.6047904191616766 0.03901734104046243 0.023952095808383235
resistor 0.7066473988439307 0.11676646706586827 0.017341040462427744 0.05389221556886228
resistor 0.25939306358381503 0.6057884231536926 0.03901734104046243 0.02594810379241517
resistor 0.8229768786127167 0.15169660678642716 0.03901734104046243 0.023952095808383235
npn 0.3027456647398844 0.2465069860279441 0.036127167630057806 0.07385229540918163
gnd 0.33670520231213874 0.6317365269461078 0.02601156069364162 0.02594810379241517
resistor 0.2565028901734104 0.19560878243512975 0.015895953757225433 0.05189620758483034
port 0.7528901734104047 0.7734530938123753 0.017341040462427744 0.021956087824351298
diode 0.25578034682080925 0.1157684630738523 0.03757225433526012 0.03992015968063872
port 0.7543352601156069 0.7215568862275449 0.017341040462427744 0.021956087824351298