vdd 0.884 0.2582191780821918 0.042 0.026027397260273973
npn 0.4675 0.8157534246575342 0.037 0.06986301369863014
port 0.0585 0.1047945205479452 0.009 0.012328767123287671
pmos 0.5605 0.1547945205479452 0.047 0.08493150684931507
npn 0.278 0.8143835616438356 0.038 0.06986301369863014
resistor 0.4545 0.43561643835616437 0.025 0.06575342465753424
gnd 0.454 0.9616438356164384 0.042 0.03287671232876712
pmos 0.434 0.15684931506849314 0.05 0.0863013698630137
port 0.059 0.20342465753424657 0.01 0.015068493150684932
resistor 0.8835 0.8650684931506849 0.023 0.0589041095890411
port 0.363 0.5458904109589041 0.01 0.02054794520547945
single-end-amp 0.187 0.15616438356164383 0.132 0.20821917808219179
vdd 0.9725 0.2602739726027397 0.041 0.0273972602739726
pmos 0.955 0.35 0.048 0.08356164383561644
resistor 0.2925 0.44794520547945205 0.025 0.06575342465753424
vdd 0.454 0.06301369863013699 0.042 0.0273972602739726
vdd 0.5795 0.0636986301369863 0.043 0.028767123287671233
resistor 0.454 0.6424657534246575 0.024 0.06301369863013699
single-end-amp 0.7365 0.35136986301369866 0.131 0.2095890410958904
resistor 0.883 0.6417808219178082 0.024 0.06164383561643835
resistor 0.8835 0.7650684931506849 0.023 0.06164383561643835
port 0.9375 0.6924657534246575 0.009 0.012328767123287671
pmos 0.8635 0.3506849315068493 0.049 0.08493150684931507
port 0.9365 0.8164383561643835 0.011 0.021917808219178082
port 0.5245 0.5452054794520548 0.011 0.021917808219178082