single-end-amp 0.7047101449275363 0.5300884955752212 0.17028985507246377 0.17876106194690267
diode 0.4048913043478261 0.731858407079646 0.041666666666666664 0.04424778761061947
resistor 0.5842391304347826 0.1902654867256637 0.04528985507246377 0.06902654867256637
port 0.13405797101449277 0.772566371681416 0.021739130434782608 0.023008849557522124
current 0.4048913043478261 0.5929203539823009 0.07789855072463768 0.0743362831858407
resistor 0.5117753623188406 0.18938053097345134 0.041666666666666664 0.06725663716814159
npn 0.4927536231884058 0.6938053097345133 0.05434782608695652 0.08849557522123894
port 0.13496376811594202 0.2663716814159292 0.02355072463768116 0.023008849557522124
current 0.5480072463768116 0.8327433628318585 0.08152173913043478 0.07610619469026549
npn 0.6023550724637681 0.695575221238938 0.05253623188405797 0.08849557522123894
diode 0.338768115942029 0.7336283185840708 0.043478260869565216 0.04424778761061947
resistor 0.5833333333333334 0.41415929203539825 0.043478260869565216 0.07079646017699115
resistor 0.5117753623188406 0.41415929203539825 0.041666666666666664 0.07079646017699115
current 0.26268115942028986 0.5929203539823009 0.07608695652173914 0.0743362831858407
port 0.832427536231884 0.5300884955752212 0.02355072463768116 0.023008849557522124
port 0.832427536231884 0.8973451327433628 0.02355072463768116 0.021238938053097345
port 0.832427536231884 0.11238938053097346 0.02355072463768116 0.023008849557522124
port 0.13496376811594202 0.6938053097345133 0.02355072463768116 0.024778761061946902
port 0.13496376811594202 0.336283185840708 0.02355072463768116 0.021238938053097345