resistor 0.5063424947145877 0.6278350515463917 0.03171247357293869 0.08041237113402062
resistor 0.507399577167019 0.4402061855670103 0.03382663847780127 0.08041237113402062
port 0.08350951374207188 0.27319587628865977 0.019027484143763214 0.018556701030927835
capacitor 0.19133192389006343 0.27422680412371137 0.02748414376321353 0.0577319587628866
single-end-amp 0.3773784355179704 0.2597938144329897 0.09513742071881606 0.10309278350515463
gnd 0.8594080338266384 0.7237113402061855 0.07399577167019028 0.03711340206185567
resistor 0.26849894291754756 0.3525773195876289 0.02959830866807611 0.08247422680412371
pnp 0.7272727272727273 0.7041237113402062 0.046511627906976744 0.07628865979381444
port 0.9291754756871036 0.12783505154639174 0.019027484143763214 0.020618556701030927
gnd 0.26849894291754756 0.47525773195876286 0.080338266384778 0.03917525773195876
resistor 0.1839323467230444 0.06288659793814433 0.08456659619450317 0.03505154639175258
port 0.9302325581395349 0.4577319587628866 0.021141649048625793 0.020618556701030927
resistor 0.7420718816067653 0.36907216494845363 0.03382663847780127 0.08247422680412371
gnd 0.11627906976744186 0.13917525773195877 0.07610993657505286 0.03917525773195876
port 0.0824524312896406 0.422680412371134 0.021141649048625793 0.020618556701030927
resistor 0.5063424947145877 0.334020618556701 0.03171247357293869 0.08247422680412371
npn 0.6416490486257929 0.522680412371134 0.04439746300211417 0.07216494845360824
port 0.9281183932346723 0.6041237113402061 0.021141649048625793 0.020618556701030927
resistor 0.7431289640591966 0.5628865979381443 0.03171247357293869 0.08247422680412371
resistor 0.5010570824524313 0.060824742268041236 0.08456659619450317 0.030927835051546393
resistor 0.5063424947145877 0.8793814432989691 0.03171247357293869 0.08041237113402062
npn 0.7272727272727273 0.25876288659793817 0.046511627906976744 0.07216494845360824
port 0.912262156448203 0.9525773195876288 0.019027484143763214 0.020618556701030927