resistor 0.08970976253298153 0.7582897033158813 0.10026385224274406 0.10296684118673648
npn 0.8403693931398417 0.618673647469459 0.0712401055408971 0.04712041884816754
npn 0.7387862796833773 0.3150087260034904 0.07387862796833773 0.04712041884816754
resistor 0.24142480211081793 0.41710296684118675 0.09762532981530343 0.10471204188481675
resistor 0.22559366754617413 0.6116928446771379 0.1662269129287599 0.07155322862129145
resistor 0.449868073878628 0.7652705061082025 0.10290237467018469 0.10645724258289703
vdd 0.8575197889182058 0.029668411867364748 0.0316622691292876 0.010471204188481676
gnd 0.9393139841688655 0.6265270506108203 0.07387862796833773 0.027923211169284468
resistor 0.44854881266490765 0.25043630017452007 0.09498680738786279 0.10296684118673648
resistor 0.09366754617414248 0.506108202443281 0.09234828496042216 0.10471204188481675
capacitor 0.6081794195250659 0.7678883071553229 0.0712401055408971 0.02443280977312391
diode 0.4472295514511873 0.4668411867364747 0.03430079155672823 0.02268760907504363
resistor 0.44327176781002636 0.37521815008726006 0.10026385224274406 0.10471204188481675
resistor 0.4472295514511873 0.12827225130890052 0.09762532981530343 0.10296684118673648
gnd 0.8575197889182058 0.9755671902268761 0.036939313984168866 0.02443280977312391
resistor 0.09102902374670185 0.8830715532286213 0.09762532981530343 0.10471204188481675
port 0.9393139841688655 0.5855148342059336 0.021108179419525065 0.015706806282722512
npn 0.841688654353562 0.37347294938917974 0.07387862796833773 0.04537521815008726
capacitor 0.21767810026385223 0.6832460732984293 0.0395778364116095 0.0506108202443281
port 0.9406332453825857 0.5008726003490401 0.023746701846965697 0.017452006980802792
capacitor 0.24142480211081793 0.3158813263525305 0.0712401055408971 0.02443280977312391
resistor 0.5844327176781002 0.5008726003490401 0.15567282321899736 0.06980802792321117
capacitor 0.5461741424802111 0.18760907504363003 0.036939313984168866 0.04712041884816754
port 0.24274406332453827 0.2338568935427574 0.021108179419525065 0.017452006980802792
port 0.23878627968337732 0.16055846422338568 0.023746701846965697 0.017452006980802792
diode 0.44854881266490765 0.5340314136125655 0.036939313984168866 0.02443280977312391
pnp 0.737467018469657 0.5706806282722513 0.07651715039577836 0.04886561954624782
npn 0.43271767810026385 0.6108202443280978 0.07387862796833773 0.04886561954624782