diode 0.15 0.39593301435406697 0.028 0.02631578947368421
resistor 0.6 0.3050239234449761 0.028 0.05980861244019139
switch 0.493 0.7643540669856459 0.03 0.050239234449760764
resistor 0.224 0.4437799043062201 0.024 0.05980861244019139
diode 0.075 0.39593301435406697 0.03 0.02631578947368421
resistor 0.414 0.7547846889952153 0.024 0.05980861244019139
resistor 0.224 0.21889952153110048 0.024 0.05980861244019139
resistor 0.326 0.8516746411483254 0.052 0.028708133971291867
resistor 0.414 0.5095693779904307 0.024 0.06220095693779904
port 0.039 0.039473684210526314 0.026 0.02631578947368421
npn 0.244 0.6758373205741627 0.076 0.08851674641148326
port 0.955 0.42822966507177035 0.042 0.03349282296650718
resistor 0.15 0.26435406698564595 0.024 0.05980861244019139
nmos 0.842 0.3181818181818182 0.08 0.09090909090909091
resistor 0.075 0.28588516746411485 0.022 0.05980861244019139
port 0.955 0.5633971291866029 0.046 0.03588516746411483
resistor 0.7 0.3181818181818182 0.052 0.028708133971291867
gnd 0.057 0.9354066985645934 0.038 0.023923444976076555
pnp 0.392 0.3145933014354067 0.076 0.09808612440191387