gnd 0.6652046783625731 0.9741935483870968 0.05555555555555555 0.03225806451612903
capacitor 0.09941520467836257 0.5306451612903226 0.03508771929824561 0.08709677419354839
resistor 0.6739766081871345 0.85 0.03216374269005848 0.07419354838709677
inductor 0.5292397660818714 0.2403225806451613 0.04093567251461988 0.1064516129032258
resistor 0.024853801169590642 0.17258064516129032 0.03216374269005848 0.06774193548387097
resistor 0.5497076023391813 0.8129032258064516 0.03508771929824561 0.07096774193548387
port 0.75 0.5306451612903226 0.014619883040935672 0.02258064516129032
capacitor 0.30116959064327486 0.2161290322580645 0.07602339181286549 0.03870967741935484
capacitor 0.533625730994152 0.3903225806451613 0.07894736842105263 0.03870967741935484
capacitor 0.7266081871345029 0.22580645161290322 0.07309941520467836 0.03225806451612903
port 0.75 0.7758064516129032 0.02046783625730994 0.02258064516129032
resistor 0.18421052631578946 0.8161290322580645 0.03508771929824561 0.07096774193548387
inductor 0.18128654970760233 0.6838709677419355 0.05847953216374269 0.0967741935483871
gnd 0.17690058479532164 0.9483870967741935 0.05555555555555555 0.03225806451612903
inductor 0.827485380116959 0.09193548387096774 0.08771929824561403 0.041935483870967745
gnd 0.7266081871345029 0.3 0.05555555555555555 0.03225806451612903
inductor 0.17251461988304093 0.6838709677419355 0.04093567251461988 0.0967741935483871
capacitor 0.4766081871345029 0.6887096774193548 0.03508771929824561 0.08064516129032258
resistor 0.023391812865497075 0.6516129032258065 0.03508771929824561 0.07096774193548387
capacitor 0.30116959064327486 0.4790322580645161 0.07602339181286549 0.035483870967741936
current 0.6345029239766082 0.6887096774193548 0.0935672514619883 0.1064516129032258
port 0.9166666666666666 0.08709677419354839 0.038011695906432746 0.04516129032258064