resistor 0.5044444444444445 0.1896551724137931 0.03111111111111111 0.1103448275862069
resistor 0.23222222222222222 0.6637931034482759 0.03333333333333333 0.11379310344827587
resistor 0.6766666666666666 0.09310344827586207 0.07333333333333333 0.05517241379310345
gnd 0.5044444444444445 0.7706896551724138 0.02666666666666667 0.02413793103448276
port 0.04555555555555556 0.3706896551724138 0.011111111111111112 0.017241379310344827
resistor 0.09444444444444444 0.503448275862069 0.03777777777777778 0.12413793103448276
resistor 0.2311111111111111 0.4982758620689655 0.035555555555555556 0.12758620689655173
resistor 0.9022222222222223 0.6620689655172414 0.035555555555555556 0.11724137931034483
capacitor 0.5988888888888889 0.5086206896551724 0.04666666666666667 0.03793103448275862
gnd 0.7533333333333333 0.7706896551724138 0.02666666666666667 0.02413793103448276
capacitor 0.8488888888888889 0.503448275862069 0.02666666666666667 0.07586206896551724
resistor 0.5044444444444445 0.5017241379310344 0.035555555555555556 0.1206896551724138
resistor 0.30444444444444446 0.36724137931034484 0.07555555555555556 0.05862068965517241
gnd 0.6 0.7706896551724138 0.02666666666666667 0.02413793103448276
capacitor 0.1622222222222222 0.3689655172413793 0.022222222222222223 0.07586206896551724
gnd 0.23 0.7689655172413793 0.028888888888888888 0.027586206896551724
capacitor 0.39 0.5017241379310344 0.04666666666666667 0.03103448275862069
gnd 0.09444444444444444 0.7706896551724138 0.028888888888888888 0.02413793103448276
gnd 0.9011111111111111 0.7706896551724138 0.028888888888888888 0.02413793103448276
current 0.4677777777777778 0.3603448275862069 0.06444444444444444 0.1
gnd 0.39 0.7706896551724138 0.028888888888888888 0.02413793103448276
resistor 0.7533333333333333 0.5017241379310344 0.035555555555555556 0.1206896551724138
port 0.7666666666666667 0.09310344827586207 0.013333333333333334 0.020689655172413793
port 0.9355555555555556 0.503448275862069 0.013333333333333334 0.020689655172413793