gnd 0.07727272727272727 0.4588235294117647 0.04181818181818182 0.0196078431372549
resistor 0.8872727272727273 0.5568627450980392 0.02909090909090909 0.06666666666666667
capacitor 0.7354545454545455 0.35784313725490197 0.02 0.049019607843137254
voltage 0.14636363636363636 0.6784313725490196 0.07818181818181819 0.08235294117647059
resistor 0.5536363636363636 0.7470588235294118 0.02727272727272727 0.06666666666666667
gnd 0.5518181818181818 0.9509803921568627 0.045454545454545456 0.023529411764705882
resistor 0.39454545454545453 0.36764705882352944 0.02909090909090909 0.06862745098039216
resistor 0.39454545454545453 0.7666666666666667 0.02909090909090909 0.06666666666666667
capacitor 0.7272727272727273 0.7833333333333333 0.04727272727272727 0.025490196078431372
resistor 0.5536363636363636 0.2911764705882353 0.02727272727272727 0.06470588235294118
capacitor 0.31363636363636366 0.5470588235294118 0.02 0.047058823529411764
voltage-lines 0.07636363636363637 0.39705882352941174 0.05454545454545454 0.049019607843137254
current 0.5472727272727272 0.546078431372549 0.06909090909090909 0.07254901960784314
resistor 0.2109090909090909 0.546078431372549 0.05454545454545454 0.029411764705882353
port 0.46090909090909093 0.059803921568627454 0.03090909090909091 0.049019607843137254
port 0.08 0.30686274509803924 0.03636363636363636 0.049019607843137254