gnd 0.23992673992673993 0.4603174603174603 0.04395604395604396 0.037037037037037035
resistor 0.674908424908425 0.8333333333333334 0.038461538461538464 0.10582010582010581
port 0.07417582417582418 0.23941798941798942 0.04212454212454213 0.05555555555555555
resistor 0.5531135531135531 0.42592592592592593 0.0695970695970696 0.0582010582010582
pnp 0.6501831501831502 0.21825396825396826 0.06593406593406594 0.15079365079365079
gnd 0.14194139194139194 0.4603174603174603 0.04212454212454213 0.037037037037037035
resistor 0.38553113553113555 0.5304232804232805 0.038461538461538464 0.10846560846560846
gnd 0.5137362637362637 0.8095238095238095 0.04212454212454213 0.037037037037037035
port 0.9487179487179487 0.48412698412698413 0.040293040293040296 0.037037037037037035
current 0.14102564102564102 0.3425925925925926 0.0695970695970696 0.09788359788359788
resistor 0.24084249084249085 0.3439153439153439 0.04212454212454213 0.1111111111111111
capacitor 0.9001831501831502 0.6084656084656085 0.07509157509157509 0.042328042328042326
port 0.7811355311355311 0.3082010582010582 0.06043956043956044 0.05555555555555555
capacitor 0.9001831501831502 0.1931216931216931 0.07509157509157509 0.037037037037037035
diode 0.5778388278388278 0.705026455026455 0.038461538461538464 0.05026455026455026
resistor 0.8278388278388278 0.42724867724867727 0.07326007326007326 0.06084656084656084
resistor 0.5137362637362637 0.7156084656084656 0.038461538461538464 0.10317460317460317
npn 0.6492673992673993 0.6124338624338624 0.0641025641025641 0.15079365079365079
resistor 0.5778388278388278 0.832010582010582 0.038461538461538464 0.10846560846560846
gnd 0.38278388278388276 0.6653439153439153 0.04395604395604396 0.03968253968253968
single-end-amp 0.445970695970696 0.21825396825396826 0.07509157509157509 0.10846560846560846