resistor 0.33082975679542204 0.6648148148148149 0.015021459227467811 0.037037037037037035
resistor 0.7010014306151645 0.47638888888888886 0.012875536480686695 0.03796296296296296
resistor 0.13054363376251787 0.5324074074074074 0.026466380543633764 0.018518518518518517
resistor 0.2213876967095851 0.5837962962962963 0.012160228898426323 0.03796296296296296
resistor 0.5135908440629471 0.6912037037037037 0.011444921316165951 0.03611111111111111
resistor 0.6591559370529327 0.37453703703703706 0.012160228898426323 0.03611111111111111
resistor 0.805793991416309 0.5893518518518519 0.012160228898426323 0.03611111111111111
resistor 0.47317596566523606 0.25 0.016452074391988557 0.03888888888888889
capacitor 0.4331187410586552 0.38425925925925924 0.019313304721030045 0.012962962962962963
capacitor 0.4924892703862661 0.6703703703703704 0.0178826895565093 0.016666666666666666
capacitor 0.45493562231759654 0.6731481481481482 0.01859799713876967 0.018518518518518517
resistor 0.6219599427753935 0.47453703703703703 0.012160228898426323 0.03611111111111111
resistor 0.22103004291845493 0.4810185185185185 0.012875536480686695 0.03796296296296296
resistor 0.6384120171673819 0.6916666666666667 0.012160228898426323 0.037037037037037035
resistor 0.10836909871244635 0.5675925925925925 0.012160228898426323 0.03518518518518519
resistor 0.7467811158798283 0.47453703703703703 0.011444921316165951 0.032407407407407406
resistor 0.7263948497854077 0.5898148148148148 0.012160228898426323 0.03518518518518519
port 0.04363376251788269 0.6037037037037037 0.010014306151645207 0.014814814814814815
resistor 0.4721030042918455 0.18935185185185185 0.01430615164520744 0.03796296296296296
resistor 0.6008583690987125 0.5898148148148148 0.011444921316165951 0.03518518518518519
resistor 0.8726752503576538 0.4759259259259259 0.011444921316165951 0.03333333333333333
resistor 0.11587982832618025 0.18981481481481483 0.012875536480686695 0.037037037037037035
resistor 0.7635908440629471 0.6916666666666667 0.012160228898426323 0.037037037037037035
port 0.907725321888412 0.5708333333333333 0.010014306151645207 0.012037037037037037
resistor 0.2836194563662375 0.30787037037037035 0.013590844062947067 0.03796296296296296
resistor 0.3290414878397711 0.4532407407407407 0.012875536480686695 0.03796296296296296
resistor 0.4924892703862661 0.8444444444444444 0.013590844062947067 0.03888888888888889
resistor 0.8522889842632332 0.5898148148148148 0.01072961373390558 0.03518518518518519
resistor 0.4928469241773963 0.5893518518518519 0.012875536480686695 0.03796296296296296
gnd 0.11695278969957082 0.28055555555555556 0.012160228898426323 0.012962962962962963
resistor 0.32975679542203146 0.5944444444444444 0.012875536480686695 0.03888888888888889
resistor 0.6806151645207439 0.5893518518518519 0.012160228898426323 0.03611111111111111
gnd 0.10908440629470673 0.6217592592592592 0.012160228898426323 0.010185185185185186
resistor 0.2836194563662375 0.7523148148148148 0.013590844062947067 0.03796296296296296
resistor 0.5758226037195995 0.47685185185185186 0.011444921316165951 0.037037037037037035
resistor 0.4717453505007153 0.47962962962962963 0.013590844062947067 0.037037037037037035
resistor 0.5550786838340487 0.5893518518518519 0.012875536480686695 0.03611111111111111
resistor 0.5343347639484979 0.37407407407407406 0.012875536480686695 0.037037037037037035
resistor 0.7850500715307582 0.3736111111111111 0.012160228898426323 0.03611111111111111
resistor 0.8261802575107297 0.47638888888888886 0.012875536480686695 0.03796296296296296
pmos 0.550071530758226 0.6625 0.01859799713876967 0.030555555555555555
pmos 0.6745350500715308 0.6625 0.01859799713876967 0.030555555555555555
pmos 0.7975679542203148 0.6620370370370371 0.01859799713876967 0.03148148148148148
nmos 0.8201001430615165 0.4023148148148148 0.016452074391988557 0.032407407407407406
nmos 0.6949213161659513 0.40324074074074073 0.016452074391988557 0.032407407407407406
nmos 0.5686695278969958 0.40324074074074073 0.015736766809728183 0.032407407407407406
capacitor 0.2836194563662375 0.449537037037037 0.019313304721030045 0.013888888888888888
capacitor 0.25 0.45046296296296295 0.019313304721030045 0.013888888888888888
capacitor 0.25071530758226035 0.6013888888888889 0.019313304721030045 0.013888888888888888
capacitor 0.2843347639484979 0.6013888888888889 0.019313304721030045 0.013888888888888888
capacitor 0.4717453505007153 0.38472222222222224 0.019313304721030045 0.013888888888888888
port 0.9080829756795422 0.5333333333333333 0.01072961373390558 0.012962962962962963
gnd 0.8762517882689557 0.5888888888888889 0.012875536480686695 0.011111111111111112
diode 0.17882689556509299 0.7476851851851852 0.022889842632331903 0.026851851851851852
diode 0.18061516452074391 0.2708333333333333 0.022174535050071532 0.026851851851851852
diode 0.11587982832618025 0.23796296296296296 0.022889842632331903 0.025925925925925925
diode 0.4352646638054363 0.48009259259259257 0.022174535050071532 0.026851851851851852
diode 0.3927038626609442 0.5347222222222222 0.022889842632331903 0.026851851851851852
diode 0.43276108726752505 0.5833333333333334 0.022889842632331903 0.025925925925925925
port 0.04256080114449213 0.5319444444444444 0.01072961373390558 0.01574074074074074
port 0.8887696709585121 0.9050925925925926 0.01072961373390558 0.01574074074074074
port 0.8902002861230329 0.1300925925925926 0.01072961373390558 0.01574074074074074