gnd 0.4277597402597403 0.23979591836734693 0.037337662337662336 0.04081632653061224
single-end-amp 0.7207792207792207 0.43112244897959184 0.14285714285714285 0.25
resistor 0.4407467532467532 0.475765306122449 0.060064935064935064 0.04846938775510204
resistor 0.48538961038961037 0.1326530612244898 0.05844155844155844 0.04591836734693878
gnd 0.8652597402597403 0.8839285714285714 0.03896103896103896 0.04336734693877551
gnd 0.2077922077922078 0.8813775510204082 0.03896103896103896 0.04336734693877551
resistor 0.7337662337662337 0.13137755102040816 0.06168831168831169 0.04846938775510204
resistor 0.2069805194805195 0.4770408163265306 0.060064935064935064 0.04591836734693878
capacitor 0.5584415584415584 0.6275510204081632 0.03896103896103896 0.03571428571428571
capacitor 0.3246753246753247 0.6275510204081632 0.03896103896103896 0.03571428571428571
voltage 0.09172077922077922 0.6364795918367347 0.0633116883116883 0.09948979591836735