resistor 0.6997578692493946 0.09935897435897435 0.07263922518159806 0.057692307692307696
gnd 0.5569007263922519 0.8653846153846154 0.048426150121065374 0.038461538461538464
single-end-amp 0.6961259079903148 0.421474358974359 0.2106537530266344 0.3557692307692308
gnd 0.14527845036319612 0.4358974358974359 0.048426150121065374 0.038461538461538464
resistor 0.5569007263922519 0.6810897435897436 0.0387409200968523 0.09935897435897435
capacitor 0.25302663438256656 0.6650641025641025 0.07021791767554479 0.041666666666666664
gnd 0.25181598062953997 0.842948717948718 0.048426150121065374 0.04487179487179487
resistor 0.4213075060532688 0.5048076923076923 0.07263922518159806 0.05448717948717949
port 0.6949152542372882 0.5897435897435898 0.029055690072639227 0.038461538461538464
gnd 0.8849878934624698 0.844551282051282 0.05084745762711865 0.041666666666666664
resistor 0.3619854721549637 0.34134615384615385 0.07021791767554479 0.05448717948717949
port 0.8849878934624698 0.7131410256410257 0.031476997578692496 0.041666666666666664
port 0.6961259079903148 0.26121794871794873 0.031476997578692496 0.041666666666666664
port 0.8837772397094431 0.5288461538461539 0.03389830508474576 0.04487179487179487