port 0.36237623762376237 0.881159420289855 0.023762376237623763 0.034782608695652174
resistor 0.3594059405940594 0.7623188405797101 0.0297029702970297 0.12173913043478261
port 0.597029702970297 0.6971014492753623 0.033663366336633666 0.04927536231884058
gnd 0.597029702970297 0.8710144927536232 0.04950495049504951 0.04927536231884058
port 0.0801980198019802 0.41884057971014493 0.02178217821782178 0.03768115942028986
port 0.899009900990099 0.49420289855072463 0.023762376237623763 0.03768115942028986
resistor 0.5910891089108911 0.1289855072463768 0.08118811881188119 0.04927536231884058
single-end-amp 0.599009900990099 0.4971014492753623 0.22376237623762377 0.36231884057971014
capacitor 0.16534653465346535 0.41884057971014493 0.03762376237623762 0.08405797101449275
port 0.598019801980198 0.22753623188405797 0.023762376237623763 0.03768115942028986
resistor 0.27821782178217824 0.41594202898550725 0.08514851485148515 0.04927536231884058