diode 0.28345498783454987 0.6245954692556634 0.0170316301703163 0.045307443365695796
current 0.22871046228710462 0.13915857605177995 0.0267639902676399 0.07766990291262135
current 0.6447688564476886 0.1423948220064725 0.0267639902676399 0.07766990291262135
current 0.7907542579075426 0.14563106796116504 0.0267639902676399 0.07766990291262135
current 0.718978102189781 0.7702265372168284 0.0267639902676399 0.07766990291262135
current 0.5802919708029197 0.7734627831715211 0.0267639902676399 0.07766990291262135
current 0.3357664233576642 0.7734627831715211 0.0267639902676399 0.07766990291262135
port 0.1721411192214112 0.06634304207119741 0.01338199513381995 0.03559870550161812
port 0.17274939172749393 0.5032362459546925 0.014598540145985401 0.03559870550161812
port 0.17274939172749393 0.6585760517799353 0.014598540145985401 0.042071197411003236
port 0.2962287104622871 0.8284789644012945 0.01338199513381995 0.032362459546925564
port 0.9452554744525548 0.4223300970873786 0.012165450121654502 0.03559870550161812
diode 0.28284671532846717 0.39805825242718446 0.015815085158150853 0.045307443365695796
diode 0.40875912408759124 0.39805825242718446 0.0170316301703163 0.045307443365695796
diode 0.2281021897810219 0.5728155339805825 0.015815085158150853 0.045307443365695796
diode 0.22871046228710462 0.6245954692556634 0.0170316301703163 0.045307443365695796
diode 0.28345498783454987 0.5744336569579288 0.0170316301703163 0.042071197411003236
diode 0.49209245742092456 0.49029126213592233 0.015815085158150853 0.042071197411003236
diode 0.49391727493917276 0.5711974110032363 0.0170316301703163 0.042071197411003236
diode 0.49391727493917276 0.6504854368932039 0.0170316301703163 0.045307443365695796
diode 0.7566909975669099 0.47572815533980584 0.0170316301703163 0.045307443365695796
diode 0.6167883211678832 0.7572815533980582 0.0170316301703163 0.045307443365695796
resistor 0.4604622871046229 0.11812297734627832 0.01338199513381995 0.05501618122977346
resistor 0.33637469586374696 0.11812297734627832 0.01338199513381995 0.05501618122977346
resistor 0.3351581508515815 0.22653721682847897 0.01338199513381995 0.05825242718446602
resistor 0.4628953771289538 0.22653721682847897 0.01338199513381995 0.05825242718446602
resistor 0.8558394160583942 0.16019417475728157 0.01338199513381995 0.05501618122977346
resistor 0.9008515815085159 0.35436893203883496 0.01338199513381995 0.05501618122977346
resistor 0.8996350364963503 0.48705501618122976 0.01338199513381995 0.05501618122977346
resistor 0.8546228710462287 0.7686084142394822 0.01338199513381995 0.05501618122977346
resistor 0.8205596107055961 0.7686084142394822 0.01338199513381995 0.05501618122977346
resistor 0.19768856447688565 0.6585760517799353 0.023114355231143552 0.02912621359223301
resistor 0.19951338199513383 0.5032362459546925 0.019464720194647202 0.02912621359223301
resistor 0.5413625304136253 0.5307443365695793 0.012165450121654502 0.05177993527508091
capacitor 0.541970802919708 0.470873786407767 0.02068126520681265 0.02912621359223301
capacitor 0.6447688564476886 0.4336569579288026 0.012165450121654502 0.05825242718446602
capacitor 0.5401459854014599 0.1650485436893204 0.019464720194647202 0.032362459546925564
npn 0.6666666666666666 0.6877022653721683 0.019464720194647202 0.09385113268608414
npn 0.8503649635036497 0.6877022653721683 0.021897810218978103 0.09385113268608414
npn 0.816301703163017 0.6213592233009708 0.021897810218978103 0.0970873786407767
npn 0.8156934306569343 0.5064724919093851 0.02068126520681265 0.08737864077669903
npn 0.8941605839416058 0.26375404530744334 0.019464720194647202 0.09385113268608414
npn 0.725669099756691 0.3220064724919094 0.02068126520681265 0.08090614886731391
npn 0.5723844282238443 0.3284789644012945 0.02068126520681265 0.08090614886731391
npn 0.4537712895377129 0.656957928802589 0.0170316301703163 0.0970873786407767
npn 0.4555961070559611 0.441747572815534 0.02068126520681265 0.09385113268608414
npn 0.32968369829683697 0.5355987055016181 0.021897810218978103 0.08737864077669903
npn 0.3302919708029197 0.44983818770226536 0.02068126520681265 0.09061488673139159
pnp 0.38017031630170317 0.44336569579288027 0.023114355231143552 0.09061488673139159
pnp 0.2354014598540146 0.44336569579288027 0.02068126520681265 0.09061488673139159
pnp 0.8935523114355232 0.5566343042071198 0.02068126520681265 0.09061488673139159
pnp 0.6782238442822385 0.3802588996763754 0.01824817518248175 0.08737864077669903
pnp 0.6113138686131386 0.37702265372168287 0.02068126520681265 0.08737864077669903