capacitor 0.7292993630573248 0.7478005865102639 0.07855626326963906 0.05278592375366569
capacitor 0.25583864118895966 0.48533724340175954 0.040339702760084924 0.10850439882697947
port 0.5732484076433121 0.08357771260997067 0.021231422505307854 0.03225806451612903
npn 0.5445859872611465 0.4838709677419355 0.07430997876857749 0.14076246334310852
resistor 0.37898089171974525 0.20967741935483872 0.036093418259023353 0.11436950146627566
gnd 0.13481953290870488 0.7800586510263929 0.07006369426751592 0.05865102639296188
resistor 0.5743099787685775 0.21114369501466276 0.036093418259023353 0.11730205278592376
resistor 0.9012738853503185 0.47653958944281527 0.036093418259023353 0.12023460410557185
resistor 0.5743099787685775 0.7595307917888563 0.036093418259023353 0.11730205278592376
voltage 0.13694267515923567 0.6129032258064516 0.09554140127388536 0.1348973607038123
resistor 0.38004246284501064 0.658357771260997 0.03821656050955414 0.12023460410557185
capacitor 0.7133757961783439 0.3651026392961877 0.03821656050955414 0.10263929618768329
gnd 0.5732484076433121 0.9384164222873901 0.06794055201698514 0.05278592375366569
gnd 0.9002123142250531 0.6099706744868035 0.06794055201698514 0.05278592375366569