resistor 0.3273453093812375 0.1902552204176334 0.06387225548902195 0.11136890951276102
npn 0.5149700598802395 0.462877030162413 0.1317365269461078 0.15081206496519722
capacitor 0.783433133732535 0.7215777262180975 0.10179640718562874 0.05104408352668213
port 0.8692614770459082 0.345707656612529 0.017964071856287425 0.02320185614849188
resistor 0.5449101796407185 0.1925754060324826 0.059880239520958084 0.11136890951276102
resistor 0.3273453093812375 0.7250580046403712 0.059880239520958084 0.10904872389791183
gnd 0.5459081836327345 0.9385150812064965 0.07385229540918163 0.048723897911832945
port 0.08882235528942116 0.4605568445475638 0.02594810379241517 0.03480278422273782
capacitor 0.7564870259481038 0.345707656612529 0.03992015968063872 0.11136890951276102
gnd 0.3263473053892216 0.9385150812064965 0.07385229540918163 0.048723897911832945
resistor 0.5449101796407185 0.7250580046403712 0.059880239520958084 0.10904872389791183
capacitor 0.2025948103792415 0.4593967517401392 0.041916167664670656 0.11600928074245939
port 0.8243512974051896 0.0382830626450116 0.01996007984031936 0.025522041763341066