pmos 0.4578884934756821 0.23684210526315788 0.05931198102016608 0.11500974658869395
nmos 0.45729537366548045 0.7865497076023392 0.05812574139976275 0.1189083820662768
nmos 0.7811387900355872 0.6647173489278753 0.05575326215895611 0.11695906432748537
single-end-amp 0.17200474495848161 0.4191033138401559 0.12336892052194544 0.19883040935672514
port 0.07354685646500593 0.46588693957115007 0.021352313167259787 0.03508771929824561
pmos 0.5972716488730724 0.2378167641325536 0.05812574139976275 0.11695906432748537
nmos 0.4098457888493476 0.5107212475633528 0.05575326215895611 0.11306042884990253
nmos 0.5960854092526691 0.7865497076023392 0.05575326215895611 0.1189083820662768
port 0.9139976275207592 0.5428849902534113 0.022538552787663108 0.037037037037037035
cross-line-curved 0.26868327402135234 0.4152046783625731 0.027283511269276393 0.02729044834307992
cross-line-curved 0.6215895610913404 0.4142300194931774 0.02609727164887307 0.025341130604288498
gnd 0.8795966785290629 0.8099415204678363 0.051008303677342826 0.04873294346978557
voltage-lines 0.267497034400949 0.25146198830409355 0.05812574139976275 0.08187134502923976
capacitor 0.8795966785290629 0.6666666666666666 0.06287069988137604 0.05458089668615984
port 0.07354685646500593 0.3762183235867446 0.021352313167259787 0.03508771929824561
pmos 0.7805456702253856 0.42007797270955166 0.05693950177935943 0.11500974658869395
cross-line-curved 0.43534994068801897 0.4152046783625731 0.02609727164887307 0.02729044834307992
vdd 0.4347568208778173 0.12085769980506822 0.03202846975088968 0.02729044834307992
vdd 0.6186239620403321 0.12280701754385964 0.03202846975088968 0.02729044834307992
vdd 0.26986951364175565 0.1189083820662768 0.03202846975088968 0.02729044834307992