capacitor 0.7427385892116183 0.8555825242718447 0.08713692946058091 0.0412621359223301
port 0.5601659751037344 0.14320388349514562 0.029045643153526972 0.02912621359223301
capacitor 0.7800829875518672 0.404126213592233 0.03734439834024896 0.10436893203883495
port 0.8734439834024896 0.40048543689320387 0.024896265560165973 0.02912621359223301
port 0.07157676348547717 0.5242718446601942 0.022821576763485476 0.02912621359223301
resistor 0.5622406639004149 0.7730582524271845 0.05394190871369295 0.09466019417475728
gnd 0.5612033195020747 0.9550970873786407 0.06431535269709543 0.050970873786407765
npn 0.5363070539419087 0.5254854368932039 0.12240663900414937 0.1383495145631068
gnd 0.7448132780082988 0.9563106796116505 0.06639004149377593 0.04854368932038835
resistor 0.3278008298755187 0.3725728155339806 0.058091286307053944 0.09951456310679611
capacitor 0.19294605809128632 0.5254854368932039 0.03734439834024896 0.10436893203883495
gnd 0.3278008298755187 0.9563106796116505 0.06639004149377593 0.04854368932038835
resistor 0.5601659751037344 0.30461165048543687 0.058091286307053944 0.09951456310679611
resistor 0.3288381742738589 0.7706310679611651 0.056016597510373446 0.09466019417475728