pnp 0.5486542443064182 0.4034090909090909 0.08281573498964803 0.16477272727272727
capacitor 0.7070393374741201 0.2059659090909091 0.08488612836438923 0.05397727272727273
gnd 0.5817805383022774 0.8721590909090909 0.07453416149068323 0.0625
gnd 0.09213250517598344 0.7443181818181818 0.07660455486542443 0.0625
resistor 0.19875776397515527 0.3977272727272727 0.09523809523809523 0.056818181818181816
resistor 0.5807453416149069 0.21732954545454544 0.039337474120082816 0.1278409090909091
resistor 0.39544513457556935 0.21875 0.037267080745341616 0.11931818181818182
capacitor 0.31573498964803315 0.3963068181818182 0.043478260869565216 0.11647727272727272
resistor 0.8281573498964804 0.6818181818181818 0.037267080745341616 0.13068181818181818
resistor 0.5807453416149069 0.6832386363636364 0.039337474120082816 0.1278409090909091
voltage 0.09523809523809523 0.5610795454545454 0.10351966873706005 0.14488636363636365
resistor 0.39648033126293997 0.6065340909090909 0.039337474120082816 0.13352272727272727
capacitor 0.7028985507246377 0.5482954545454546 0.039337474120082816 0.11363636363636363
port 0.5797101449275363 0.10085227272727272 0.028985507246376812 0.036931818181818184