gnd 0.7983193277310925 0.7142857142857143 0.06162464985994398 0.05405405405405406
npn 0.49159663865546216 0.5135135135135135 0.10364145658263306 0.138996138996139
gnd 0.5154061624649859 0.9343629343629344 0.06162464985994398 0.04633204633204633
resistor 0.5154061624649859 0.27413127413127414 0.04481792717086835 0.10038610038610038
capacitor 0.6820728291316527 0.3667953667953668 0.03081232492997199 0.10038610038610038
capacitor 0.2661064425770308 0.5135135135135135 0.028011204481792718 0.10038610038610038
port 0.7492997198879552 0.3667953667953668 0.025210084033613446 0.03088803088803089
port 0.5126050420168067 0.138996138996139 0.022408963585434174 0.03088803088803089
gnd 0.18207282913165265 0.5772200772200772 0.06162464985994398 0.05019305019305019
resistor 0.7983193277310925 0.5888030888030888 0.04481792717086835 0.10424710424710425
gnd 0.3627450980392157 0.9362934362934363 0.06442577030812324 0.05019305019305019
resistor 0.3627450980392157 0.8281853281853282 0.04201680672268908 0.09652509652509653
capacitor 0.2647058823529412 0.7393822393822393 0.03081232492997199 0.10424710424710425
resistor 0.3641456582633053 0.32432432432432434 0.04481792717086835 0.10038610038610038
resistor 0.5154061624649859 0.8281853281853282 0.04481792717086835 0.09652509652509653
port 0.15406162464985995 0.7393822393822393 0.022408963585434174 0.03474903474903475