capacitor 0.7631578947368421 0.7676056338028169 0.09774436090225563 0.051643192488262914
npn 0.5827067669172933 0.4859154929577465 0.13533834586466165 0.1643192488262911
port 0.06766917293233082 0.4835680751173709 0.03007518796992481 0.03755868544600939
gnd 0.7612781954887218 0.9647887323943662 0.07142857142857142 0.06103286384976526
port 0.6109022556390977 0.07511737089201878 0.02631578947368421 0.03755868544600939
gnd 0.9097744360902256 0.9624413145539906 0.07518796992481203 0.056338028169014086
resistor 0.9116541353383458 0.6126760563380281 0.05639097744360902 0.11737089201877934
gnd 0.3533834586466165 0.9647887323943662 0.07518796992481203 0.051643192488262914
port 0.8458646616541353 0.3380281690140845 0.03007518796992481 0.03755868544600939
gnd 0.6127819548872181 0.9647887323943662 0.07518796992481203 0.051643192488262914
resistor 0.6127819548872181 0.23708920187793428 0.06015037593984962 0.11737089201877934
capacitor 0.7650375939849624 0.3427230046948357 0.041353383458646614 0.12206572769953052
resistor 0.3533834586466165 0.7723004694835681 0.06015037593984962 0.11737089201877934
resistor 0.6109022556390977 0.7723004694835681 0.06390977443609022 0.11737089201877934
resistor 0.35526315789473684 0.3075117370892019 0.05639097744360902 0.11737089201877934
capacitor 0.20488721804511278 0.4835680751173709 0.041353383458646614 0.12206572769953052