resistor 0.5694444444444444 0.24691358024691357 0.03518518518518519 0.09382716049382717
port 0.8574074074074074 0.21728395061728395 0.05185185185185185 0.03950617283950617
voltage 0.8 0.1728395061728395 0.06296296296296296 0.08395061728395062
resistor 0.425 0.24691358024691357 0.03518518518518519 0.09382716049382717
npn 0.5472222222222223 0.4802469135802469 0.06111111111111111 0.13580246913580246
capacitor 0.7416666666666667 0.4012345679012346 0.024074074074074074 0.08641975308641975
gnd 0.42592592592592593 0.8666666666666667 0.05555555555555555 0.044444444444444446
capacitor 0.6842592592592592 0.745679012345679 0.06481481481481481 0.0345679012345679
voltage 0.08055555555555556 0.6308641975308642 0.06481481481481481 0.08641975308641975
capacitor 0.2537037037037037 0.4777777777777778 0.022222222222222223 0.08641975308641975
resistor 0.8574074074074074 0.591358024691358 0.037037037037037035 0.10123456790123457
resistor 0.42592592592592593 0.745679012345679 0.037037037037037035 0.09876543209876543
resistor 0.5685185185185185 0.7469135802469136 0.037037037037037035 0.0962962962962963