single-end-amp 0.7145127118644068 0.5835095137420718 0.07944915254237288 0.1522198731501057
resistor 0.725635593220339 0.2642706131078224 0.08050847457627118 0.09302325581395349
resistor 0.2086864406779661 0.5126849894291755 0.07627118644067797 0.09513742071881606
gnd 0.04078389830508475 0.9228329809725159 0.04978813559322034 0.052854122621564484
gnd 0.326271186440678 0.8858350951374208 0.046610169491525424 0.0507399577167019
resistor 0.4046610169491525 0.12367864693446089 0.08050847457627118 0.09513742071881606
gnd 0.6276483050847458 0.8858350951374208 0.04766949152542373 0.0507399577167019
voltage 0.04025423728813559 0.671247357293869 0.07627118644067797 0.15856236786469344
port 0.909427966101695 0.5835095137420718 0.011652542372881356 0.02536997885835095
resistor 0.565677966101695 0.547568710359408 0.07627118644067797 0.09302325581395349
single-end-amp 0.4290254237288136 0.547568710359408 0.08050847457627118 0.15644820295983086
port 0.715042372881356 0.4408033826638478 0.012711864406779662 0.02748414376321353
port 0.4343220338983051 0.41331923890063427 0.012711864406779662 0.02748414376321353