resistor 0.5490196078431373 0.28169014084507044 0.0392156862745098 0.06572769953051644
gnd 0.37815126050420167 0.8849765258215962 0.056022408963585436 0.04225352112676056
resistor 0.22549019607843138 0.2007042253521127 0.07563025210084033 0.03051643192488263
resistor 0.26330532212885155 0.5997652582159625 0.0784313725490196 0.035211267605633804
npn 0.3641456582633053 0.2652582159624413 0.04481792717086835 0.06103286384976526
vdd 0.37815126050420167 0.12441314553990611 0.04481792717086835 0.014084507042253521
single-end-amp 0.8333333333333334 0.6314553990610329 0.19887955182072828 0.16901408450704225
port 0.9705882352941176 0.6302816901408451 0.025210084033613446 0.02112676056338028
capacitor 0.37675070028011204 0.7206572769953051 0.05322128851540616 0.028169014084507043
resistor 0.37815126050420167 0.4084507042253521 0.0392156862745098 0.06572769953051644
resistor 0.5504201680672269 0.7605633802816901 0.036414565826330535 0.06572769953051644
diode 0.37675070028011204 0.5352112676056338 0.047619047619047616 0.03755868544600939