gnd 0.045454545454545456 0.7001845018450185 0.05454545454545454 0.03136531365313653
port 0.16818181818181818 0.4640221402214022 0.08181818181818182 0.03874538745387454
vdd 0.7218181818181818 0.06826568265682657 0.03272727272727273 0.01107011070110701
resistor 0.5509090909090909 0.44095940959409596 0.02909090909090909 0.055350553505535055
pnp 0.5618181818181818 0.8653136531365314 0.04363636363636364 0.06642066420664207
npn 0.7090909090909091 0.8634686346863468 0.03636363636363636 0.05904059040590406
resistor 0.7227272727272728 0.5904059040590406 0.02727272727272727 0.055350553505535055
gnd 0.9436363636363636 0.6254612546125461 0.05454545454545454 0.02952029520295203
resistor 0.8454545454545455 0.5784132841328413 0.02909090909090909 0.05719557195571956
resistor 0.04727272727272727 0.5027675276752768 0.02909090909090909 0.05719557195571956
pnp 0.7090909090909091 0.16512915129151293 0.03636363636363636 0.06088560885608856
resistor 0.2690909090909091 0.46494464944649444 0.05818181818181818 0.02952029520295203
pnp 0.7081818181818181 0.2915129151291513 0.038181818181818185 0.05904059040590406
npn 0.7081818181818181 0.738929889298893 0.038181818181818185 0.06088560885608856
resistor 0.8445454545454546 0.45387453874538747 0.02727272727272727 0.055350553505535055
single-end-amp 0.42 0.5138376383763837 0.16727272727272727 0.16420664206642066
npn 0.8309090909090909 0.3404059040590406 0.03636363636363636 0.06088560885608856
gnd 0.7218181818181818 0.9492619926199262 0.05454545454545454 0.03136531365313653
pnp 0.83 0.690959409594096 0.034545454545454546 0.06088560885608856
pnp 0.5627272727272727 0.16512915129151293 0.034545454545454546 0.06088560885608856
capacitor 0.9427272727272727 0.5645756457564576 0.03090909090909091 0.01845018450184502
resistor 0.04727272727272727 0.6282287822878229 0.02909090909090909 0.06088560885608856
resistor 0.7227272727272728 0.4418819188191882 0.02727272727272727 0.05719557195571956