resistor 0.6527777777777778 0.4839506172839506 0.046296296296296294 0.13333333333333333
resistor 0.4666666666666667 0.38641975308641974 0.044444444444444446 0.1308641975308642
pnp 0.6259259259259259 0.2839506172839506 0.07777777777777778 0.1728395061728395
resistor 0.8425925925925926 0.2814814814814815 0.04814814814814815 0.12839506172839507
resistor 0.6537037037037037 0.6839506172839506 0.04814814814814815 0.12839506172839507
nmos 0.8166666666666667 0.5888888888888889 0.06666666666666667 0.12098765432098765
gnd 0.5416666666666666 0.8432098765432099 0.07222222222222222 0.05185185185185185
voltage 0.09166666666666666 0.4345679012345679 0.08333333333333333 0.10864197530864197
voltage 0.27870370370370373 0.6839506172839506 0.08333333333333333 0.10864197530864197
npn 0.43796296296296294 0.5851851851851851 0.07222222222222222 0.16790123456790124
resistor 0.4675925925925926 0.18395061728395062 0.046296296296296294 0.1259259259259259