resistor 0.5287037037037037 0.6851851851851852 0.03518518518518519 0.0962962962962963
capacitor 0.6962962962962963 0.2037037037037037 0.06296296296296296 0.03209876543209877
capacitor 0.6962962962962963 0.4271604938271605 0.06296296296296296 0.0345679012345679
npn 0.45 0.5407407407407407 0.05555555555555555 0.13333333333333333
gnd 0.4722222222222222 0.8049382716049382 0.05555555555555555 0.03950617283950617
inductor 0.5287037037037037 0.3888888888888889 0.03888888888888889 0.10617283950617284
capacitor 0.8629629629629629 0.3888888888888889 0.06666666666666667 0.03209876543209877
resistor 0.36203703703703705 0.38765432098765434 0.03518518518518519 0.09382716049382717
capacitor 0.3055555555555556 0.5370370370370371 0.022222222222222223 0.08641975308641975
current 0.08148148148148149 0.5370370370370371 0.06666666666666667 0.08641975308641975
resistor 0.36018518518518516 0.6851851851851852 0.03518518518518519 0.0962962962962963