resistor 0.9346534653465347 0.3318452380952381 0.12673267326732673 0.08630952380952381
single-end-amp 0.24257425742574257 0.32142857142857145 0.1485148514851485 0.25
gnd 0.060396039603960394 0.6294642857142857 0.04554455445544554 0.05654761904761905
port 0.9217821782178218 0.38839285714285715 0.01782178217821782 0.026785714285714284
resistor 0.36237623762376237 0.6860119047619048 0.031683168316831684 0.11607142857142858
resistor 0.7306930693069307 0.07291666666666667 0.07524752475247524 0.044642857142857144
capacitor 0.7227722772277227 0.20684523809523808 0.023762376237623763 0.06845238095238096
resistor 0.5287128712871287 0.31845238095238093 0.07524752475247524 0.047619047619047616
resistor 0.6198019801980198 0.6815476190476191 0.031683168316831684 0.1130952380952381
resistor 0.21089108910891088 0.07738095238095238 0.07722772277227723 0.047619047619047616
gnd 0.3613861386138614 0.8392857142857143 0.04554455445544554 0.05952380952380952
capacitor 0.0594059405940594 0.4375 0.047524752475247525 0.03571428571428571
resistor 0.3613861386138614 0.45089285714285715 0.0297029702970297 0.11607142857142858
gnd 0.6188118811881188 0.8333333333333334 0.04554455445544554 0.05357142857142857
single-end-amp 0.7356435643564356 0.3898809523809524 0.15247524752475247 0.24404761904761904