resistor 0.34347826086956523 0.8883495145631068 0.06086956521739131 0.05825242718446602
port 0.05652173913043478 0.3786407766990291 0.021739130434782608 0.038834951456310676
resistor 0.5739130434782609 0.13592233009708737 0.06086956521739131 0.04854368932038835
port 0.7717391304347826 0.7135922330097088 0.021739130434782608 0.04854368932038835
diode 0.49130434782608695 0.2912621359223301 0.0391304347826087 0.08737864077669903
resistor 0.3456521739130435 0.13106796116504854 0.06086956521739131 0.04854368932038835
resistor 0.7717391304347826 0.1383495145631068 0.06086956521739131 0.05339805825242718
single-end-amp 0.3576086956521739 0.4733009708737864 0.16304347826086957 0.35436893203883496
port 0.7728260869565218 0.25728155339805825 0.01956521739130435 0.04854368932038835
port 0.36086956521739133 0.7014563106796117 0.021739130434782608 0.043689320388349516
diode 0.4902173913043478 0.6674757281553398 0.03695652173913044 0.09223300970873786
port 0.358695652173913 0.24514563106796117 0.021739130434782608 0.043689320388349516
resistor 0.12934782608695652 0.38349514563106796 0.058695652173913045 0.04854368932038835
port 0.941304347826087 0.4878640776699029 0.021739130434782608 0.05339805825242718
single-end-amp 0.7706521739130435 0.4854368932038835 0.15869565217391304 0.3592233009708738
gnd 0.24130434782608695 0.7087378640776699 0.034782608695652174 0.05825242718446602