inductor 0.4406015037593985 0.7014388489208633 0.02706766917293233 0.07194244604316546
capacitor 0.9451127819548872 0.6492805755395683 0.013533834586466165 0.03237410071942446
capacitor 0.29473684210526313 0.9262589928057554 0.02706766917293233 0.017985611510791366
resistor2 0.27669172932330827 0.2643884892086331 0.021052631578947368 0.050359712230215826
current 0.07142857142857142 0.36510791366906475 0.02556390977443609 0.03237410071942446
capacitor 0.4345864661654135 0.3192446043165468 0.02706766917293233 0.019784172661870502
capacitor 0.39172932330827065 0.23381294964028776 0.02857142857142857 0.02158273381294964
capacitor 0.5849624060150376 0.39928057553956836 0.015037593984962405 0.03237410071942446
gnd 0.27518796992481204 0.4694244604316547 0.03007518796992481 0.02158273381294964
resistor2 0.8052631578947368 0.6241007194244604 0.019548872180451128 0.050359712230215826
current 0.543609022556391 0.4505395683453237 0.02556390977443609 0.030575539568345324
capacitor 0.7473684210526316 0.5746402877697842 0.02706766917293233 0.019784172661870502
gnd 0.07969924812030076 0.920863309352518 0.03308270676691729 0.02158273381294964
capacitor 0.293984962406015 0.8408273381294964 0.02857142857142857 0.019784172661870502
gnd 0.39172932330827065 0.9847122302158273 0.031578947368421054 0.019784172661870502
resistor2 0.39323308270676693 0.13489208633093525 0.019548872180451128 0.050359712230215826
gnd 0.23157894736842105 0.9235611510791367 0.03007518796992481 0.019784172661870502
resistor2 0.3706766917293233 0.42356115107913667 0.019548872180451128 0.052158273381294966
gnd 0.20676691729323307 0.4685251798561151 0.031578947368421054 0.019784172661870502
gnd 0.13759398496240602 0.9217625899280576 0.031578947368421054 0.023381294964028777
gnd 0.9789473684210527 0.75 0.03007518796992481 0.02158273381294964
gnd 0.6225563909774436 0.5098920863309353 0.03007518796992481 0.019784172661870502
gnd 0.2992481203007519 0.6987410071942446 0.03007518796992481 0.019784172661870502
gnd 0.36917293233082704 0.47302158273381295 0.02857142857142857 0.02158273381294964
capacitor 0.5330827067669173 0.1960431654676259 0.013533834586466165 0.03237410071942446
gnd 0.29473684210526313 0.9811151079136691 0.03007518796992481 0.019784172661870502
capacitor 0.29849624060150376 0.64568345323741 0.02857142857142857 0.017985611510791366
current 0.9789473684210527 0.6933453237410072 0.02406015037593985 0.030575539568345324
resistor2 0.39398496240601505 0.5701438848920863 0.021052631578947368 0.050359712230215826
resistor2 0.23082706766917294 0.737410071942446 0.019548872180451128 0.050359712230215826
resistor2 0.23157894736842105 0.8732014388489209 0.01804511278195489 0.052158273381294966
capacitor 0.7563909774436091 0.7014388489208633 0.015037593984962405 0.03237410071942446
resistor2 0.39172932330827065 0.9226618705035972 0.019548872180451128 0.050359712230215826
gnd 0.21353383458646616 0.2589928057553957 0.02706766917293233 0.02158273381294964
resistor2 0.4368421052631579 0.612410071942446 0.04360902255639098 0.023381294964028777
gnd 0.07142857142857142 0.4073741007194245 0.02857142857142857 0.019784172661870502
resistor2 0.6233082706766917 0.46223021582733814 0.019548872180451128 0.050359712230215826
gnd 0.5428571428571428 0.5071942446043165 0.03007518796992481 0.02158273381294964
port 0.8729323308270677 0.44244604316546765 0.010526315789473684 0.01079136690647482
resistor2 0.6721804511278195 0.4001798561151079 0.042105263157894736 0.023381294964028777
resistor2 0.12481203007518797 0.32643884892086333 0.042105263157894736 0.023381294964028777
gnd 0.8736842105263158 0.75 0.03007518796992481 0.017985611510791366
inductor 0.48045112781954885 0.2131294964028777 0.019548872180451128 0.048561151079136694
capacitor 0.16766917293233083 0.32464028776978415 0.016541353383458645 0.0341726618705036
gnd 0.7473684210526316 0.6133093525179856 0.03007518796992481 0.02158273381294964
port 0.42105263157894735 0.5098920863309353 0.012030075187969926 0.012589928057553957
gnd 0.5015037593984962 0.26348920863309355 0.031578947368421054 0.019784172661870502
resistor2 0.8751879699248121 0.49280575539568344 0.01804511278195489 0.050359712230215826
capacitor 0.1849624060150376 0.7985611510791367 0.015037593984962405 0.03237410071942446
capacitor 0.20676691729323307 0.38758992805755393 0.02857142857142857 0.019784172661870502
resistor2 0.27593984962406015 0.39298561151079137 0.019548872180451128 0.048561151079136694
capacitor 0.13834586466165413 0.8462230215827338 0.03007518796992481 0.019784172661870502
port 0.3924812030075188 0.07733812949640288 0.009022556390977444 0.01079136690647482
capacitor 0.21353383458646616 0.22482014388489208 0.02706766917293233 0.017985611510791366
inductor 0.8774436090225564 0.5971223021582733 0.016541353383458645 0.046762589928057555
resistor2 0.5849624060150376 0.19694244604316546 0.042105263157894736 0.023381294964028777
capacitor 0.5112781954887218 0.7014388489208633 0.015037593984962405 0.03237410071942446
inductor 0.44661654135338347 0.21223021582733814 0.021052631578947368 0.06115107913669065
diode 0.5075187969924813 0.7643884892086331 0.02556390977443609 0.039568345323741004
inductor 0.39924812030075185 0.7005395683453237 0.02857142857142857 0.04136690647482014
inductor 0.0849624060150376 0.8516187050359713 0.02857142857142857 0.0737410071942446
npn 0.38345864661654133 0.8012589928057554 0.05112781954887218 0.05935251798561151
npn 0.36165413533834584 0.322841726618705 0.04962406015037594 0.05935251798561151
diode 0.5060150375939849 0.6438848920863309 0.02556390977443609 0.039568345323741004
npn 0.8676691729323308 0.7005395683453237 0.05112781954887218 0.05935251798561151