resistor2 0.451505016722408 0.6997950819672131 0.016722408026755852 0.055327868852459015
resistor2 0.05518394648829431 0.5122950819672131 0.046822742474916385 0.02459016393442623
cross-line-curved 0.45652173913043476 0.2807377049180328 0.020066889632107024 0.036885245901639344
capacitor 0.41304347826086957 0.7008196721311475 0.033444816053511704 0.020491803278688523
nmos 0.5292642140468228 0.8586065573770492 0.06521739130434782 0.08196721311475409
nmos 0.18478260869565216 0.5 0.06856187290969899 0.08196721311475409
gnd 0.9381270903010034 0.6813524590163934 0.05016722408026756 0.02663934426229508
cross-line-curved 0.45652173913043476 0.5133196721311475 0.020066889632107024 0.0389344262295082
gnd 0.3612040133779264 0.6290983606557377 0.05016722408026756 0.028688524590163935
port 0.7132107023411371 0.9846311475409836 0.011705685618729096 0.018442622950819672
capacitor 0.5560200668896321 0.23975409836065573 0.015050167224080268 0.040983606557377046
gnd 0.8411371237458194 0.6813524590163934 0.05016722408026756 0.02663934426229508
nmos 0.4297658862876254 0.8586065573770492 0.06688963210702341 0.08196721311475409
nmos 0.774247491638796 0.6270491803278688 0.06688963210702341 0.08196721311475409
resistor2 0.6396321070234113 0.5543032786885246 0.01839464882943144 0.055327868852459015
resistor2 0.20652173913043478 0.6065573770491803 0.01839464882943144 0.05737704918032787
resistor2 0.5476588628762542 0.4036885245901639 0.0451505016722408 0.02459016393442623
resistor2 0.28846153846153844 0.6065573770491803 0.01839464882943144 0.05737704918032787
resistor2 0.9423076923076923 0.6198770491803278 0.01839464882943144 0.055327868852459015
cross-line-curved 0.5142140468227425 0.5133196721311475 0.01839464882943144 0.0389344262295082
capacitor 0.3996655518394649 0.4661885245901639 0.016722408026755852 0.0389344262295082
capacitor 0.40468227424749165 0.24077868852459017 0.016722408026755852 0.0389344262295082
resistor2 0.2491638795986622 0.8176229508196722 0.020066889632107024 0.05737704918032787
resistor2 0.5091973244147158 0.9395491803278688 0.01839464882943144 0.05942622950819672
nmos 0.5301003344481605 0.17725409836065573 0.06688963210702341 0.07991803278688525
diode 0.061872909698996656 0.39651639344262296 0.033444816053511704 0.02663934426229508
resistor2 0.362876254180602 0.5717213114754098 0.020066889632107024 0.05737704918032787
capacitor 0.8436454849498328 0.5573770491803278 0.03177257525083612 0.020491803278688523
nmos 0.6187290969899666 0.6290983606557377 0.06688963210702341 0.0778688524590164
nmos 0.7750836120401338 0.4036885245901639 0.06856187290969899 0.0778688524590164
nmos 0.18478260869565216 0.3483606557377049 0.06856187290969899 0.0778688524590164
cross-line-curved 0.5150501672240803 0.7920081967213115 0.016722408026755852 0.03483606557377049
resistor2 0.10702341137123746 0.07377049180327869 0.020066889632107024 0.05737704918032787
resistor2 0.8954849498327759 0.45491803278688525 0.048494983277591976 0.02459016393442623
resistor2 0.7968227424749164 0.4723360655737705 0.01839464882943144 0.055327868852459015
resistor2_3 0.5100334448160535 0.5829918032786885 0.016722408026755852 0.06352459016393443
resistor2 0.4523411371237458 0.9395491803278688 0.01839464882943144 0.05942622950819672
gnd 0.12709030100334448 0.6331967213114754 0.05016722408026756 0.028688524590163935
resistor2 0.6396321070234113 0.4723360655737705 0.01839464882943144 0.055327868852459015
capacitor 0.8319397993311036 0.17827868852459017 0.03177257525083612 0.020491803278688523
nmos 0.3110367892976589 0.4959016393442623 0.06688963210702341 0.07377049180327869
port 0.010869565217391304 0.5133196721311475 0.011705685618729096 0.014344262295081968
resistor2 0.842809364548495 0.6198770491803278 0.020066889632107024 0.05942622950819672
gnd 0.717391304347826 0.10245901639344263 0.046822742474916385 0.02459016393442623
resistor2 0.20652173913043478 0.07377049180327869 0.021739130434782608 0.05737704918032787
nmos 0.3102006688963211 0.3514344262295082 0.06856187290969899 0.07991803278688525
capacitor 0.9414715719063546 0.5573770491803278 0.033444816053511704 0.020491803278688523
capacitor 0.6312709030100334 0.9385245901639344 0.03177257525083612 0.020491803278688523
gnd 0.8285953177257525 0.22745901639344263 0.048494983277591976 0.02459016393442623
gnd 0.9038461538461539 0.22438524590163936 0.048494983277591976 0.02663934426229508
capacitor 0.09531772575250837 0.5573770491803278 0.033444816053511704 0.020491803278688523
nmos 0.6187290969899666 0.4047131147540984 0.06688963210702341 0.07991803278688525
resistor2 0.7048494983277592 0.6280737704918032 0.048494983277591976 0.022540983606557378
port 0.9724080267558528 0.5122950819672131 0.011705685618729096 0.01639344262295082
inductor 0.8929765886287625 0.5081967213114754 0.056856187290969896 0.02459016393442623
port 0.7525083612040134 0.01331967213114754 0.010033444816053512 0.014344262295081968
port 0.9205685618729097 0.8760245901639344 0.011705685618729096 0.014344262295081968
capacitor 0.8386287625418061 0.8288934426229508 0.03177257525083612 0.018442622950819672
capacitor 0.6421404682274248 0.0584016393442623 0.033444816053511704 0.022540983606557378
resistor2 0.12959866220735786 0.5717213114754098 0.01839464882943144 0.05737704918032787
gnd 0.09197324414715718 0.6065573770491803 0.05016722408026756 0.028688524590163935
gnd 0.6396321070234113 0.10655737704918032 0.048494983277591976 0.02459016393442623
gnd 0.05852842809364549 0.4487704918032787 0.05016722408026756 0.02459016393442623
resistor2 0.4807692307692308 0.07377049180327869 0.01839464882943144 0.05737704918032787
resistor2 0.28929765886287623 0.07377049180327869 0.020066889632107024 0.05737704918032787
cross-line-curved 0.5142140468227425 0.2786885245901639 0.01839464882943144 0.036885245901639344
nmos 0.4297658862876254 0.17827868852459017 0.06688963210702341 0.08196721311475409
resistor2_3 0.24749163879598662 0.5563524590163934 0.046822742474916385 0.02663934426229508
capacitor 0.6739130434782609 0.9385245901639344 0.03678929765886288 0.040983606557377046
cross-line-curved 0.20903010033444816 0.4067622950819672 0.020066889632107024 0.0389344262295082
cross-line-curved 0.2809364548494983 0.4067622950819672 0.020066889632107024 0.0389344262295082
resistor2 0.3996655518394649 0.5133196721311475 0.046822742474916385 0.02663934426229508
resistor2 0.7040133779264214 0.4067622950819672 0.046822742474916385 0.02663934426229508
cross-line-curved 0.6421404682274248 0.32889344262295084 0.020066889632107024 0.0389344262295082
capacitor 0.717391304347826 0.05942622950819672 0.03678929765886288 0.040983606557377046
capacitor 0.9046822742474916 0.18032786885245902 0.03678929765886288 0.040983606557377046
cross-line-curved 0.29180602006688966 0.2776639344262295 0.021739130434782608 0.0389344262295082
gnd 0.10702341137123746 0.45594262295081966 0.05351170568561873 0.03483606557377049
capacitor 0.10702341137123746 0.41188524590163933 0.03678929765886288 0.040983606557377046
resistor2 0.7976588628762542 0.5532786885245902 0.020066889632107024 0.05737704918032787
cross-line-curved 0.6446488294314381 0.6864754098360656 0.01839464882943144 0.036885245901639344
gnd 0.7224080267558528 0.9354508196721312 0.05351170568561873 0.03483606557377049
gnd 0.9297658862876255 0.826844262295082 0.05351170568561873 0.03483606557377049
capacitor 0.8812709030100334 0.8309426229508197 0.03678929765886288 0.0430327868852459
resistor2 0.5468227424749164 0.6280737704918032 0.046822742474916385 0.02663934426229508