port 0.053831231813773035 0.358148893360161 0.01066925315227934 0.02012072434607646
resistor 0.3113482056256062 0.40945674044265595 0.015518913676042677 0.07042253521126761
resistor 0.21241513094083414 0.8219315895372233 0.015518913676042677 0.07042253521126761
resistor 0.2749757516973812 0.8219315895372233 0.014548981571290009 0.07042253521126761
resistor 0.1542192046556741 0.43661971830985913 0.015518913676042677 0.06841046277665996
resistor 0.2735208535402522 0.2595573440643863 0.015518913676042677 0.06841046277665996
resistor 0.21096023278370515 0.26458752515090544 0.014548981571290009 0.07042253521126761
resistor 0.8331716779825412 0.5392354124748491 0.015518913676042677 0.06841046277665996
resistor 0.7769156159068865 0.3963782696177062 0.015518913676042677 0.06841046277665996
pnp 0.7090203685741998 0.8229376257545271 0.019398642095053348 0.06438631790744467
pnp 0.7706110572259942 0.7454728370221329 0.020368574199806012 0.06237424547283702
pnp 0.27982541222114454 0.35714285714285715 0.016488845780795344 0.05835010060362173
pnp 0.2046556741028128 0.3561368209255533 0.01745877788554801 0.060362173038229376
npn 0.7715809893307468 0.18712273641851107 0.01842870999030068 0.060362173038229376
npn 0.7061105722599418 0.1056338028169014 0.015518913676042677 0.06237424547283702
npn 0.46217264791464596 0.6016096579476862 0.016488845780795344 0.060362173038229376
npn 0.2677012609117362 0.7223340040241448 0.015518913676042677 0.060362173038229376
npn 0.2177497575169738 0.7253521126760564 0.01842870999030068 0.06237424547283702
capacitor 0.8346265761396702 0.6247484909456741 0.02424830261881668 0.030181086519114688
capacitor 0.12657613967022308 0.3561368209255533 0.012609117361784675 0.04426559356136821
capacitor 0.44180407371484 0.5261569416498993 0.014548981571290009 0.04627766599597585
capacitor 0.31086323957322987 0.4859154929577465 0.02424830261881668 0.026156941649899398
resistor 0.7148399612027158 0.630784708249497 0.015518913676042677 0.07042253521126761
resistor 0.7774005819592629 0.5412474849094567 0.014548981571290009 0.06841046277665996
voltage-lines 0.15470417070805043 0.7756539235412475 0.03200775945683802 0.05030181086519115
voltage-lines 0.14791464597478177 0.10462776659959759 0.030067895247332686 0.056338028169014086
port 0.3428709990300679 0.3561368209255533 0.01066925315227934 0.01609657947686117
port 0.6707080504364694 0.47283702213279677 0.012609117361784675 0.02414486921529175
port 0.8278370514064015 0.8883299798792756 0.008729388942774006 0.022132796780684104
inductor 0.871968962172648 0.4688128772635815 0.03297769156159069 0.02414486921529175
port 0.9529582929194956 0.47484909456740443 0.012609117361784675 0.028169014084507043
port 0.8268671193016489 0.04225352112676056 0.014548981571290009 0.02414486921529175
current 0.46750727449078566 0.14285714285714285 0.029097963142580018 0.060362173038229376
current 0.24151309408341415 0.12173038229376258 0.029097963142580018 0.05835010060362173
gnd 0.8336566440349176 0.7022132796780685 0.028128031037827354 0.03219315895372234
gnd 0.11833171677982542 0.744466800804829 0.029097963142580018 0.03219315895372234
gnd 0.3123181377303589 0.545271629778672 0.029097963142580018 0.03219315895372234
gnd 0.15518913676042678 0.53420523138833 0.029097963142580018 0.03420523138832998
gnd 0.14791464597478177 0.20925553319919518 0.028128031037827354 0.03219315895372234
voltage-lines 0.46799224054316196 0.3682092555331992 0.03200775945683802 0.0482897384305835
resistor 0.7143549951503395 0.323943661971831 0.014548981571290009 0.06841046277665996