capacitor 0.5123456790123457 0.3685393258426966 0.02292768959435626 0.0449438202247191
capacitor 0.35185185185185186 0.2258426966292135 0.02292768959435626 0.04269662921348315
capacitor 0.47442680776014107 0.5775280898876405 0.021164021164021163 0.0449438202247191
capacitor 0.21252204585537918 0.7853932584269663 0.02292768959435626 0.04269662921348315
resistor 0.5291005291005291 0.03146067415730337 0.05291005291005291 0.02696629213483146
resistor 0.6931216931216931 0.7910112359550562 0.05291005291005291 0.02696629213483146
gnd 0.07583774250440917 0.7696629213483146 0.04938271604938271 0.038202247191011236
port 0.8783068783068783 0.5202247191011236 0.010582010582010581 0.011235955056179775
single-end-amp 0.31305114638447973 0.5786516853932584 0.13580246913580246 0.19101123595505617
resistor 0.29365079365079366 0.3752808988764045 0.037037037037037035 0.08089887640449438
resistor 0.5123456790123457 0.4584269662921348 0.054673721340388004 0.02696629213483146
gnd 0.4638447971781305 0.49550561797752807 0.04938271604938271 0.038202247191011236
diode 0.7742504409171076 0.31910112359550563 0.031746031746031744 0.03146067415730337
resistor 0.291005291005291 0.2853932584269663 0.021164021164021163 0.06741573033707865
resistor 0.8536155202821869 0.4550561797752809 0.021164021164021163 0.0696629213483146
capacitor 0.2239858906525573 0.2247191011235955 0.021164021164021163 0.0449438202247191
gnd 0.28835978835978837 0.451685393258427 0.047619047619047616 0.035955056179775284
single-end-amp 0.6763668430335097 0.5213483146067416 0.13580246913580246 0.19325842696629214
resistor 0.11992945326278659 0.6393258426966292 0.05291005291005291 0.029213483146067417
resistor 0.8518518518518519 0.3146067415730337 0.021164021164021163 0.06741573033707865
resistor 0.2222222222222222 0.1404494382022472 0.05291005291005291 0.024719101123595506
diode 0.30687830687830686 0.7876404494382022 0.031746031746031744 0.033707865168539325
port 0.6904761904761905 0.23595505617977527 0.012345679012345678 0.01348314606741573