capacitor 0.7109243697478992 0.3844444444444444 0.03697478991596639 0.011111111111111112
gnd 0.5117647058823529 0.33555555555555555 0.04201680672268908 0.015555555555555555
gnd 0.43865546218487395 0.9827777777777778 0.043697478991596636 0.016666666666666666
resistor2 0.5302521008403361 0.8883333333333333 0.021848739495798318 0.043333333333333335
gnd 0.6470588235294118 0.8461111111111111 0.02689075630252101 0.03
current 0.3310924369747899 0.23333333333333334 0.043697478991596636 0.028888888888888888
capacitor 0.3764705882352941 0.6538888888888889 0.020168067226890758 0.025555555555555557
gnd 0.5302521008403361 0.9466666666666667 0.0453781512605042 0.017777777777777778
current 0.13025210084033614 0.6533333333333333 0.04201680672268908 0.028888888888888888
gnd 0.9563025210084034 0.06444444444444444 0.02689075630252101 0.028888888888888888
capacitor 0.3302521008403361 0.31222222222222223 0.04201680672268908 0.011111111111111112
gnd 0.5025210084033613 0.06555555555555556 0.02689075630252101 0.028888888888888888
capacitor 0.711764705882353 0.5522222222222222 0.03865546218487395 0.011111111111111112
current 0.6394957983193277 0.35333333333333333 0.07899159663865546 0.051111111111111114
port 0.9378151260504202 0.2688888888888889 0.02689075630252101 0.028888888888888888
gnd 0.711764705882353 0.5988888888888889 0.04201680672268908 0.015555555555555555
port 0.938655462184874 0.43722222222222223 0.02857142857142857 0.03
gnd 0.4756302521008403 0.3111111111111111 0.043697478991596636 0.015555555555555555
capacitor 0.8739495798319328 0.5211111111111111 0.023529411764705882 0.02666666666666667
capacitor 0.5747899159663865 0.845 0.020168067226890758 0.027777777777777776
current 0.5126050420168067 0.7966666666666666 0.0773109243697479 0.051111111111111114
gnd 0.3310924369747899 0.35944444444444446 0.043697478991596636 0.016666666666666666
capacitor 0.8739495798319328 0.0661111111111111 0.02689075630252101 0.025555555555555557
capacitor 0.5773109243697478 0.0661111111111111 0.021848739495798318 0.025555555555555557
resistor2 0.6218487394957983 0.2761111111111111 0.023529411764705882 0.043333333333333335
resistor2 0.6302521008403361 0.7488888888888889 0.06386554621848739 0.015555555555555555
capacitor 0.8663865546218488 0.27 0.018487394957983194 0.02666666666666667
gnd 0.7109243697478992 0.4305555555555556 0.043697478991596636 0.01888888888888889
gnd 0.1319327731092437 0.7305555555555555 0.0453781512605042 0.01888888888888889
capacitor 0.5579831932773109 0.2338888888888889 0.01680672268907563 0.025555555555555557
resistor2 0.6218487394957983 0.10777777777777778 0.023529411764705882 0.042222222222222223
capacitor 0.8739495798319328 0.35333333333333333 0.023529411764705882 0.02666666666666667
current 0.5302521008403361 0.7011111111111111 0.07899159663865546 0.051111111111111114
capacitor 0.865546218487395 0.43777777777777777 0.01680672268907563 0.02666666666666667
current 0.6386554621848739 0.5211111111111111 0.0773109243697479 0.051111111111111114
inductor 0.5647058823529412 0.6044444444444445 0.023529411764705882 0.05333333333333334
inductor 0.5310924369747899 0.6055555555555555 0.023529411764705882 0.05333333333333334
inductor 0.25630252100840334 0.6755555555555556 0.021848739495798318 0.05333333333333334
inductor 0.22016806722689075 0.6755555555555556 0.023529411764705882 0.05333333333333334
inductor 0.4319327731092437 0.9166666666666666 0.023529411764705882 0.05333333333333334
resistor2 0.4403361344537815 0.8388888888888889 0.023529411764705882 0.044444444444444446
resistor2 0.8218487394957983 0.47888888888888886 0.023529411764705882 0.044444444444444446
resistor2 0.8218487394957983 0.39666666666666667 0.023529411764705882 0.044444444444444446
resistor2 0.8218487394957983 0.31 0.023529411764705882 0.044444444444444446
resistor2 0.8218487394957983 0.22777777777777777 0.023529411764705882 0.044444444444444446
resistor2 0.5109243697478991 0.27666666666666667 0.023529411764705882 0.044444444444444446
inductor 0.45210084033613446 0.25666666666666665 0.023529411764705882 0.05333333333333334
inductor 0.42100840336134454 0.25666666666666665 0.021848739495798318 0.05333333333333334
inductor 0.6302521008403361 0.18333333333333332 0.023529411764705882 0.05333333333333334
vdd 0.6201680672268908 0.018333333333333333 0.02689075630252101 0.014444444444444444