resistor 0.43823146944083224 0.15812720848056538 0.02080624187256177 0.05123674911660778
resistor 0.5325097529258778 0.8860424028268551 0.0377113133940182 0.026501766784452298
capacitor 0.5065019505851756 0.14045936395759717 0.01950585175552666 0.015901060070671377
capacitor 0.8394018205461639 0.13957597173144876 0.01950585175552666 0.0176678445229682
capacitor 0.15604681404421328 0.4796819787985866 0.013003901170351105 0.026501766784452298
resistor 0.6488946684005201 0.29858657243816256 0.036410923276983094 0.024734982332155476
gnd 0.8374512353706112 0.20318021201413428 0.02340702210663199 0.02120141342756184
resistor 0.8302990897269181 0.5768551236749117 0.022106631989596878 0.054770318021201414
resistor 0.7041612483745123 0.14575971731448764 0.01950585175552666 0.05123674911660778
resistor 0.3309492847854356 0.39399293286219084 0.022106631989596878 0.053003533568904596
nmos 0.6931079323797139 0.7508833922261484 0.036410923276983094 0.07773851590106007
resistor 0.6547464239271782 0.4275618374558304 0.01950585175552666 0.053003533568904596
resistor 0.11053315994798439 0.48056537102473496 0.036410923276983094 0.028268551236749116
resistor 0.43953185955786733 0.5300353356890459 0.02080624187256177 0.053003533568904596
resistor 0.6553966189856957 0.5865724381625441 0.02080624187256177 0.053003533568904596
port 0.8810143042912874 0.4920494699646643 0.009102730819245773 0.015901060070671377
current 0.8790637191157347 0.13427561837455831 0.036410923276983094 0.04946996466431095
npn 0.45253576072821844 0.3542402826855124 0.033810143042912875 0.06537102473498234
npn 0.25942782834850453 0.3551236749116608 0.032509752925877766 0.07420494699646643
capacitor 0.4895968790637191 0.8392226148409894 0.01950585175552666 0.02120141342756184
diode 0.3387516254876463 0.6722614840989399 0.022106631989596878 0.022968197879858657
pnp 0.6937581274382315 0.23233215547703182 0.035110533159947985 0.07597173144876325
capacitor 0.8387516254876463 0.8418727915194346 0.018205461638491547 0.019434628975265017
resistor 0.35565669700910274 0.1704946996466431 0.022106631989596878 0.05123674911660778
gnd 0.35695708712613783 0.3507067137809187 0.022106631989596878 0.019434628975265017
gnd 0.5149544863459038 0.7111307420494699 0.02340702210663199 0.019434628975265017
resistor 0.3641092327698309 0.5627208480565371 0.02080624187256177 0.05123674911660778
resistor 0.7054616384915474 0.8356890459363958 0.022106631989596878 0.053003533568904596
resistor 0.4388816644993498 0.4293286219081272 0.01950585175552666 0.053003533568904596
pnp 0.26007802340702213 0.6086572438162544 0.033810143042912875 0.06537102473498234
resistor 0.6501950585175552 0.6704946996466431 0.036410923276983094 0.026501766784452298
resistor 0.5136540962288687 0.6439929328621908 0.02080624187256177 0.054770318021201414
resistor 0.17230169050715213 0.5759717314487632 0.01950585175552666 0.053003533568904596
npn 0.6918075422626788 0.5141342756183745 0.033810143042912875 0.07773851590106007
resistor 0.8296488946684005 0.4169611307420495 0.02080624187256177 0.053003533568904596
voltage 0.06371911573472042 0.5415194346289752 0.033810143042912875 0.04770318021201413
resistor 0.5494148244473342 0.09540636042402827 0.035110533159947985 0.024734982332155476
resistor 0.43953185955786733 0.823321554770318 0.02080624187256177 0.053003533568904596
resistor 0.27308192457737324 0.4284452296819788 0.02080624187256177 0.05123674911660778
resistor 0.27243172951885564 0.5318021201413428 0.01950585175552666 0.045936395759717315
voltage 0.8790637191157347 0.8356890459363958 0.036410923276983094 0.04946996466431095
port 0.8732119635890767 0.299469964664311 0.009102730819245773 0.012367491166077738
resistor 0.2737321196358908 0.15812720848056538 0.022106631989596878 0.05123674911660778
pnp 0.4518855656697009 0.6033568904593639 0.035110533159947985 0.07243816254416961
resistor 0.33940182054616386 0.8021201413427562 0.02080624187256177 0.053003533568904596
capacitor 0.7379713914174252 0.4107773851590106 0.022106631989596878 0.015901060070671377
resistor 0.27308192457737324 0.8259717314487632 0.02340702210663199 0.054770318021201414
diode 0.3550065019505852 0.30918727915194344 0.02340702210663199 0.024734982332155476
port 0.17230169050715213 0.7014134275618374 0.0247074122236671 0.02120141342756184
port 0.8868660598179454 0.6704946996466431 0.02600780234070221 0.022968197879858657
port 0.8381014304291288 0.7464664310954063 0.0247074122236671 0.022968197879858657
gnd 0.5052015604681405 0.18992932862190812 0.0247074122236671 0.022968197879858657
port 0.3381014304291287 0.6439929328621908 0.02600780234070221 0.022968197879858657