resistor 0.18019480519480519 0.34861809045226133 0.03896103896103896 0.03391959798994975
capacitor 0.05560064935064935 0.4899497487437186 0.010551948051948052 0.032663316582914576
pnp 0.5722402597402597 0.40515075376884424 0.037337662337662336 0.09170854271356783
resistor 0.3575487012987013 0.6388190954773869 0.02353896103896104 0.06909547738693467
capacitor 0.924512987012987 0.5603015075376885 0.022727272727272728 0.017587939698492462
gnd 0.2849025974025974 0.39886934673366836 0.024350649350649352 0.02386934673366834
pnp 0.34334415584415584 0.26319095477386933 0.03409090909090909 0.08668341708542714
resistor 0.16964285714285715 0.6180904522613065 0.037337662337662336 0.035175879396984924
port 0.7792207792207793 0.9013819095477387 0.00974025974025974 0.013819095477386936
gnd 0.05560064935064935 0.3844221105527638 0.02353896103896104 0.022613065326633167
resistor 0.9241071428571429 0.6538944723618091 0.021915584415584416 0.06658291457286432
capacitor 0.137987012987013 0.4064070351758794 0.022727272727272728 0.016331658291457288
capacitor 0.5584415584415584 0.5471105527638191 0.011363636363636364 0.03391959798994975
resistor 0.6814123376623377 0.5891959798994975 0.041396103896103896 0.03768844221105527
capacitor 0.393262987012987 0.4057788944723618 0.010551948051948052 0.035175879396984924
resistor 0.09659090909090909 0.3479899497487437 0.03896103896103896 0.032663316582914576
resistor 0.8141233766233766 0.6268844221105527 0.021103896103896104 0.0678391959798995
pnp 0.7357954545454546 0.44660804020100503 0.033279220779220776 0.08668341708542714
gnd 0.3575487012987013 0.7097989949748744 0.02353896103896104 0.022613065326633167
resistor 0.3575487012987013 0.1564070351758794 0.021915584415584416 0.06155778894472362
pnp 0.4898538961038961 0.2506281407035176 0.033279220779220776 0.09170854271356783
resistor 0.5044642857142857 0.8379396984924623 0.02353896103896104 0.06532663316582915
inductor 0.8571428571428571 0.5138190954773869 0.05194805194805195 0.02763819095477387
resistor 0.4395292207792208 0.1727386934673367 0.02353896103896104 0.06658291457286432
gnd 0.924512987012987 0.7236180904522613 0.024350649350649352 0.022613065326633167
resistor 0.5036525974025974 0.7110552763819096 0.021915584415584416 0.0678391959798995
pnp 0.7362012987012987 0.5910804020100503 0.03409090909090909 0.08668341708542714
resistor 0.28368506493506496 0.1865577889447236 0.021915584415584416 0.06909547738693467
resistor 0.2840909090909091 0.3278894472361809 0.022727272727272728 0.06281407035175879
gnd 0.3027597402597403 0.5967336683417085 0.024350649350649352 0.022613065326633167
resistor 0.26136363636363635 0.4748743718592965 0.03896103896103896 0.035175879396984924
resistor 0.08319805194805195 0.553391959798995 0.021915584415584416 0.06407035175879397
gnd 0.08319805194805195 0.6262562814070352 0.02353896103896104 0.02386934673366834
resistor 0.6814123376623377 0.4478643216080402 0.041396103896103896 0.03391959798994975
pnp 0.42613636363636365 0.332286432160804 0.032467532467532464 0.08668341708542714
pnp 0.34334415584415584 0.47613065326633164 0.03409090909090909 0.08793969849246232
capacitor 0.640827922077922 0.6608040201005025 0.02353896103896104 0.020100502512562814
resistor 0.8189935064935064 0.33479899497487436 0.04220779220779221 0.03391959798994975
pnp 0.5726461038961039 0.6463567839195979 0.036525974025974024 0.09170854271356783
capacitor 0.30194805194805197 0.5345477386934674 0.024350649350649352 0.02135678391959799
diode 0.5036525974025974 0.47675879396984927 0.025162337662337664 0.03391959798994975
port 0.963474025974026 0.5226130653266332 0.04220779220779221 0.032663316582914576
diode 0.5032467532467533 0.5772613065326633 0.024350649350649352 0.03391959798994975
port 0.025162337662337664 0.48743718592964824 0.04220779220779221 0.032663316582914576
single-end-amp 0.1728896103896104 0.47550251256281406 0.040584415584415584 0.06658291457286432
port 0.7978896103896104 0.09170854271356783 0.04220779220779221 0.032663316582914576