resistor 0.60234375 0.5266497461928934 0.0203125 0.06345177664974619
capacitor 0.4578125 0.7296954314720813 0.021875 0.017766497461928935
voltage 0.9609375 0.5393401015228426 0.0375 0.0583756345177665
resistor 0.6984375 0.4022842639593909 0.021875 0.06345177664974619
resistor 0.60390625 0.4022842639593909 0.0203125 0.06345177664974619
capacitor 0.2109375 0.1319796954314721 0.01875 0.02030456852791878
capacitor 0.90234375 0.5355329949238579 0.0171875 0.015228426395939087
capacitor 0.8171875 0.46573604060913704 0.009375 0.03299492385786802
capacitor 0.31171875 0.11802030456852793 0.0203125 0.017766497461928935
resistor 0.24375 0.748730964467005 0.01875 0.06598984771573604
voltage 0.96171875 0.3604060913705584 0.0359375 0.06091370558375635
resistor 0.3890625 0.09898477157360407 0.021875 0.06091370558375635
resistor 0.784375 0.5406091370558376 0.025 0.06598984771573604
capacitor 0.159375 0.49111675126903553 0.021875 0.017766497461928935
resistor 0.38828125 0.30710659898477155 0.0203125 0.06091370558375635
resistor 0.859375 0.5279187817258884 0.021875 0.06598984771573604
resistor 0.35078125 0.04949238578680203 0.0390625 0.03299492385786802
resistor 0.6984375 0.5266497461928934 0.01875 0.06345177664974619
resistor 0.38828125 0.4010152284263959 0.0203125 0.06091370558375635
resistor 0.3203125 0.3895939086294416 0.021875 0.06345177664974619
resistor 0.2953125 0.75 0.01875 0.06345177664974619
pnp 0.590625 0.6357868020304569 0.034375 0.08883248730964467
resistor 0.534375 0.45685279187817257 0.021875 0.06598984771573604
capacitor 0.78125 0.631979695431472 0.021875 0.02030456852791878
capacitor 0.065625 0.5482233502538071 0.009375 0.030456852791878174
resistor 0.3578125 0.46446700507614214 0.0375 0.03553299492385787
pnp 0.521875 0.6878172588832487 0.034375 0.09137055837563451
capacitor 0.4921875 0.4251269035532995 0.021875 0.017766497461928935
gnd 0.21015625 0.20812182741116753 0.0234375 0.025380710659898477
pnp 0.590625 0.2703045685279188 0.034375 0.08883248730964467
pnp 0.4453125 0.35406091370558374 0.03125 0.08883248730964467
resistor 0.19140625 0.7233502538071066 0.0234375 0.06598984771573604
current 0.0296875 0.6649746192893401 0.034375 0.05583756345177665
pnp 0.68515625 0.631979695431472 0.0328125 0.09137055837563451
resistor 0.1921875 0.3350253807106599 0.021875 0.06598984771573604
capacitor 0.3546875 0.5901015228426396 0.009375 0.03299492385786802
pnp 0.68671875 0.2715736040609137 0.0328125 0.09137055837563451
npn 0.37734375 0.7017766497461929 0.0328125 0.08883248730964467
gnd 0.78359375 0.6941624365482234 0.0234375 0.02284263959390863
pnp 0.23203125 0.5469543147208121 0.0328125 0.08883248730964467
resistor 0.2484375 0.050761421319796954 0.040625 0.03553299492385787
capacitor 0.75703125 0.35279187817258884 0.0203125 0.015228426395939087
pnp 0.521875 0.217005076142132 0.03125 0.08883248730964467
gnd 0.03046875 0.7779187817258884 0.0234375 0.02284263959390863
gnd 0.86015625 0.6522842639593909 0.0234375 0.025380710659898477
resistor 0.1203125 0.5482233502538071 0.040625 0.03553299492385787
resistor 0.3890625 0.20939086294416243 0.021875 0.06345177664974619
port 0.32109375 0.25 0.0234375 0.03299492385786802
port 0.15703125 0.41751269035532995 0.0234375 0.03299492385786802
npn 0.2828125 0.6142131979695431 0.034375 0.09137055837563451
gnd 0.3140625 0.1814720812182741 0.025 0.027918781725888325