pmos 0.6986111111111111 0.34657039711191334 0.041666666666666664 0.05776173285198556
resistor 0.8 0.6290613718411552 0.022222222222222223 0.052346570397111915
capacitor 0.4326388888888889 0.4711191335740072 0.02361111111111111 0.039711191335740074
gnd 0.3020833333333333 0.2851985559566787 0.029166666666666667 0.01444043321299639
resistor 0.7166666666666667 0.23916967509025272 0.025 0.048736462093862815
current 0.88125 0.47924187725631767 0.029166666666666667 0.03790613718411552
resistor 0.13680555555555557 0.7030685920577617 0.02361111111111111 0.052346570397111915
gnd 0.88125 0.526173285198556 0.029166666666666667 0.016245487364620937
resistor 0.5548611111111111 0.27256317689530685 0.02361111111111111 0.05054151624548736
nmos 0.6958333333333333 0.5803249097472925 0.04722222222222222 0.05595667870036101
resistor 0.3784722222222222 0.7689530685920578 0.02361111111111111 0.05415162454873646
capacitor 0.6493055555555556 0.694043321299639 0.02638888888888889 0.04151624548736462
gnd 0.022222222222222223 0.5992779783393501 0.030555555555555555 0.01444043321299639
resistor 0.49930555555555556 0.6931407942238267 0.04027777777777778 0.032490974729241874
capacitor 0.8270833333333333 0.47833935018050544 0.02361111111111111 0.039711191335740074
capacitor 0.2569444444444444 0.7075812274368231 0.030555555555555555 0.032490974729241874
voltage 0.021527777777777778 0.5550541516245487 0.029166666666666667 0.03790613718411552
gnd 0.5569444444444445 0.871841155234657 0.030555555555555555 0.018050541516245487
capacitor 0.6069444444444444 0.4675090252707581 0.030555555555555555 0.032490974729241874
capacitor 0.07430555555555556 0.5541516245487365 0.02361111111111111 0.039711191335740074
nmos 0.5395833333333333 0.453971119133574 0.04027777777777778 0.05595667870036101
resistor 0.4479166666666667 0.18050541516245489 0.0375 0.02888086642599278
nmos 0.36041666666666666 0.5379061371841155 0.04583333333333333 0.05776173285198556
resistor 0.20069444444444445 0.5532490974729242 0.04027777777777778 0.03429602888086643
resistor 0.7159722222222222 0.7788808664259927 0.02361111111111111 0.052346570397111915
resistor 0.46805555555555556 0.5631768953068592 0.022222222222222223 0.05054151624548736
resistor 0.6090277777777777 0.7788808664259927 0.02361111111111111 0.052346570397111915
resistor 0.5576388888888889 0.5613718411552346 0.02361111111111111 0.05054151624548736
resistor 0.3784722222222222 0.34747292418772563 0.02361111111111111 0.048736462093862815
capacitor 0.3020833333333333 0.21750902527075813 0.03194444444444444 0.03429602888086643