gnd 0.9311064718162839 0.8990147783251231 0.029227557411273485 0.06403940886699508
capacitor 0.9311064718162839 0.6847290640394089 0.033402922755741124 0.04926108374384237
port 0.13569937369519833 0.5689655172413793 0.012526096033402923 0.034482758620689655
resistor 0.7432150313152401 0.6798029556650246 0.016701461377870562 0.08866995073891626
vdd 0.44154488517745305 0.1330049261083744 0.031315240083507306 0.029556650246305417
resistor 0.8361169102296451 0.6798029556650246 0.018789144050104383 0.08866995073891626
gnd 0.7432150313152401 0.9014778325123153 0.029227557411273485 0.059113300492610835
port 0.17640918580375783 0.6847290640394089 0.018789144050104383 0.03940886699507389
single-end-amp 0.44154488517745305 0.5689655172413793 0.2150313152400835 0.5566502463054187
gnd 0.837160751565762 0.9039408866995073 0.029227557411273485 0.06403940886699508
port 0.017745302713987474 0.5714285714285714 0.010438413361169102 0.029556650246305417
capacitor 0.744258872651357 0.8004926108374384 0.031315240083507306 0.04433497536945813
gnd 0.44363256784968685 0.8669950738916257 0.03549060542797495 0.029556650246305417