resistor 0.2062937062937063 0.5401069518716578 0.04428904428904429 0.10695187165775401
inductor 0.2062937062937063 0.7700534759358288 0.1048951048951049 0.03208556149732621
single-end-amp 0.5174825174825175 0.40106951871657753 0.2331002331002331 0.2994652406417112
resistor 0.5116550116550117 0.08288770053475936 0.09557109557109557 0.053475935828877004
gnd 0.20745920745920746 0.6885026737967914 0.06060606060606061 0.045454545454545456
inductor 0.5093240093240093 0.7687165775401069 0.1048951048951049 0.034759358288770054
port 0.9382284382284383 0.4077540106951872 0.030303030303030304 0.040106951871657755
capacitor 0.3578088578088578 0.9117647058823529 0.030303030303030304 0.06951871657754011
resistor 0.1351981351981352 0.3516042780748663 0.09324009324009325 0.05614973262032086
port 0.5128205128205128 0.5334224598930482 0.03263403263403263 0.034759358288770054
port 0.5151515151515151 0.27807486631016043 0.03263403263403263 0.0427807486631016