resistor 0.6181948424068768 0.8629550321199143 0.0988538681948424 0.09850107066381156
capacitor 0.7406876790830945 0.8661670235546038 0.04297994269340974 0.1006423982869379
port 0.16332378223495703 0.43576017130620986 0.07163323782234957 0.08779443254817987
inductor 0.416189111747851 0.5428265524625268 0.07020057306590258 0.1349036402569593
gnd 0.9555873925501432 0.5342612419700214 0.054441260744985676 0.06209850107066381
capacitor 0.2979942693409742 0.43576017130620986 0.02865329512893983 0.09207708779443255
inductor 0.6181948424068768 0.8629550321199143 0.0988538681948424 0.09850107066381156
gnd 0.663323782234957 0.7269807280513919 0.054441260744985676 0.06209850107066381
nmos 0.6124641833810889 0.43576017130620986 0.11031518624641834 0.16916488222698073
nmos 0.8531518624641834 0.44325481798715205 0.11891117478510028 0.17130620985010706
inductor 0.7585959885386819 0.17558886509635974 0.0673352435530086 0.13704496788008566
inductor 0.6848137535816619 0.5952890792291221 0.0659025787965616 0.13276231263383298
port 0.3868194842406877 0.6541755888650964 0.022922636103151862 0.027837259100642397
port 0.7320916905444126 0.08029978586723768 0.017191977077363897 0.023554603854389723
port 0.2607449856733524 0.9678800856531049 0.02865329512893983 0.03854389721627409