capacitor 0.7085635359116023 0.449671772428884 0.027624309392265192 0.08971553610503283
capacitor 0.5062154696132597 0.5919037199124726 0.026243093922651933 0.09409190371991247
gnd 0.4116022099447514 0.7866520787746171 0.027624309392265192 0.05908096280087528
inductor 0.3660220994475138 0.19037199124726478 0.03591160220994475 0.11816192560175055
port 0.1830110497237569 0.6367614879649891 0.015193370165745856 0.02188183807439825
inductor 0.75 0.2833698030634573 0.03591160220994475 0.12035010940919037
nmos 0.4129834254143646 0.43982494529540483 0.06353591160220995 0.16192560175054704
inductor 0.32734806629834257 0.5842450765864332 0.03591160220994475 0.12253829321663019
gnd 0.3169889502762431 0.7100656455142232 0.029005524861878452 0.05470459518599562
gnd 0.7375690607734806 0.9299781181619255 0.027624309392265192 0.05689277899343545
inductor 0.4240331491712707 0.6739606126914661 0.03591160220994475 0.1137855579868709
inductor 0.18922651933701656 0.5350109409190372 0.03038674033149171 0.12472647702407003
capacitor 0.35290055248618785 0.8424507658643327 0.026243093922651933 0.09190371991247265
capacitor 0.1464088397790055 0.43435448577680524 0.019337016574585635 0.08533916849015317
nmos 0.2921270718232044 0.4365426695842451 0.05939226519337017 0.15973741794310722
capacitor 0.7997237569060773 0.44638949671772427 0.027624309392265192 0.087527352297593
port 0.8598066298342542 0.4474835886214442 0.062154696132596686 0.10284463894967177
gnd 0.46408839779005523 0.5284463894967177 0.03038674033149171 0.05470459518599562
resistor 0.600828729281768 0.8336980306345733 0.027624309392265192 0.12253829321663019
port 0.09737569060773481 0.4299781181619256 0.04005524861878453 0.07658643326039387
nmos 0.7161602209944752 0.7461706783369803 0.062154696132596686 0.16192560175054704
inductor 0.6415745856353591 0.4102844638949672 0.05662983425414365 0.08096280087527352
resistor 0.574585635359116 0.4442013129102845 0.052486187845303865 0.0787746170678337
resistor 0.2962707182320442 0.8358862144420132 0.05386740331491713 0.0962800875273523
port 0.7361878453038674 0.1925601750547046 0.022099447513812154 0.0262582056892779
port 0.35290055248618785 0.09846827133479212 0.023480662983425413 0.030634573304157548