inductor 0.2690631808278867 0.413013698630137 0.12854030501089325 0.023287671232876714
gnd 0.6416122004357299 0.6431506849315068 0.07625272331154684 0.026027397260273973
inductor 0.4760348583877996 0.8719178082191781 0.037037037037037035 0.08356164383561644
capacitor 0.1318082788671024 0.5547945205479452 0.0718954248366013 0.024657534246575342
resistor 0.5413943355119826 0.7335616438356164 0.0718954248366013 0.026027397260273973
inductor 0.4760348583877996 0.5678082191780822 0.032679738562091505 0.0863013698630137
inductor 0.2581699346405229 0.7280821917808219 0.12854030501089325 0.02054794520547945
port 0.29520697167755994 0.03356164383561644 0.06318082788671024 0.03972602739726028
resistor 0.4673202614379085 0.2465753424657534 0.04139433551198257 0.04657534246575343
resistor 0.1318082788671024 0.2732876712328767 0.04139433551198257 0.04794520547945205
resistor 0.7450980392156863 0.4047945205479452 0.04357298474945534 0.04794520547945205
gnd 0.47167755991285404 0.9828767123287672 0.08061002178649238 0.026027397260273973
capacitor 0.6427015250544662 0.563013698630137 0.07407407407407407 0.021917808219178082
port 0.08823529411764706 0.7328767123287672 0.058823529411764705 0.038356164383561646
capacitor 0.5392156862745098 0.2993150684931507 0.037037037037037035 0.050684931506849315
gnd 0.7450980392156863 0.4952054794520548 0.07407407407407407 0.026027397260273973
nmos 0.43137254901960786 0.7315068493150685 0.10893246187363835 0.09315068493150686
port 0.16884531590413943 0.8054794520547945 0.0457516339869281 0.03287671232876712
capacitor 0.3311546840958606 0.8054794520547945 0.0392156862745098 0.06301369863013699
port 0.6710239651416122 0.7335616438356164 0.06100217864923747 0.03972602739726028
nmos 0.4226579520697168 0.41506849315068495 0.10021786492374728 0.09315068493150686
inductor 0.4749455337690632 0.15273972602739727 0.034858387799564274 0.0863013698630137
port 0.8278867102396514 0.30068493150684933 0.05228758169934641 0.03424657534246575