gnd 0.3333333333333333 0.5821678321678322 0.029689608636977057 0.045454545454545456
resistor 0.5661268556005398 0.38461538461538464 0.02564102564102564 0.06993006993006994
resistor 0.6889338731443995 0.6678321678321678 0.022941970310391364 0.06993006993006994
capacitor 0.3340080971659919 0.1258741258741259 0.0310391363022942 0.04195804195804196
resistor 0.49865047233468285 0.7972027972027972 0.022941970310391364 0.06993006993006994
resistor 0.9473684210526315 0.1993006993006993 0.024291497975708502 0.06993006993006994
current 0.8792172739541161 0.26223776223776224 0.03643724696356275 0.09090909090909091
resistor 0.3616734143049933 0.458041958041958 0.021592442645074223 0.06293706293706294
voltage 0.033738191632928474 0.486013986013986 0.03508771929824561 0.09090909090909091
resistor 0.7564102564102564 0.30594405594405594 0.02564102564102564 0.07342657342657342
resistor 0.16869095816464239 0.8006993006993007 0.024291497975708502 0.06993006993006994
current 0.6889338731443995 0.26223776223776224 0.03643724696356275 0.09090909090909091
resistor 0.6882591093117408 0.8094405594405595 0.024291497975708502 0.06643356643356643
current 0.16936572199730093 0.26223776223776224 0.03643724696356275 0.09090909090909091
gnd 0.3333333333333333 0.9545454545454546 0.032388663967611336 0.04195804195804196
resistor 0.8785425101214575 0.4755244755244755 0.024291497975708502 0.06993006993006994
capacitor 0.9473684210526315 0.6398601398601399 0.032388663967611336 0.04195804195804196
resistor 0.10256410256410256 0.38636363636363635 0.024291497975708502 0.07342657342657342
current 0.4973009446693657 0.26223776223776224 0.03643724696356275 0.09090909090909091
current 0.305668016194332 0.45454545454545453 0.02834008097165992 0.06993006993006994
port 0.26450742240215924 0.6188811188811189 0.008097165991902834 0.02097902097902098
port 0.40148448043184887 0.6188811188811189 0.006747638326585695 0.02097902097902098
port 0.9959514170040485 0.38286713286713286 0.008097165991902834 0.017482517482517484