capacitor 0.8706896551724138 0.5259938837920489 0.08189655172413793 0.0856269113149847
gnd 0.6584051724137931 0.9602446483180428 0.07543103448275862 0.0672782874617737
resistor 0.3728448275862069 0.5948012232415902 0.10775862068965517 0.11314984709480122
nmos 0.6120689655172413 0.42048929663608564 0.11206896551724138 0.22324159021406728
voltage 0.1875 0.3256880733944954 0.10344827586206896 0.1437308868501529
nmos 0.7058189655172413 0.7629969418960245 0.10991379310344827 0.22324159021406728
voltage 0.19181034482758622 0.591743119266055 0.10344827586206896 0.14984709480122324
resistor 0.3706896551724138 0.3241590214067278 0.10775862068965517 0.11009174311926606
gnd 0.04849137931034483 0.463302752293578 0.04956896551724138 0.10703363914373089
resistor 0.5657327586206896 0.17889908256880735 0.10560344827586207 0.10703363914373089
port 0.7176724137931034 0.1819571865443425 0.034482758620689655 0.05198776758409786