nmos 0.6853333333333333 0.2675544794188862 0.10133333333333333 0.09443099273607748
nmos 0.3506666666666667 0.7276029055690073 0.104 0.09443099273607748
nmos 0.4573333333333333 0.87409200968523 0.12 0.11138014527845036
port 0.716 0.5024213075060533 0.04 0.031476997578692496
inductor 0.6173333333333333 0.6016949152542372 0.11466666666666667 0.05569007263922518
inductor 0.616 0.14527845036319612 0.11733333333333333 0.05811138014527845
nmos 0.3506666666666667 0.26997578692493945 0.104 0.09443099273607748
gnd 0.508 0.9661016949152542 0.06666666666666667 0.03389830508474576
port 0.716 0.04600484261501211 0.04 0.03389830508474576
inductor 0.408 0.6029055690072639 0.11733333333333333 0.053268765133171914
capacitor 0.8973333333333333 0.4128329297820823 0.17866666666666667 0.06537530266343826
inductor 0.408 0.14527845036319612 0.11733333333333333 0.053268765133171914
capacitor 0.13733333333333334 0.41404358353510895 0.184 0.06295399515738499
nmos 0.6866666666666666 0.7263922518159807 0.104 0.09685230024213075
nmos 0.45466666666666666 0.42736077481840196 0.12 0.1089588377723971
port 0.3546666666666667 0.87409200968523 0.021333333333333333 0.01937046004842615