port 0.8589315525876461 0.3118131868131868 0.028380634390651086 0.024725274725274724
vdd 0.6527545909849749 0.554945054945055 0.04006677796327212 0.03296703296703297
nmos 0.44824707846410683 0.7644230769230769 0.07846410684474124 0.07554945054945054
pmos 0.6176961602671118 0.6229395604395604 0.08013355592654424 0.07554945054945054
pmos 0.44824707846410683 0.10096153846153846 0.08180300500834725 0.07554945054945054
port 0.8589315525876461 0.8337912087912088 0.028380634390651086 0.024725274725274724
port 0.15609348914858096 0.7005494505494505 0.028380634390651086 0.024725274725274724
port 0.15609348914858096 0.17857142857142858 0.028380634390651086 0.024725274725274724
port 0.8589315525876461 0.20741758241758243 0.028380634390651086 0.024725274725274724
pmos 0.27796327212020033 0.6236263736263736 0.07512520868113523 0.07417582417582418
pmos 0.6176961602671118 0.10164835164835165 0.08013355592654424 0.07692307692307693
pmos 0.7821368948247078 0.6215659340659341 0.07846410684474124 0.07554945054945054
port 0.15275459098497496 0.10164835164835165 0.028380634390651086 0.024725274725274724
gnd 0.8163606010016694 0.45467032967032966 0.04006677796327212 0.03571428571428571
gnd 0.3121869782971619 0.45467032967032966 0.04006677796327212 0.03571428571428571
gnd 0.6510851419031719 0.978021978021978 0.04340567612687813 0.03571428571428571
pmos 0.7829716193656093 0.10164835164835165 0.08013355592654424 0.07692307692307693
nmos 0.27879799666110183 0.38186813186813184 0.07679465776293823 0.07692307692307693
nmos 0.7838063439065108 0.904532967032967 0.07512520868113523 0.07554945054945054
gnd 0.3121869782971619 0.978021978021978 0.04340567612687813 0.03571428571428571
nmos 0.6176961602671118 0.38255494505494503 0.07679465776293823 0.0782967032967033
gnd 0.48247078464106846 0.45535714285714285 0.04340567612687813 0.03708791208791209
port 0.2687813021702838 0.5508241758241759 0.02337228714524207 0.019230769230769232
nmos 0.44908180300500833 0.38255494505494503 0.07679465776293823 0.0782967032967033
vdd 0.8163606010016694 0.551510989010989 0.03672787979966611 0.034340659340659344
pmos 0.44657762938230383 0.6236263736263736 0.07846410684474124 0.07692307692307693
pmos 0.27879799666110183 0.10164835164835165 0.07679465776293823 0.07417582417582418
nmos 0.27796327212020033 0.7651098901098901 0.07846410684474124 0.07692307692307693
vdd 0.31302170283806346 0.5521978021978022 0.045075125208681135 0.03296703296703297
gnd 0.8155258764607679 0.9773351648351648 0.041736227045075125 0.034340659340659344
port 0.8589315525876461 0.7293956043956044 0.028380634390651086 0.024725274725274724
nmos 0.7838063439065108 0.38255494505494503 0.07512520868113523 0.07554945054945054
nmos 0.6176961602671118 0.9038461538461539 0.07679465776293823 0.07692307692307693
nmos 0.44908180300500833 0.904532967032967 0.07679465776293823 0.0782967032967033
nmos 0.27879799666110183 0.9038461538461539 0.07679465776293823 0.07692307692307693
vdd 0.31636060100166946 0.029532967032967032 0.045075125208681135 0.0260989010989011
gnd 0.48247078464106846 0.978021978021978 0.04340567612687813 0.03571428571428571
vdd 0.48330550918196996 0.5535714285714286 0.045075125208681135 0.03571428571428571
gnd 0.6502504173622704 0.45467032967032966 0.041736227045075125 0.03571428571428571
vdd 0.48247078464106846 0.02815934065934066 0.04674457429048414 0.0260989010989011
vdd 0.6519198664440734 0.027472527472527472 0.045075125208681135 0.024725274725274724
vdd 0.8155258764607679 0.027472527472527472 0.045075125208681135 0.024725274725274724
pmos 0.27796327212020033 0.2438186813186813 0.07846410684474124 0.07554945054945054
pmos 0.44490818030050083 0.2438186813186813 0.07846410684474124 0.07554945054945054