nmos 0.16390977443609023 0.5815347721822542 0.06315789473684211 0.11270983213429256
gnd 0.7796992481203008 0.9580335731414868 0.031578947368421054 0.050359712230215826
vdd 0.42857142857142855 0.05635491606714628 0.039097744360902256 0.045563549160671464
gnd 0.18571428571428572 0.9556354916067147 0.031578947368421054 0.05515587529976019
vdd 0.5909774436090226 0.05755395683453238 0.039097744360902256 0.04316546762589928
nmos 0.4052631578947368 0.580335731414868 0.058646616541353384 0.11031175059952038
pmos 0.4556390977443609 0.16546762589928057 0.05714285714285714 0.11031175059952038
vdd 0.1887218045112782 0.0539568345323741 0.03458646616541353 0.045563549160671464
port 0.09849624060150376 0.5815347721822542 0.04962406015037594 0.06954436450839328
nmos 0.162406015037594 0.8393285371702638 0.06015037593984962 0.11510791366906475
port 0.34135338345864663 0.8381294964028777 0.045112781954887216 0.06474820143884892
port 0.1 0.8381294964028777 0.04962406015037594 0.06954436450839328
nmos 0.6150375939849624 0.841726618705036 0.05714285714285714 0.11031175059952038
nmos 0.7556390977443609 0.841726618705036 0.058646616541353384 0.11510791366906475
port 0.34135338345864663 0.5779376498800959 0.045112781954887216 0.06235011990407674
nmos 0.4037593984962406 0.841726618705036 0.058646616541353384 0.11510791366906475
gnd 0.5909774436090226 0.9568345323741008 0.03007518796992481 0.047961630695443645
port 0.9022556390977443 0.5035971223021583 0.045112781954887216 0.05755395683453238
pmos 0.7548872180451128 0.16546762589928057 0.05714285714285714 0.11031175059952038
gnd 0.43007518796992483 0.9556354916067147 0.03007518796992481 0.050359712230215826
pmos 0.5669172932330827 0.16546762589928057 0.05413533834586466 0.11031175059952038
pmos 0.21203007518796993 0.1642685851318945 0.05714285714285714 0.11270983213429256
vdd 0.7781954887218046 0.0539568345323741 0.04962406015037594 0.05515587529976019