gnd 0.1101123595505618 0.9343365253077975 0.03146067415730337 0.024623803009575923
resistor 0.7803370786516854 0.6032831737346102 0.06629213483146068 0.05471956224350205
nmos 0.4 0.8399452804377565 0.05393258426966292 0.09028727770177838
pmos 0.36067415730337077 0.3700410396716826 0.05393258426966292 0.09165526675786594
gnd 0.898876404494382 0.9336525307797537 0.03146067415730337 0.023255813953488372
port 0.9601123595505618 0.6032831737346102 0.019101123595505618 0.024623803009575923
pmos 0.6494382022471911 0.3686730506155951 0.05393258426966292 0.09165526675786594
resistor 0.22640449438202248 0.6032831737346102 0.06629213483146068 0.05471956224350205
capacitor 0.15842696629213482 0.6025991792065664 0.024719101123595506 0.07797537619699042
pmos 0.40168539325842695 0.5 0.0550561797752809 0.09165526675786594
port 0.27752808988764044 0.3707250341997264 0.017977528089887642 0.024623803009575923
nmos 0.604494382022472 0.7017783857729138 0.05393258426966292 0.09028727770177838
nmos 0.8780898876404495 0.8385772913816689 0.0550561797752809 0.09028727770177838
pmos 0.6056179775280899 0.5013679890560876 0.05393258426966292 0.09165526675786594
vdd 0.8966292134831461 0.073187414500684 0.03146067415730337 0.023255813953488372
pmos 0.12921348314606743 0.17031463748290013 0.05393258426966292 0.09165526675786594
pmos 0.48314606741573035 0.17099863201094392 0.05393258426966292 0.09028727770177838
port 0.04550561797752809 0.6019151846785226 0.019101123595505618 0.024623803009575923
nmos 0.604494382022472 0.8392612859097127 0.05393258426966292 0.09165526675786594
gnd 0.6269662921348315 0.9343365253077975 0.03146067415730337 0.024623803009575923
pmos 0.8792134831460674 0.16757865937072502 0.0550561797752809 0.09165526675786594
vdd 0.5056179775280899 0.073187414500684 0.03146067415730337 0.023255813953488372
vdd 0.11123595505617978 0.07523939808481532 0.03146067415730337 0.024623803009575923
gnd 0.3808988764044944 0.9357045143638851 0.03146067415730337 0.024623803009575923
nmos 0.13258426966292136 0.8372093023255814 0.05393258426966292 0.09028727770177838
nmos 0.401123595505618 0.7038303693570451 0.05393258426966292 0.09165526675786594
capacitor 0.849438202247191 0.6019151846785226 0.024719101123595506 0.07934336525307797
port 0.7297752808988764 0.37140902872777015 0.019101123595505618 0.023255813953488372