port 0.26422764227642276 0.7388429752066116 0.024390243902439025 0.01652892561983471
vdd 0.5257452574525745 0.08512396694214876 0.08130081300813008 0.02809917355371901
pmos 0.48509485094850946 0.171900826446281 0.10298102981029811 0.07603305785123966
pmos 0.4905149051490515 0.27603305785123966 0.10298102981029811 0.07603305785123966
pmos 0.3224932249322493 0.41983471074380163 0.10298102981029811 0.07603305785123966
pmos 0.6747967479674797 0.41652892561983473 0.10298102981029811 0.07603305785123966
nmos 0.3319783197831978 0.5950413223140496 0.10569105691056911 0.07603305785123966
nmos 0.6761517615176151 0.5950413223140496 0.10569105691056911 0.07603305785123966
nmos 0.4905149051490515 0.8404958677685951 0.10298102981029811 0.07768595041322314
gnd 0.532520325203252 0.9322314049586777 0.1111111111111111 0.02975206611570248
port 0.26422764227642276 0.17768595041322313 0.018970189701897018 0.01818181818181818
port 0.26151761517615174 0.2768595041322314 0.024390243902439025 0.01818181818181818
port 0.2181571815718157 0.41983471074380163 0.024390243902439025 0.01652892561983471
port 0.44308943089430897 0.5074380165289256 0.03523035230352303 0.019834710743801654
port 0.21680216802168023 0.5917355371900826 0.02710027100271003 0.01652892561983471
port 0.5704607046070461 0.5942148760330579 0.024390243902439025 0.01818181818181818
port 0.5677506775067751 0.4206611570247934 0.024390243902439025 0.01818181818181818
port 0.7967479674796748 0.5066115702479339 0.032520325203252036 0.021487603305785124
port 0.26422764227642276 0.8371900826446281 0.024390243902439025 0.01818181818181818
nmos 0.489159891598916 0.7388429752066116 0.10569105691056911 0.07603305785123966