pmos 0.8907232704402516 0.351423487544484 0.05817610062893082 0.0800711743772242
port 0.05188679245283019 0.398576512455516 0.018867924528301886 0.021352313167259787
pmos 0.6533018867924528 0.1387900355871886 0.05817610062893082 0.07829181494661921
cross-line-curved 0.2059748427672956 0.5622775800711743 0.03773584905660377 0.028469750889679714
pmos 0.18396226415094338 0.39768683274021355 0.05660377358490566 0.07651245551601424
nmos 0.6525157232704403 0.4919928825622776 0.05660377358490566 0.0800711743772242
nmos 0.889937106918239 0.8674377224199288 0.05660377358490566 0.0800711743772242
port 0.47877358490566035 0.8656583629893239 0.01729559748427673 0.023131672597864767
gnd 0.6312893081761006 0.9786476868327402 0.0330188679245283 0.028469750889679714
pmos 0.8883647798742138 0.13701067615658363 0.059748427672955975 0.08185053380782918
pmos 0.3805031446540881 0.398576512455516 0.05660377358490566 0.07473309608540925
cross-line-curved 0.3577044025157233 0.5613879003558719 0.036163522012578615 0.026690391459074734
gnd 0.910377358490566 0.9822064056939501 0.031446540880503145 0.028469750889679714
port 0.04874213836477988 0.5658362989323843 0.018867924528301886 0.021352313167259787
cross-line-curved 0.6305031446540881 0.806049822064057 0.03459119496855346 0.02491103202846975
vdd 0.5833333333333334 0.03825622775800712 0.050314465408805034 0.023131672597864767
pmos 0.6509433962264151 0.3505338078291815 0.059748427672955975 0.07829181494661921
pmos 0.30660377358490565 0.25355871886120995 0.05660377358490566 0.07651245551601424
single-end-amp 0.7712264150943396 0.298932384341637 0.10849056603773585 0.1103202846975089
nmos 0.8875786163522013 0.49110320284697506 0.05817610062893082 0.08185053380782918
port 0.8349056603773585 0.4190391459074733 0.018867924528301886 0.019572953736654804
port 0.7067610062893082 0.4190391459074733 0.01729559748427673 0.019572953736654804
single-end-amp 0.7712264150943396 0.5453736654804271 0.10849056603773585 0.11565836298932385
nmos 0.610062893081761 0.8656583629893239 0.05345911949685535 0.0800711743772242
cross-line-curved 0.6312893081761006 0.6966192170818505 0.03930817610062893 0.026690391459074734
port 0.4143081761006289 0.25622775800711745 0.020440251572327043 0.021352313167259787