cross-line-curved 0.7070552147239264 0.8277777777777777 0.027607361963190184 0.018518518518518517
gnd 0.9171779141104295 0.9666666666666667 0.02147239263803681 0.025925925925925925
nmos 0.4401840490797546 0.8314814814814815 0.046012269938650305 0.06666666666666667
nmos 0.5421779141104295 0.5296296296296297 0.04141104294478527 0.06666666666666667
nmos 0.4386503067484663 0.6768518518518518 0.04294478527607362 0.06481481481481481
port 0.6150306748466258 0.5287037037037037 0.015337423312883436 0.020370370370370372
pmos 0.901840490797546 0.15648148148148147 0.04294478527607362 0.06481481481481481
pmos 0.9010736196319018 0.3388888888888889 0.04447852760736196 0.06296296296296296
nmos 0.3512269938650307 0.5305555555555556 0.04294478527607362 0.06481481481481481
nmos 0.901840490797546 0.6851851851851852 0.04294478527607362 0.06296296296296296
resistor 0.1602760736196319 0.3416666666666667 0.01687116564417178 0.03888888888888889
pmos 0.7223926380368099 0.3388888888888889 0.046012269938650305 0.06296296296296296
port 0.0843558282208589 0.5314814814814814 0.015337423312883436 0.018518518518518517
nmos 0.7223926380368099 0.6842592592592592 0.04294478527607362 0.06481481481481481
vdd 0.808282208588957 0.075 0.03680981595092025 0.020370370370370372
port 0.8604294478527608 0.512962962962963 0.015337423312883436 0.018518518518518517
cross-line-curved 0.7070552147239264 0.2759259259259259 0.027607361963190184 0.022222222222222223
nmos 0.7223926380368099 0.8759259259259259 0.04294478527607362 0.06666666666666667
pmos 0.723159509202454 0.15555555555555556 0.04447852760736196 0.06296296296296296
gnd 0.4233128834355828 0.9629629629629629 0.024539877300613498 0.025925925925925925
cross-line-curved 0.7070552147239264 0.7277777777777777 0.027607361963190184 0.022222222222222223
nmos 0.9026073619631901 0.8759259259259259 0.04447852760736196 0.06296296296296296
port 0.7645705521472392 0.512962962962963 0.01687116564417178 0.018518518518518517
port 0.2837423312883436 0.5296296296296297 0.015337423312883436 0.018518518518518517
nmos 0.14340490797546013 0.5296296296296297 0.04447852760736196 0.06666666666666667
gnd 0.7062883435582822 0.9657407407407408 0.02607361963190184 0.027777777777777776