pmos 0.4523411371237458 0.4507042253521127 0.0451505016722408 0.06438631790744467
pmos 0.39464882943143814 0.1981891348088531 0.043478260869565216 0.06639839034205232
pmos 0.14046822742474915 0.448692152917505 0.043478260869565216 0.06438631790744467
cross-line-curved 0.6872909698996655 0.7635814889336016 0.033444816053511704 0.026156941649899398
pmos 0.8854515050167224 0.3470824949698189 0.0451505016722408 0.06639839034205232
port 0.8444816053511706 0.5231388329979879 0.016722408026755852 0.02012072434607646
nmos 0.705685618729097 0.8893360160965795 0.043478260869565216 0.06438631790744467
gnd 0.6889632107023411 0.9788732394366197 0.023411371237458192 0.022132796780684104
nmos 0.887123745819398 0.8893360160965795 0.04180602006688963 0.06438631790744467
pmos 0.8862876254180602 0.15995975855130784 0.043478260869565216 0.06639839034205232
port 0.7466555183946488 0.5231388329979879 0.015050167224080268 0.02012072434607646
gnd 0.15802675585284282 0.9778672032193159 0.021739130434782608 0.02414486921529175
resistor 0.1588628762541806 0.744466800804829 0.016722408026755852 0.04024144869215292
vdd 0.7909698996655519 0.079476861167002 0.04013377926421405 0.018108651911468814
port 0.07357859531772576 0.4507042253521127 0.013377926421404682 0.01609657947686117
pmos 0.28511705685618727 0.448692152917505 0.0451505016722408 0.06438631790744467
port 0.22742474916387959 0.44969818913480886 0.016722408026755852 0.018108651911468814
nmos 0.705685618729097 0.6961770623742455 0.043478260869565216 0.06438631790744467
cross-line-curved 0.689799331103679 0.28672032193158953 0.028428093645484948 0.022132796780684104
pmos 0.705685618729097 0.16096579476861167 0.043478260869565216 0.06438631790744467
port 0.524247491638796 0.4517102615694165 0.015050167224080268 0.018108651911468814
pmos 0.7048494983277592 0.3460764587525151 0.0451505016722408 0.06438631790744467
pmos 0.39548494983277593 0.33400402414486924 0.04180602006688963 0.06841046277665996
cross-line-curved 0.6889632107023411 0.21629778672032193 0.030100334448160536 0.022132796780684104
nmos 0.8862876254180602 0.6981891348088531 0.043478260869565216 0.06438631790744467
gnd 0.9021739130434783 0.9798792756539235 0.02508361204013378 0.02414486921529175