vdd 0.5971093044263776 0.09610552763819095 0.05600722673893405 0.02386934673366834
port 0.950316169828365 0.5389447236180904 0.014453477868112014 0.020100502512562814
nmos 0.09530261969286359 0.7116834170854272 0.07136404697380307 0.12437185929648241
pmos 0.09349593495934959 0.29962311557788945 0.07136404697380307 0.11683417085427136
pmos 0.25474254742547425 0.3655778894472362 0.06865401987353206 0.11055276381909548
nmos 0.7028003613369467 0.7110552763819096 0.07407407407407407 0.11809045226130653
pmos 0.8626919602529358 0.29836683417085424 0.07046070460704607 0.11683417085427136
nmos 0.7014453477868112 0.5226130653266332 0.07136404697380307 0.11557788944723618
nmos 0.8626919602529358 0.6425879396984925 0.07046070460704607 0.114321608040201
gnd 0.5966576332429991 0.9403266331658291 0.08220415537488708 0.06407035175879397
nmos 0.37759710930442636 0.4528894472361809 0.07046070460704607 0.114321608040201
nmos 0.491869918699187 0.7129396984924623 0.07317073170731707 0.11683417085427136
nmos 0.25383920505871727 0.7644472361809045 0.07046070460704607 0.11683417085427136
pmos 0.4932249322493225 0.29962311557788945 0.07407407407407407 0.114321608040201
pmos 0.25383920505871727 0.5037688442211056 0.06684733514001806 0.11306532663316583
pmos 0.6996386630532972 0.2989949748743719 0.07136404697380307 0.11557788944723618
pmos 0.25248419150858176 0.6400753768844221 0.06775067750677506 0.114321608040201