gnd 0.5021691973969631 0.5869074492099323 0.06290672451193059 0.045146726862302484
port 0.8980477223427332 0.309255079006772 0.03036876355748373 0.03160270880361174
nmos 0.22342733188720174 0.5948081264108352 0.0911062906724512 0.10158013544018059
nmos 0.22342733188720174 0.309255079006772 0.0911062906724512 0.09932279909706546
current 0.5140997830802603 0.8419864559819413 0.09544468546637744 0.09932279909706546
nmos 0.7809110629067245 0.309255079006772 0.08676789587852494 0.09932279909706546
nmos 0.7809110629067245 0.5936794582392777 0.08676789587852494 0.09932279909706546
nmos 0.37310195227765725 0.43115124153498874 0.08676789587852494 0.09932279909706546
gnd 0.5140997830802603 0.9683972911963883 0.06073752711496746 0.045146726862302484
nmos 0.631236442516269 0.43115124153498874 0.0824295010845987 0.09932279909706546
port 0.9067245119305857 0.59255079006772 0.03036876355748373 0.029345372460496615
port 0.10954446854663774 0.59255079006772 0.03253796095444685 0.033860045146726865
port 0.11279826464208242 0.309255079006772 0.03036876355748373 0.03160270880361174