nmos 0.6514084507042254 0.61863173216885 0.046948356807511735 0.06404657933042213
resistor 0.7059859154929577 0.14556040756914118 0.03169014084507042 0.049490538573508006
inductor 0.8374413145539906 0.6819505094614265 0.05516431924882629 0.04512372634643377
inductor 0.3738262910798122 0.4228529839883552 0.03873239436619718 0.07132459970887918
gnd 0.26291079812206575 0.7903930131004366 0.03286384976525822 0.03202328966521106
gnd 0.7411971830985915 0.7911208151382824 0.03403755868544601 0.033478893740902474
inductor 0.3744131455399061 0.7430858806404658 0.03990610328638498 0.07132459970887918
inductor 0.375 0.14847161572052403 0.03873239436619718 0.07278020378457059
port 0.0534037558685446 0.6826783114992722 0.017605633802816902 0.020378457059679767
capacitor 0.09683098591549295 0.6834061135371179 0.022300469483568074 0.050946142649199416
gnd 0.505868544600939 0.9737991266375546 0.03286384976525822 0.02911208151382824
port 0.5363849765258216 0.2096069868995633 0.01643192488262911 0.020378457059679767
port 0.954225352112676 0.6826783114992722 0.01643192488262911 0.020378457059679767
port 0.7323943661971831 0.3318777292576419 0.01643192488262911 0.020378457059679767
inductor 0.17136150234741784 0.6826783114992722 0.056338028169014086 0.043668122270742356
vdd 0.6302816901408451 0.08078602620087336 0.03051643192488263 0.01601164483260553
current 0.505868544600939 0.8944687045123726 0.0539906103286385 0.06841339155749636
gnd 0.505868544600939 0.722707423580786 0.035211267605633804 0.03056768558951965
port 0.2734741784037559 0.6171761280931587 0.01643192488262911 0.020378457059679767
nmos 0.3550469483568075 0.33406113537117904 0.045774647887323945 0.06259097525473072
nmos 0.5710093896713615 0.5211062590975255 0.04812206572769953 0.06404657933042213
current 0.5052816901408451 0.6324599708879185 0.05516431924882629 0.06550218340611354
inductor 0.630868544600939 0.15138282387190685 0.03873239436619718 0.07278020378457059
capacitor 0.7411971830985915 0.7321688500727802 0.03873239436619718 0.026200873362445413
nmos 0.43779342723004694 0.5203784570596798 0.046948356807511735 0.06259097525473072
port 0.2746478873239437 0.3333333333333333 0.01643192488262911 0.020378457059679767
resistor 0.29988262910798125 0.14556040756914118 0.03169014084507042 0.049490538573508006
inductor 0.6320422535211268 0.43013100436681223 0.03873239436619718 0.07132459970887918
nmos 0.3550469483568075 0.6179039301310044 0.045774647887323945 0.06550218340611354
capacitor 0.9102112676056338 0.6826783114992722 0.01995305164319249 0.049490538573508006
port 0.47183098591549294 0.2088791848617176 0.01643192488262911 0.021834061135371178
port 0.7347417840375586 0.6193595342066958 0.01643192488262911 0.018922852983988356
vdd 0.3744131455399061 0.08005822416302766 0.03051643192488263 0.017467248908296942
capacitor 0.2634976525821596 0.7314410480349345 0.03873239436619718 0.024745269286754003
nmos 0.6502347417840375 0.3318777292576419 0.04460093896713615 0.06404657933042213
inductor 0.6320422535211268 0.7430858806404658 0.03873239436619718 0.07132459970887918
vdd 0.301056338028169 0.08224163027656478 0.03169014084507042 0.018922852983988356
vdd 0.7083333333333334 0.08078602620087336 0.03169014084507042 0.018922852983988356