capacitor 0.29396325459317585 0.3272058823529412 0.06824146981627296 0.058823529411764705
inductor 0.17060367454068243 0.1636029411764706 0.13648293963254593 0.10661764705882353
port 0.984251968503937 0.1636029411764706 0.031496062992125984 0.04044117647058824
current 0.3110236220472441 0.7150735294117647 0.10236220472440945 0.14338235294117646
resistor 0.9251968503937008 0.3272058823529412 0.06036745406824147 0.15441176470588236
gnd 0.9238845144356955 0.5294117647058824 0.06824146981627296 0.0661764705882353
inductor 0.6509186351706037 0.7169117647058824 0.07874015748031496 0.18382352941176472
port 0.38320209973753283 0.9411764705882353 0.031496062992125984 0.04411764705882353
current 0.473753280839895 0.32536764705882354 0.10236220472440945 0.14338235294117646
gnd 0.027559055118110236 0.1636029411764706 0.049868766404199474 0.09191176470588236
inductor 0.4540682414698163 0.7150735294117647 0.07874015748031496 0.1875
current 0.7913385826771654 0.7150735294117647 0.10236220472440945 0.14338235294117646
gnd 0.7217847769028871 0.9375 0.06824146981627296 0.0661764705882353