nmos 0.8282312925170068 0.585 0.03968253968253968 0.07666666666666666
nmos 0.27834467120181405 0.75 0.04195011337868481 0.07333333333333333
nmos 0.24603174603174602 0.4666666666666667 0.04308390022675737 0.07333333333333333
nmos 0.44047619047619047 0.5841666666666666 0.03968253968253968 0.075
pmos 0.6292517006802721 0.15166666666666667 0.047619047619047616 0.07333333333333333
pmos 0.08956916099773243 0.15 0.049886621315192746 0.07666666666666666
gnd 0.36507936507936506 0.8816666666666667 0.05215419501133787 0.04
vdd 0.36507936507936506 0.03666666666666667 0.07256235827664399 0.016666666666666666
pmos 0.8236961451247166 0.15083333333333335 0.048752834467120185 0.075
pmos 0.24149659863945577 0.14916666666666667 0.047619047619047616 0.075
nmos 0.4399092970521542 0.36666666666666664 0.04081632653061224 0.07333333333333333
nmos 0.6349206349206349 0.585 0.04081632653061224 0.07666666666666666
nmos 0.6332199546485261 0.36666666666666664 0.03968253968253968 0.07333333333333333
nmos 0.08390022675736962 0.4658333333333333 0.045351473922902494 0.075
pmos 0.43594104308390025 0.15083333333333335 0.048752834467120185 0.07166666666666667
port 0.9682539682539683 0.4683333333333333 0.027210884353741496 0.043333333333333335