pmos 0.276355421686747 0.1735668789808917 0.02710843373493976 0.07961783439490445
resistor 0.29781626506024095 0.49761146496815284 0.024849397590361446 0.04617834394904458
nmos 0.7417168674698795 0.4984076433121019 0.0286144578313253 0.08598726114649681
pmos 0.5323795180722891 0.2054140127388535 0.02710843373493976 0.08598726114649681
nmos 0.10655120481927711 0.6058917197452229 0.029367469879518073 0.08439490445859872
pmos 0.4017319277108434 0.17436305732484075 0.02786144578313253 0.08121019108280254
capacitor 0.5640060240963856 0.4012738853503185 0.015060240963855422 0.06369426751592357
nmos 0.2767319277108434 0.6090764331210191 0.02786144578313253 0.08439490445859872
resistor 0.8403614457831325 0.5883757961783439 0.02108433734939759 0.052547770700636945
vdd 0.4126506024096386 0.08598726114649681 0.018072289156626505 0.025477707006369428
pmos 0.6393072289156626 0.20382165605095542 0.0286144578313253 0.08598726114649681
nmos 0.5109186746987951 0.5023885350318471 0.02635542168674699 0.08439490445859872
nmos 0.061746987951807226 0.40605095541401276 0.02710843373493976 0.08280254777070063
nmos 0.1690512048192771 0.4052547770700637 0.029367469879518073 0.08439490445859872
pmos 0.2756024096385542 0.3503184713375796 0.030120481927710843 0.08280254777070063
nmos 0.6389307228915663 0.6242038216560509 0.02786144578313253 0.08280254777070063
vdd 0.6509789156626506 0.08359872611464968 0.01882530120481928 0.02388535031847134
vdd 0.5218373493975904 0.08519108280254777 0.01957831325301205 0.027070063694267517
pmos 0.4017319277108434 0.35111464968152867 0.029367469879518073 0.08121019108280254
vdd 0.26543674698795183 0.08598726114649681 0.02033132530120482 0.022292993630573247
capacitor 0.8806475903614458 0.5748407643312102 0.029367469879518073 0.03184713375796178
resistor 0.37198795180722893 0.4968152866242038 0.025602409638554216 0.044585987261146494
nmos 0.401355421686747 0.6090764331210191 0.02710843373493976 0.08439490445859872
pmos 0.7417168674698795 0.2603503184713376 0.0286144578313253 0.08439490445859872
port 0.07266566265060241 0.6058917197452229 0.00677710843373494 0.01751592356687898
port 0.0338855421686747 0.40764331210191085 0.009036144578313253 0.01910828025477707