port 0.948959032907992 0.9409722222222222 0.01208865010073875 0.034722222222222224
resistor 0.12256548018804567 0.4869791666666667 0.020819341840161182 0.029513888888888888
pmos 0.6443922095366017 0.328125 0.02350570852921424 0.06597222222222222
pmos 0.0849563465413029 0.2387152777777778 0.024848891873740765 0.06770833333333333
capacitor 0.22733378106111485 0.5355902777777778 0.011417058428475487 0.046875
capacitor 0.24210879785090664 0.4097222222222222 0.008730691739422432 0.04513888888888889
nmos 0.7078576225654802 0.7039930555555556 0.020147750167897917 0.0642361111111111
gnd 0.8623237071860309 0.9713541666666666 0.026863666890530557 0.036458333333333336
vdd 0.40295500335795836 0.1840277777777778 0.022834116856950974 0.024305555555555556
gnd 0.22800537273337812 0.9704861111111112 0.027535258562793822 0.041666666666666664
capacitor 0.10678307588985897 0.5355902777777778 0.010745466756212223 0.046875
pmos 0.12827400940228342 0.3272569444444444 0.02552048354600403 0.06770833333333333
gnd 0.10745466756212223 0.9704861111111112 0.028206850235057087 0.041666666666666664
capacitor 0.8196776359973136 0.6206597222222222 0.008730691739422432 0.043402777777777776
vdd 0.25990597716588315 0.1840277777777778 0.022834116856950974 0.027777777777777776
nmos 0.8213566151779718 0.703125 0.020147750167897917 0.06597222222222222
nmos 0.3542646071188717 0.7039930555555556 0.020819341840161182 0.06770833333333333
resistor 0.5268636668905305 0.6467013888888888 0.019476158495634655 0.029513888888888888
vdd 0.687038280725319 0.18489583333333334 0.022834116856950974 0.022569444444444444
nmos 0.6259234385493619 0.7022569444444444 0.020147750167897917 0.0642361111111111
pmos 0.4126930826057757 0.3272569444444444 0.02350570852921424 0.0642361111111111
resistor 0.9220953660174613 0.6215277777777778 0.01880456682337139 0.03125
pmos 0.645063801208865 0.2378472222222222 0.02216252518468771 0.0625
pmos 0.4422431161853593 0.3272569444444444 0.02216252518468771 0.0642361111111111
vdd 0.45231699126930824 0.18489583333333334 0.02350570852921424 0.026041666666666668
pmos 0.2488247145735393 0.2387152777777778 0.02350570852921424 0.0642361111111111
pmos 0.08596373404969779 0.3263888888888889 0.0241773002014775 0.06597222222222222
nmos 0.26762928139691067 0.7039930555555556 0.020819341840161182 0.06770833333333333
port 0.6860308932169241 0.7569444444444444 0.014103425117528543 0.034722222222222224
nmos 0.5517125587642713 0.9001736111111112 0.019476158495634655 0.06770833333333333
pmos 0.2058428475486904 0.23958333333333334 0.024848891873740765 0.06597222222222222
nmos 0.18670248488918736 0.7048611111111112 0.021490933512424447 0.06944444444444445
resistor 0.21255876427132303 0.4852430555555556 0.02216252518468771 0.026041666666666668
port 0.7662860980523841 0.3272569444444444 0.013431833445265278 0.036458333333333336
port 0.7656145063801209 0.9001736111111112 0.013431833445265278 0.036458333333333336
pmos 0.6957689724647415 0.3272569444444444 0.0241773002014775 0.0642361111111111
nmos 0.11383478844862324 0.9010416666666666 0.02350570852921424 0.06944444444444445
vdd 0.13834788448623236 0.1840277777777778 0.0241773002014775 0.027777777777777776
nmos 0.5033579583613164 0.703125 0.020819341840161182 0.06597222222222222
port 0.9200805910006716 0.2769097222222222 0.013431833445265278 0.036458333333333336
nmos 0.06749496306245803 0.703125 0.024848891873740765 0.06944444444444445
nmos 0.758226997985225 0.7022569444444444 0.020147750167897917 0.0642361111111111
resistor 0.8290799194089993 0.2248263888888889 0.011417058428475487 0.050347222222222224
vdd 0.19711215580926797 0.1857638888888889 0.019476158495634655 0.024305555555555556
nmos 0.9012760241773002 0.703125 0.020147750167897917 0.06597222222222222
port 0.9200805910006716 0.3454861111111111 0.013431833445265278 0.03819444444444445
pmos 0.12860980523841503 0.2387152777777778 0.024848891873740765 0.06770833333333333
nmos 0.6645399597044996 0.703125 0.020819341840161182 0.06597222222222222
pmos 0.20617864338482203 0.3263888888888889 0.02552048354600403 0.06597222222222222
pmos 0.6964405641370047 0.23958333333333334 0.022834116856950974 0.06597222222222222
capacitor 0.08898589657488247 0.4088541666666667 0.011417058428475487 0.046875
gnd 0.6447280053727333 0.9696180555555556 0.026863666890530557 0.03993055555555555
vdd 0.7508394895903291 0.18489583333333334 0.022834116856950974 0.026041666666666668
resistor 0.8781061114842176 0.4114583333333333 0.019476158495634655 0.03125
resistor 0.8938885157824042 0.2230902777777778 0.010745466756212223 0.050347222222222224
capacitor 0.21255876427132303 0.4097222222222222 0.008730691739422432 0.04513888888888889
pmos 0.7397582269979852 0.2387152777777778 0.02350570852921424 0.0642361111111111
port 0.036937541974479515 0.7977430555555556 0.013431833445265278 0.03298611111111111
port 0.036601746138347886 0.8376736111111112 0.014103425117528543 0.036458333333333336
nmos 0.46037609133646745 0.703125 0.019476158495634655 0.06597222222222222
nmos 0.5832773673606447 0.703125 0.020819341840161182 0.06597222222222222
gnd 0.42780389523169915 0.9704861111111112 0.028206850235057087 0.041666666666666664
nmos 0.3079247817327065 0.7048611111111112 0.02216252518468771 0.06597222222222222
resistor 0.24378777703156482 0.4869791666666667 0.022834116856950974 0.029513888888888888
capacitor 0.8885157824042982 0.9262152777777778 0.017461383478844864 0.026041666666666668
gnd 0.8888515782404298 0.9713541666666666 0.02350570852921424 0.036458333333333336
nmos 0.8697112155809268 0.9010416666666666 0.021490933512424447 0.06597222222222222
gnd 0.7303559435862995 0.96875 0.027535258562793822 0.03819444444444445
nmos 0.738079247817327 0.8993055555555556 0.020147750167897917 0.06597222222222222
gnd 0.3310946944257891 0.96875 0.028206850235057087 0.041666666666666664
resistor 0.8462055070517126 0.4105902777777778 0.017461383478844864 0.029513888888888888
pmos 0.41336467427803897 0.2387152777777778 0.02350570852921424 0.0642361111111111
pmos 0.4419073203492277 0.2378472222222222 0.021490933512424447 0.06597222222222222
pmos 0.2488247145735393 0.3263888888888889 0.02350570852921424 0.06597222222222222
resistor 0.09066487575554064 0.4861111111111111 0.022834116856950974 0.027777777777777776
gnd 0.5433176628609805 0.96875 0.028206850235057087 0.03819444444444445
nmos 0.39321692411014103 0.7039930555555556 0.020819341840161182 0.06770833333333333
nmos 0.14674278038952318 0.703125 0.02216252518468771 0.06944444444444445
vdd 0.8304231027535258 0.1840277777777778 0.02350570852921424 0.027777777777777776
vdd 0.634989926124916 0.17881944444444445 0.02350570852921424 0.027777777777777776
single-end-amp 0.91974479516454 0.9001736111111112 0.0409670920080591 0.140625
single-end-amp 0.2058428475486904 0.09895833333333333 0.0409670920080591 0.1423611111111111
single-end-amp 0.08394895903290799 0.09809027777777778 0.041638683680322364 0.140625
port 0.17797179314976494 0.06076388888888889 0.014775016789791807 0.03819444444444445
port 0.05574210879785091 0.059027777777777776 0.014775016789791807 0.03819444444444445
vdd 0.07421087978509067 0.1831597222222222 0.024848891873740765 0.029513888888888888
vdd 0.8928811282740095 0.18055555555555555 0.02350570852921424 0.027777777777777776
capacitor 0.12357286769644056 0.4079861111111111 0.01208865010073875 0.04861111111111111
pmos 0.7404298186702485 0.3263888888888889 0.024848891873740765 0.06597222222222222
nmos 0.652451309603761 0.9010416666666666 0.02216252518468771 0.06597222222222222
nmos 0.43552719946272667 0.8967013888888888 0.02216252518468771 0.06770833333333333
nmos 0.33948959032907994 0.9027777777777778 0.02216252518468771 0.06597222222222222
nmos 0.23472128945601076 0.8993055555555556 0.02216252518468771 0.06597222222222222