capacitor 0.5113636363636364 0.8415178571428571 0.12272727272727273 0.05357142857142857
port 0.7306818181818182 0.265625 0.020454545454545454 0.017857142857142856
nmos 0.1431818181818182 0.8549107142857143 0.09090909090909091 0.08482142857142858
vdd 0.3159090909090909 0.11607142857142858 0.11363636363636363 0.03125
gnd 0.9056818181818181 0.9587053571428571 0.09772727272727273 0.05133928571428571
pmos 0.31931818181818183 0.7555803571428571 0.08409090909090909 0.10044642857142858
gnd 0.10795454545454546 0.9587053571428571 0.09772727272727273 0.05133928571428571
capacitor 0.9034090909090909 0.3359375 0.125 0.060267857142857144
capacitor 0.9034090909090909 0.6450892857142857 0.125 0.05803571428571429
pmos 0.5579545454545455 0.265625 0.09772727272727273 0.08482142857142858
capacitor 0.10795454545454546 0.5513392857142857 0.125 0.05803571428571429
pmos 0.696590909090909 0.7555803571428571 0.08863636363636364 0.09598214285714286
nmos 0.47613636363636364 0.6238839285714286 0.08863636363636364 0.08705357142857142
pmos 0.35909090909090907 0.19977678571428573 0.1 0.08258928571428571
port 0.2636363636363636 0.5357142857142857 0.01818181818181818 0.017857142857142856
pmos 0.4693181818181818 0.45424107142857145 0.10227272727272728 0.08705357142857142
gnd 0.5136363636363637 0.9587053571428571 0.09545454545454546 0.05133928571428571
cross-line-curved 0.5125 0.19196428571428573 0.04772727272727273 0.03125
nmos 0.8693181818181818 0.8549107142857143 0.09318181818181819 0.08482142857142858
port 0.3215909090909091 0.8895089285714286 0.015909090909090907 0.011160714285714286