port 0.06133333333333333 0.7153614457831325 0.037333333333333336 0.0391566265060241
gnd 0.5933333333333334 0.34036144578313254 0.06133333333333333 0.04216867469879518
port 0.688 0.10090361445783133 0.037333333333333336 0.045180722891566265
inductor 0.472 0.22740963855421686 0.06933333333333333 0.15963855421686746
inductor 0.31066666666666665 0.7168674698795181 0.12 0.06626506024096386
port 0.18666666666666668 0.09939759036144578 0.037333333333333336 0.04216867469879518
inductor 0.532 0.7168674698795181 0.12 0.06626506024096386
gnd 0.47333333333333333 0.3569277108433735 0.06133333333333333 0.045180722891566265
inductor 0.36133333333333334 0.22740963855421686 0.072 0.1536144578313253
port 0.19066666666666668 0.3614457831325301 0.034666666666666665 0.04216867469879518
capacitor 0.7626666666666667 0.8162650602409639 0.058666666666666666 0.04216867469879518
inductor 0.41733333333333333 0.8237951807228916 0.06133333333333333 0.12349397590361445
port 0.856 0.7168674698795181 0.037333333333333336 0.04216867469879518
gnd 0.764 0.9397590361445783 0.06133333333333333 0.04216867469879518
capacitor 0.592 0.21234939759036145 0.058666666666666666 0.045180722891566265
gnd 0.4226666666666667 0.9412650602409639 0.06133333333333333 0.0391566265060241