port 0.9368351063829787 0.8759124087591241 0.027925531914893616 0.043795620437956206
nmos 0.4601063829787234 0.3987226277372263 0.07712765957446809 0.12956204379562045
port 0.9368351063829787 0.20437956204379562 0.027925531914893616 0.043795620437956206
nmos 0.7134308510638298 0.39963503649635035 0.07579787234042554 0.13138686131386862
nmos 0.7127659574468085 0.6651459854014599 0.07712765957446809 0.1332116788321168
gnd 0.550531914893617 0.9552919708029197 0.07712765957446809 0.05656934306569343
nmos 0.21808510638297873 0.39963503649635035 0.07712765957446809 0.13138686131386862
port 0.1875 0.058394160583941604 0.02127659574468085 0.029197080291970802
nmos 0.45944148936170215 0.6633211678832117 0.07579787234042554 0.1332116788321168
port 0.42686170212765956 0.058394160583941604 0.02127659574468085 0.029197080291970802
port 0.11236702127659574 0.8777372262773723 0.0199468085106383 0.029197080291970802