port 0.9403669724770642 0.5959507042253521 0.03058103975535168 0.03697183098591549
nmos 0.21483180428134557 0.477112676056338 0.0779816513761468 0.11267605633802817
port 0.9403669724770642 0.7139084507042254 0.03058103975535168 0.03697183098591549
pmos 0.6230886850152905 0.41901408450704225 0.0779816513761468 0.10915492957746478
nmos 0.41896024464831805 0.596830985915493 0.0764525993883792 0.11267605633802817
cross-line-curved 0.6559633027522935 0.5026408450704225 0.03058103975535168 0.022887323943661973
pmos 0.7255351681957186 0.2130281690140845 0.07492354740061162 0.11267605633802817
port 0.11238532110091744 0.477112676056338 0.0290519877675841 0.035211267605633804
gnd 0.34785932721712537 0.9172535211267606 0.05045871559633028 0.02112676056338028
nmos 0.6230886850152905 0.8019366197183099 0.08103975535168195 0.11443661971830986
nmos 0.3172782874617737 0.8019366197183099 0.0779816513761468 0.11443661971830986
nmos 0.827217125382263 0.8019366197183099 0.0764525993883792 0.11443661971830986
pmos 0.42048929663608564 0.2147887323943662 0.0764525993883792 0.11267605633802817
pmos 0.827217125382263 0.5079225352112676 0.0764525993883792 0.11091549295774648
pmos 0.21483180428134557 0.21390845070422534 0.0779816513761468 0.11091549295774648
cross-line-curved 0.4518348623853211 0.414612676056338 0.0290519877675841 0.022887323943661973
cross-line-curved 0.8600917431192661 0.590669014084507 0.0290519877675841 0.02640845070422535
cross-line-curved 0.2484709480122324 0.5889084507042254 0.0290519877675841 0.02640845070422535
port 0.11162079510703364 0.5950704225352113 0.03058103975535168 0.035211267605633804
vdd 0.45489296636085624 0.10035211267605634 0.05657492354740061 0.028169014084507043
port 0.154434250764526 0.7966549295774648 0.027522935779816515 0.02992957746478873
vdd 0.2423547400611621 0.10035211267605634 0.05657492354740061 0.028169014084507043
port 0.1559633027522936 0.9154929577464789 0.027522935779816515 0.03169014084507042
port 0.1529051987767584 0.2112676056338028 0.027522935779816515 0.03169014084507042