capacitor 0.8194444444444444 0.7444690265486725 0.03888888888888889 0.033185840707964605
resistor 0.5875 0.8429203539823009 0.05277777777777778 0.09734513274336283
single-end-amp 0.16597222222222222 0.34845132743362833 0.09027777777777778 0.13938053097345132
gnd 0.5868055555555556 0.963495575221239 0.03194444444444444 0.0420353982300885
pmos 0.45555555555555555 0.34845132743362833 0.06944444444444445 0.11283185840707964
pmos 0.35 0.3473451327433628 0.06111111111111111 0.11061946902654868
resistor 0.5881944444444445 0.6570796460176991 0.05416666666666667 0.09734513274336283
vdd 0.5875 0.10619469026548672 0.07777777777777778 0.030973451327433628
port 0.02847222222222222 0.3196902654867257 0.018055555555555554 0.033185840707964605
gnd 0.8194444444444444 0.963495575221239 0.030555555555555555 0.0420353982300885
pmos 0.6590277777777778 0.34845132743362833 0.06527777777777778 0.11283185840707964
pmos 0.5583333333333333 0.34845132743362833 0.06944444444444445 0.11283185840707964
port 0.9048611111111111 0.536504424778761 0.018055555555555554 0.028761061946902654
pmos 0.76875 0.3473451327433628 0.07361111111111111 0.11061946902654868