cross-line-curved 0.2349570200573066 0.4978448275862069 0.034383954154727794 0.034482758620689655
resistor 0.5988538681948424 0.4084051724137931 0.03724928366762178 0.1271551724137931
pmos 0.5730659025787965 0.2510775862068966 0.05730659025787966 0.10560344827586207
port 0.8904011461318052 0.5053879310344828 0.012893982808022923 0.01939655172413793
nmos 0.5716332378223495 0.759698275862069 0.05730659025787966 0.10129310344827586
resistor 0.5988538681948424 0.603448275862069 0.03724928366762178 0.12931034482758622
current 0.2349570200573066 0.2510775862068966 0.07449856733524356 0.10991379310344827
gnd 0.2342406876790831 0.875 0.050143266475644696 0.03879310344827586
gnd 0.5988538681948424 0.875 0.04871060171919771 0.034482758620689655
nmos 0.2593123209169054 0.7586206896551724 0.06017191977077364 0.10344827586206896
cross-line-curved 0.39111747851002865 0.4978448275862069 0.034383954154727794 0.034482758620689655
nmos 0.414756446991404 0.759698275862069 0.06160458452722063 0.10129310344827586
pmos 0.414756446991404 0.24892241379310345 0.06160458452722063 0.10560344827586207
port 0.11318051575931232 0.5053879310344828 0.02005730659025788 0.023706896551724137
port 0.2356733524355301 0.13577586206896552 0.015759312320916905 0.021551724137931036
gnd 0.39111747851002865 0.875 0.05157593123209169 0.034482758620689655
port 0.6955587392550143 0.21336206896551724 0.015759312320916905 0.01293103448275862
port 0.6955587392550143 0.802801724137931 0.015759312320916905 0.015086206896551725
pmos 0.6955587392550143 0.6594827586206896 0.05873925501432665 0.08189655172413793
nmos 0.6941260744985673 0.7359913793103449 0.055873925501432664 0.07112068965517242
port 0.6969914040114613 0.6023706896551724 0.015759312320916905 0.015086206896551725
nmos 0.6941260744985673 0.34375 0.055873925501432664 0.07112068965517242
pmos 0.6955587392550143 0.2672413793103448 0.05873925501432665 0.08189655172413793
port 0.6969914040114613 0.40948275862068967 0.012893982808022923 0.01293103448275862