pmos 0.4940308988764045 0.18673647469458987 0.03300561797752809 0.11169284467713787
pmos 0.09796348314606741 0.18411867364746945 0.03300561797752809 0.1099476439790576
pmos 0.16748595505617977 0.1849912739965096 0.03441011235955056 0.11169284467713787
pmos 0.6292134831460674 0.4720767888307155 0.033707865168539325 0.1099476439790576
nmos 0.7054073033707865 0.7137870855148342 0.03160112359550562 0.11169284467713787
pmos 0.7320926966292135 0.4720767888307155 0.03300561797752809 0.1099476439790576
nmos 0.8788623595505618 0.7146596858638743 0.03160112359550562 0.1099476439790576
pmos 0.8019662921348315 0.4720767888307155 0.032303370786516857 0.1099476439790576
port 0.9740168539325843 0.47469458987783597 0.0351123595505618 0.06631762652705062
pmos 0.8405898876404494 0.18411867364746945 0.033707865168539325 0.1099476439790576
nmos 0.1678370786516854 0.7155322862129145 0.0351123595505618 0.11518324607329843
pmos 0.2633426966292135 0.18673647469458987 0.0351123595505618 0.11518324607329843
nmos 0.4554073033707865 0.7164048865619547 0.03300561797752809 0.11343804537521815
pmos 0.456811797752809 0.4712041884816754 0.03441011235955056 0.11169284467713787
nmos 0.5319522471910112 0.7155322862129145 0.03160112359550562 0.11169284467713787
pmos 0.6667837078651685 0.1849912739965096 0.03300561797752809 0.1082024432809773
nmos 0.8016151685393258 0.7155322862129145 0.03160112359550562 0.11169284467713787
current 0.08497191011235955 0.5462478184991274 0.042134831460674156 0.1082024432809773
pmos 0.9055477528089888 0.4712041884816754 0.03300561797752809 0.1082024432809773
nmos 0.6285112359550562 0.7172774869109948 0.032303370786516857 0.11518324607329843
pmos 0.557935393258427 0.4712041884816754 0.03441011235955056 0.1082024432809773
nmos 0.35990168539325845 0.7155322862129145 0.03441011235955056 0.11169284467713787
pnp 0.26264044943820225 0.6893542757417103 0.037921348314606744 0.16753926701570682
nmos 0.3595505617977528 0.47643979057591623 0.033707865168539325 0.11169284467713787
gnd 0.8936095505617978 0.8324607329842932 0.020365168539325844 0.031413612565445025
gnd 0.8153089887640449 0.8342059336823735 0.019662921348314606 0.031413612565445025
gnd 0.7180477528089888 0.8350785340314136 0.020365168539325844 0.029668411867364748
gnd 0.6457162921348315 0.8324607329842932 0.020365168539325844 0.031413612565445025
gnd 0.5445926966292135 0.8333333333333334 0.020365168539325844 0.029668411867364748
gnd 0.4705056179775281 0.8324607329842932 0.019662921348314606 0.031413612565445025
gnd 0.375 0.8307155322862129 0.019662921348314606 0.031413612565445025
gnd 0.2777387640449438 0.8315881326352531 0.020365168539325844 0.029668411867364748
gnd 0.22823033707865167 0.8315881326352531 0.019662921348314606 0.029668411867364748
gnd 0.18223314606741572 0.8333333333333334 0.020365168539325844 0.029668411867364748
gnd 0.08567415730337079 0.8342059336823735 0.019662921348314606 0.031413612565445025
vdd 0.855688202247191 0.06806282722513089 0.020365168539325844 0.031413612565445025
vdd 0.6815308988764045 0.07068062827225131 0.020365168539325844 0.029668411867364748
vdd 0.5080758426966292 0.06719022687609075 0.020365168539325844 0.029668411867364748
vdd 0.37429775280898875 0.06806282722513089 0.019662921348314606 0.031413612565445025
vdd 0.27668539325842695 0.06544502617801047 0.019662921348314606 0.029668411867364748
vdd 0.18082865168539325 0.06893542757417102 0.020365168539325844 0.029668411867364748
vdd 0.0860252808988764 0.06719022687609075 0.020365168539325844 0.029668411867364748