gnd 0.20516717325227962 0.9532467532467532 0.08206686930091185 0.03636363636363636
resistor 0.7082066869300911 0.5376623376623376 0.0851063829787234 0.05194805194805195
current 0.7082066869300911 0.21688311688311687 0.0911854103343465 0.09090909090909091
port 0.060790273556231005 0.6896103896103896 0.030395136778115502 0.02857142857142857
capacitor 0.4513677811550152 0.7792207792207793 0.06382978723404255 0.03116883116883117
inductor 0.20212765957446807 0.7792207792207793 0.05167173252279635 0.1038961038961039
gnd 0.3069908814589666 0.5038961038961038 0.0851063829787234 0.03636363636363636
resistor 0.30851063829787234 0.2779220779220779 0.057750759878419454 0.08311688311688312
gnd 0.5987841945288754 0.9597402597402598 0.0911854103343465 0.03896103896103896
gnd 0.6033434650455927 0.4142857142857143 0.08814589665653495 0.03896103896103896
capacitor 0.8161094224924013 0.3064935064935065 0.06382978723404255 0.03116883116883117
current 0.7082066869300911 0.6935064935064935 0.0851063829787234 0.08831168831168831
capacitor 0.32066869300911854 0.7779220779220779 0.06382978723404255 0.02857142857142857
capacitor 0.5972644376899696 0.7805194805194805 0.06382978723404255 0.033766233766233764
inductor 0.30547112462006076 0.4064935064935065 0.05167173252279635 0.10649350649350649
capacitor 0.601823708206687 0.3038961038961039 0.0668693009118541 0.03116883116883117
capacitor 0.8115501519756839 0.7792207792207793 0.0668693009118541 0.03116883116883117
resistor 0.709726443768997 0.08701298701298701 0.08814589665653495 0.05454545454545454
gnd 0.8161094224924013 0.4116883116883117 0.08814589665653495 0.03896103896103896