nmos 0.541340782122905 0.4070175438596491 0.09720670391061452 0.14385964912280702
gnd 0.3005586592178771 0.9307017543859649 0.08268156424581005 0.05789473684210526
current 0.4435754189944134 0.6771929824561403 0.0893854748603352 0.1368421052631579
capacitor 0.3642458100558659 0.4807017543859649 0.04022346368715084 0.09824561403508772
pmos 0.7743016759776536 0.19473684210526315 0.09608938547486033 0.1649122807017544
vdd 0.5458100558659218 0.2614035087719298 0.05921787709497207 0.03508771929824561
vdd 0.8162011173184358 0.05 0.08379888268156424 0.04035087719298246
nmos 0.7754189944134078 0.7684210526315789 0.09608938547486033 0.15789473684210525
pmos 0.25977653631284914 0.19210526315789472 0.09497206703910614 0.16666666666666666
gnd 0.8162011173184358 0.9307017543859649 0.08379888268156424 0.05789473684210526
vdd 0.2988826815642458 0.043859649122807015 0.08156424581005586 0.028070175438596492
nmos 0.25977653631284914 0.7657894736842106 0.09720670391061452 0.15964912280701754
resistor 0.21284916201117318 0.47719298245614034 0.13072625698324022 0.08771929824561403
port 0.9435754189944134 0.3815789473684211 0.02346368715083799 0.02631578947368421