port 0.9815880322209436 0.9067017082785808 0.020713463751438434 0.023653088042049936
gnd 0.15765247410817032 0.28055190538764785 0.05523590333716916 0.040735873850197106
current 0.4240506329113924 0.7720105124835742 0.05868814729574223 0.11957950065703023
switch 0.4436133486766398 0.42706964520367935 0.06789413118527042 0.07884362680683311
voltage-lines 0.6081703107019563 0.26544021024967146 0.03567318757192175 0.0657030223390276
switch 0.7802071346375143 0.4178712220762155 0.04142692750287687 0.09461235216819974
capacitor 0.7721518987341772 0.7621550591327201 0.05523590333716916 0.04204993429697766
gnd 0.6093210586881473 0.9717477003942181 0.05408515535097814 0.035479632063074903
switch 0.7917146144994246 0.13534822601839686 0.0667433831990794 0.08147174770039421
port 0.9815880322209436 0.6412614980289093 0.020713463751438434 0.023653088042049936
switch 0.4298043728423475 0.12812089356110382 0.04027617951668585 0.09592641261498029
voltage-lines 0.15880322209436135 0.1747700394218134 0.10356731875719218 0.09724047306176084
port 0.4919447640966628 0.721419185282523 0.00805523590333717 0.010512483574244415