vdd 0.7519863791146425 0.03633217993079585 0.03518728717366629 0.02422145328719723
pmos 0.572644721906924 0.2102076124567474 0.05788876276958002 0.10899653979238755
vdd 0.4398410896708286 0.03546712802768166 0.032917139614074914 0.02249134948096886
pmos 0.7275822928490352 0.2984429065743945 0.05902383654937571 0.11245674740484429
pmos 0.11577752553916004 0.29930795847750863 0.06356413166855845 0.11418685121107267
current 0.40124858115777523 0.6851211072664359 0.08967082860385925 0.13494809688581316
pmos 0.2690124858115778 0.3875432525951557 0.06129398410896708 0.11418685121107267
pmos 0.8842224744608399 0.3866782006920415 0.06129398410896708 0.11245674740484429
voltage-lines 0.44154370034052215 0.884083044982699 0.06356413166855845 0.07612456747404844
cross-line-curved 0.4409761634506243 0.3806228373702422 0.021566401816118047 0.02422145328719723
pmos 0.4659477866061294 0.21107266435986158 0.05788876276958002 0.11072664359861592
cross-line-curved 0.5964812712826334 0.29411764705882354 0.021566401816118047 0.02422145328719723
nmos 0.11577752553916004 0.8027681660899654 0.05902383654937571 0.11764705882352941
nmos 0.22304199772985245 0.8027681660899654 0.060158910329171394 0.11764705882352941
port 0.6753688989784336 0.4463667820069204 0.02043132803632236 0.031141868512110725
nmos 0.4160045402951192 0.44896193771626297 0.05788876276958002 0.11245674740484429
nmos 0.7763904653802497 0.8001730103806228 0.06129398410896708 0.11591695501730104
port 0.9562996594778661 0.5666089965397924 0.02383654937570942 0.0328719723183391
voltage-lines 0.5158910329171397 0.11245674740484429 0.060158910329171394 0.07958477508650519
port 0.04370034052213394 0.5657439446366782 0.02383654937570942 0.03460207612456748
port 0.36322360953461974 0.44809688581314877 0.02043132803632236 0.031141868512110725
nmos 0.49432463110102154 0.8044982698961938 0.05788876276958002 0.11072664359861592
cross-line-curved 0.5192962542565267 0.6799307958477508 0.026106696935300794 0.02422145328719723
nmos 0.8847900113507378 0.8027681660899654 0.060158910329171394 0.11764705882352941
nmos 0.6220204313280363 0.44896193771626297 0.056753688989784334 0.11245674740484429
vdd 0.24517593643586832 0.03633217993079585 0.0340522133938706 0.02422145328719723
vdd 0.5198637911464246 0.031141868512110725 0.0340522133938706 0.02422145328719723
vdd 0.5947786606129398 0.0328719723183391 0.0340522133938706 0.02422145328719723