pmos 0.3400537634408602 0.22328244274809161 0.12096774193548387 0.09923664122137404
port 0.2163978494623656 0.4150763358778626 0.04032258064516129 0.02862595419847328
nmos 0.34139784946236557 0.791030534351145 0.11827956989247312 0.09732824427480916
port 0.2163978494623656 0.7900763358778626 0.03494623655913978 0.026717557251908396
port 0.8629032258064516 0.41412213740458015 0.03763440860215054 0.026717557251908396
port 0.864247311827957 0.6020992366412213 0.03494623655913978 0.02480916030534351
vdd 0.38844086021505375 0.05152671755725191 0.07795698924731183 0.022900763358778626
gnd 0.38844086021505375 0.9751908396946565 0.08870967741935484 0.026717557251908396
port 0.21774193548387097 0.6020992366412213 0.03763440860215054 0.02862595419847328
nmos 0.34139784946236557 0.6030534351145038 0.11827956989247312 0.09923664122137404
nmos 0.7405913978494624 0.6040076335877863 0.11559139784946236 0.09732824427480916
port 0.5416666666666666 0.4131679389312977 0.04032258064516129 0.02862595419847328
pmos 0.3400537634408602 0.4112595419847328 0.11559139784946236 0.09732824427480916
port 0.21774193548387097 0.22614503816793893 0.03763440860215054 0.02862595419847328
pmos 0.739247311827957 0.4112595419847328 0.11290322580645161 0.09732824427480916