vdd 0.7264437689969605 0.06296296296296296 0.0668693009118541 0.027160493827160494
pmos 0.5896656534954408 0.20987654320987653 0.1337386018237082 0.15308641975308643
gnd 0.3404255319148936 0.8037037037037037 0.0851063829787234 0.04197530864197531
gnd 0.5319148936170213 0.5765432098765432 0.0851063829787234 0.04197530864197531
capacitor 0.3662613981762918 0.23703703703703705 0.10030395136778116 0.03950617283950617
nmos 0.3966565349544073 0.6987654320987654 0.13069908814589665 0.14814814814814814
gnd 0.723404255319149 0.9827160493827161 0.0911854103343465 0.0345679012345679
port 0.6975683890577508 0.43950617283950616 0.02127659574468085 0.019753086419753086
nmos 0.8617021276595744 0.6975308641975309 0.13069908814589665 0.1506172839506173
pmos 0.8617021276595744 0.20987654320987653 0.13677811550151975 0.15308641975308643
nmos 0.5896656534954408 0.4382716049382716 0.1276595744680851 0.15555555555555556
gnd 0.9164133738601824 0.808641975308642 0.08814589665653495 0.04197530864197531
port 0.34194528875379937 0.5432098765432098 0.02735562310030395 0.019753086419753086
port 0.364741641337386 0.1728395061728395 0.0182370820668693 0.014814814814814815