port 0.16572237960339944 0.27970297029702973 0.014164305949008499 0.01485148514851485
nmos 0.9022662889518414 0.7574257425742574 0.12181303116147309 0.1485148514851485
pmos 0.5028328611898017 0.349009900990099 0.12181303116147309 0.14356435643564355
pmos 0.9036827195467422 0.349009900990099 0.11898016997167139 0.14356435643564355
pmos 0.6586402266288952 0.21163366336633663 0.12181303116147309 0.15099009900990099
nmos 0.3626062322946176 0.7561881188118812 0.12464589235127478 0.14603960396039603
capacitor 0.6175637393767706 0.8650990099009901 0.0906515580736544 0.04207920792079208
gnd 0.3130311614730878 0.8997524752475248 0.0764872521246459 0.04207920792079208
gnd 0.953257790368272 0.8997524752475248 0.0764872521246459 0.04207920792079208
pmos 0.26487252124645894 0.2784653465346535 0.1274787535410765 0.15099009900990099
vdd 0.5623229461756374 0.06435643564356436 0.059490084985835696 0.034653465346534656
port 0.6175637393767706 0.9393564356435643 0.039660056657223795 0.027227722772277228