vdd 0.5384615384615384 0.08354755784061697 0.02699055330634278 0.028277634961439587
port 0.8839406207827261 0.596401028277635 0.016194331983805668 0.030848329048843187
nmos 0.7543859649122807 0.8097686375321337 0.037786774628879895 0.09768637532133675
pmos 0.48313090418353577 0.22236503856041132 0.037786774628879895 0.10025706940874037
pmos 0.14777327935222673 0.2210796915167095 0.04183535762483131 0.10282776349614396
pmos 0.2408906882591093 0.5282776349614395 0.03913630229419703 0.09511568123393316
nmos 0.20985155195681512 0.8084832904884319 0.03913630229419703 0.10025706940874037
port 0.6180836707152496 0.38946015424164526 0.016194331983805668 0.028277634961439587
nmos 0.6491228070175439 0.5938303341902313 0.037786774628879895 0.09768637532133675
nmos 0.5141700404858299 0.5025706940874036 0.037786774628879895 0.10025706940874037
switch 0.8407557354925776 0.2969151670951157 0.018893387314439947 0.05398457583547558
nmos 0.8076923076923077 0.5938303341902313 0.03643724696356275 0.09768637532133675
pmos 0.7759784075573549 0.2210796915167095 0.037786774628879895 0.09768637532133675
nmos 0.35560053981106615 0.5038560411311054 0.03913630229419703 0.09768637532133675
nmos 0.11538461538461539 0.8071979434447301 0.03913630229419703 0.10282776349614396
nmos 0.4190283400809717 0.8097686375321337 0.03643724696356275 0.09768637532133675
nmos 0.460863697705803 0.8097686375321337 0.03643724696356275 0.09768637532133675
nmos 0.7125506072874493 0.8084832904884319 0.037786774628879895 0.09511568123393316
pmos 0.38798920377867746 0.2210796915167095 0.03913630229419703 0.09768637532133675
pmos 0.6025641025641025 0.2210796915167095 0.03913630229419703 0.09768637532133675
gnd 0.5499325236167342 0.9627249357326478 0.02564102564102564 0.033419023136246784
pmos 0.6815114709851552 0.2210796915167095 0.037786774628879895 0.09768637532133675
pmos 0.08434547908232119 0.5295629820051414 0.03913630229419703 0.09768637532133675
pmos 0.9311740890688259 0.2210796915167095 0.037786774628879895 0.09768637532133675
port 0.8839406207827261 0.5051413881748072 0.016194331983805668 0.028277634961439587
capacitor 0.5728744939271255 0.5655526992287918 0.033738191632928474 0.03598971722365039
port 0.946693657219973 0.38946015424164526 0.014844804318488529 0.028277634961439587
switch 0.4777327935222672 0.6516709511568124 0.010796221322537112 0.05398457583547558
switch 0.7719298245614035 0.7223650385604113 0.010796221322537112 0.05141388174807198
port 0.3893387314439946 0.8071979434447301 0.006747638326585695 0.015424164524421594
port 0.2726045883940621 0.5308483290488432 0.005398110661268556 0.012853470437017995
port 0.05398110661268556 0.532133676092545 0.008097165991902834 0.015424164524421594
port 0.11605937921727395 0.22236503856041132 0.008097165991902834 0.017994858611825194