pmos 0.6893203883495146 0.3793604651162791 0.038834951456310676 0.08430232558139535
gnd 0.6731391585760518 0.940406976744186 0.05177993527508091 0.061046511627906974
nmos 0.4393203883495146 0.5726744186046512 0.040453074433656956 0.08139534883720931
gnd 0.8050161812297735 0.940406976744186 0.05339805825242718 0.061046511627906974
nmos 0.9134304207119741 0.7252906976744186 0.040453074433656956 0.08430232558139535
current 0.5016181229773463 0.8226744186046512 0.042071197411003236 0.11046511627906977
pmos 0.5266990291262136 0.3008720930232558 0.040453074433656956 0.08430232558139535
nmos 0.6553398058252428 0.7267441860465116 0.038834951456310676 0.08139534883720931
port 0.3940129449838188 0.30377906976744184 0.014563106796116505 0.02616279069767442
pmos 0.21601941747572814 0.3008720930232558 0.040453074433656956 0.08430232558139535
vdd 0.15372168284789645 0.03488372093023256 0.03559870550161812 0.03488372093023256
gnd 0.3276699029126214 0.940406976744186 0.05339805825242718 0.061046511627906974
current 0.15453074433656958 0.13662790697674418 0.043689320388349516 0.11046511627906977
pmos 0.9134304207119741 0.22819767441860464 0.040453074433656956 0.08430232558139535
current 0.3276699029126214 0.8168604651162791 0.043689320388349516 0.11046511627906977
nmos 0.34627831715210355 0.5712209302325582 0.042071197411003236 0.08430232558139535
current 0.45792880258899676 0.13953488372093023 0.042071197411003236 0.11046511627906977
gnd 0.93042071197411 0.938953488372093 0.05177993527508091 0.06395348837209303
current 0.3284789644012945 0.14098837209302326 0.042071197411003236 0.11337209302325581
pmos 0.09466019417475728 0.3008720930232558 0.040453074433656956 0.08430232558139535
pmos 0.7880258899676376 0.3793604651162791 0.038834951456310676 0.08430232558139535
port 0.04692556634304207 0.29941860465116277 0.016181229773462782 0.029069767441860465
nmos 0.8211974110032363 0.7281976744186046 0.040453074433656956 0.08430232558139535
port 0.04773462783171521 0.4941860465116279 0.014563106796116505 0.029069767441860465
pmos 0.7872168284789643 0.22529069767441862 0.040453074433656956 0.08430232558139535
port 0.9733009708737864 0.49709302325581395 0.01779935275080906 0.029069767441860465
nmos 0.5622977346278317 0.5697674418604651 0.040453074433656956 0.08139534883720931
pmos 0.44093851132686085 0.3023255813953488 0.043689320388349516 0.0872093023255814
current 0.5436893203883495 0.14098837209302326 0.042071197411003236 0.11337209302325581
gnd 0.5016181229773463 0.938953488372093 0.05177993527508091 0.05813953488372093
pmos 0.6885113268608414 0.22529069767441862 0.040453074433656956 0.08430232558139535
vdd 0.6723300970873787 0.036337209302325583 0.0372168284789644 0.0377906976744186
vdd 0.5461165048543689 0.036337209302325583 0.0372168284789644 0.0377906976744186
vdd 0.4571197411003236 0.036337209302325583 0.0372168284789644 0.0377906976744186
vdd 0.32928802588996764 0.036337209302325583 0.0372168284789644 0.0377906976744186
vdd 0.9328478964401294 0.030523255813953487 0.0372168284789644 0.0377906976744186
vdd 0.801779935275081 0.036337209302325583 0.0372168284789644 0.0377906976744186