switch 0.8054272517321016 0.47555012224938875 0.02424942263279446 0.09046454767726161
switch 0.7193995381062356 0.37775061124694376 0.04387990762124711 0.04645476772616137
switch 0.8937644341801386 0.5757946210268948 0.04387990762124711 0.04645476772616137
switch 0.7188221709006929 0.12836185819070906 0.04503464203233257 0.04645476772616137
gnd 0.44630484988452657 0.7640586797066015 0.04041570438799076 0.06601466992665037
switch 0.8926096997690531 0.12836185819070906 0.04387990762124711 0.04645476772616137
capacitor 0.1928406466512702 0.7127139364303179 0.07159353348729793 0.061124694376528114
switch 0.10969976905311778 0.823960880195599 0.04387990762124711 0.0488997555012225
switch 0.2846420323325635 0.8251833740831296 0.042725173210161664 0.04645476772616137
gnd 0.957852193995381 0.9621026894865525 0.03810623556581986 0.061124694376528114
switch 0.2840646651270208 0.1295843520782396 0.04387990762124711 0.0488997555012225
switch 0.19688221709006928 0.4743276283618582 0.021939953810623556 0.09290953545232274
current 0.5508083140877598 0.5770171149144254 0.050808314087759814 0.10268948655256724
switch 0.11027713625866051 0.12836185819070906 0.042725173210161664 0.04645476772616137
capacitor 0.44630484988452657 0.5476772616136919 0.07274826789838337 0.05867970660146699
port 0.9670900692840647 0.13691931540342298 0.021939953810623556 0.0488997555012225
switch 0.7182448036951501 0.8251833740831296 0.04157043879907621 0.04645476772616137
switch 0.11027713625866051 0.5757946210268948 0.04503464203233257 0.04645476772616137
capacitor 0.1922632794457275 0.265281173594132 0.07274826789838337 0.061124694376528114
port 0.9665127020785219 0.5843520782396088 0.023094688221709007 0.0488997555012225
gnd 0.5508083140877598 0.7652811735941321 0.03926096997690531 0.06356968215158924
gnd 0.046189376443418015 0.9633251833740831 0.03926096997690531 0.06356968215158924
switch 0.2846420323325635 0.37775061124694376 0.04503464203233257 0.04645476772616137
port 0.037528868360277134 0.13691931540342298 0.021939953810623556 0.0488997555012225
switch 0.8943418013856813 0.8251833740831296 0.042725173210161664 0.04645476772616137
port 0.037528868360277134 0.5843520782396088 0.021939953810623556 0.0488997555012225
capacitor 0.8106235565819861 0.7127139364303179 0.07159353348729793 0.061124694376528114
capacitor 0.8117782909930716 0.26405867970660146 0.07159353348729793 0.05867970660146699