switch 0.31094527363184077 0.5513157894736842 0.09701492537313433 0.11315789473684211
voltage 0.08146766169154229 0.7460526315789474 0.0708955223880597 0.15
switch 0.5963930348258707 0.5513157894736842 0.09825870646766169 0.11315789473684211
switch 0.8812189054726368 0.5526315789473685 0.09825870646766169 0.11578947368421053
gnd 0.9539800995024875 0.9421052631578948 0.07462686567164178 0.08421052631578947
capacitor 0.5248756218905473 0.3447368421052632 0.024875621890547265 0.14736842105263157
switch 0.7394278606965174 0.55 0.09825870646766169 0.11578947368421053
capacitor 0.8109452736318408 0.3447368421052632 0.024875621890547265 0.15263157894736842
switch 0.1685323383084577 0.55 0.10074626865671642 0.12105263157894737
capacitor 0.3824626865671642 0.781578947368421 0.021144278606965175 0.14736842105263157
gnd 0.08146766169154229 0.9421052631578948 0.07587064676616916 0.07894736842105263
capacitor 0.667910447761194 0.781578947368421 0.022388059701492536 0.14736842105263157
current 0.8109452736318408 0.11052631578947368 0.07213930348258707 0.15263157894736842
switch 0.4533582089552239 0.55 0.09825870646766169 0.11578947368421053