inductor 0.6226158038147139 0.18403361344537816 0.13896457765667575 0.031932773109243695
port 0.7956403269754768 0.795798319327731 0.013623978201634877 0.018487394957983194
capacitor 0.7983651226158038 0.380672268907563 0.07356948228882834 0.03529411764705882
switch 0.23841961852861035 0.42521008403361343 0.03814713896457766 0.10084033613445378
voltage 0.11580381471389646 0.2647058823529412 0.07356948228882834 0.08907563025210084
inductor 0.6219346049046321 0.3411764705882353 0.14032697547683923 0.03361344537815126
switch 0.36239782016348776 0.11680672268907563 0.035422343324250684 0.09915966386554621
resistor 0.9230245231607629 0.3840336134453782 0.03678474114441417 0.08907563025210084
switch 0.361716621253406 0.42521008403361343 0.03678474114441417 0.09747899159663866
cross-line-curved 0.35354223433242504 0.1865546218487395 0.02861035422343324 0.023529411764705882
switch 0.2391008174386921 0.11680672268907563 0.039509536784741145 0.10252100840336134
port 0.7963215258855586 0.6369747899159663 0.014986376021798364 0.020168067226890758
port 0.25 0.7932773109243697 0.014986376021798364 0.020168067226890758
port 0.247275204359673 0.7142857142857143 0.014986376021798364 0.020168067226890758