nmos 0.46551724137931033 0.8645833333333334 0.024630541871921183 0.04006410256410257
nmos 0.3146551724137931 0.8549679487179487 0.023399014778325122 0.03685897435897436
pmos 0.05357142857142857 0.19631410256410256 0.023399014778325122 0.04006410256410257
nmos 0.6736453201970444 0.6626602564102564 0.024630541871921183 0.04006410256410257
pmos 0.31342364532019706 0.1971153846153846 0.023399014778325122 0.038461538461538464
port 0.7185960591133005 0.19791666666666666 0.011083743842364532 0.014423076923076924
nmos 0.31342364532019706 0.6642628205128205 0.023399014778325122 0.03685897435897436
pmos 0.9334975369458128 0.19631410256410256 0.024630541871921183 0.04006410256410257
vdd 0.9427339901477833 0.06891025641025642 0.01847290640394089 0.01282051282051282
nmos 0.5227832512315271 0.8653846153846154 0.023399014778325122 0.038461538461538464
port 0.26908866995073893 0.1987179487179487 0.008620689655172414 0.01282051282051282
port 0.2733990147783251 0.6634615384615384 0.009852216748768473 0.01282051282051282
nmos 0.16379310344827586 0.8557692307692307 0.024630541871921183 0.038461538461538464
gnd 0.15517241379310345 0.5729166666666666 0.024630541871921183 0.017628205128205128
nmos 0.05541871921182266 0.8557692307692307 0.027093596059113302 0.038461538461538464
pmos 0.6736453201970444 0.1971153846153846 0.024630541871921183 0.038461538461538464
port 0.7179802955665024 0.3958333333333333 0.009852216748768473 0.01282051282051282
pmos 0.4839901477832512 0.14743589743589744 0.024630541871921183 0.038461538461538464
gnd 0.8325123152709359 0.5737179487179487 0.024630541871921183 0.016025641025641024
nmos 0.8245073891625616 0.8669871794871795 0.02586206896551724 0.038461538461538464
capacitor 0.8318965517241379 0.5032051282051282 0.023399014778325122 0.019230769230769232
port 0.4027093596059113 0.4375 0.009852216748768473 0.01282051282051282
port 0.27032019704433496 0.3958333333333333 0.008620689655172414 0.01282051282051282
capacitor 0.15517241379310345 0.5032051282051282 0.024630541871921183 0.022435897435897436
pmos 0.4458128078817734 0.4375 0.024630541871921183 0.038461538461538464
pmos 0.8423645320197044 0.1971153846153846 0.024630541871921183 0.038461538461538464
nmos 0.6736453201970444 0.8669871794871795 0.027093596059113302 0.038461538461538464
pmos 0.541256157635468 0.4375 0.02586206896551724 0.038461538461538464
pmos 0.312807881773399 0.3958333333333333 0.024630541871921183 0.038461538461538464
pmos 0.6742610837438424 0.3958333333333333 0.023399014778325122 0.038461538461538464
nmos 0.9341133004926109 0.8661858974358975 0.02586206896551724 0.03685897435897436
pmos 0.145935960591133 0.1971153846153846 0.023399014778325122 0.038461538461538464
gnd 0.8349753694581281 0.936698717948718 0.017241379310344827 0.014423076923076924
gnd 0.5320197044334976 0.9358974358974359 0.017241379310344827 0.01282051282051282
gnd 0.6650246305418719 0.9375 0.017241379310344827 0.01282051282051282
port 0.4956896551724138 0.8261217948717948 0.011083743842364532 0.014423076923076924
vdd 0.32142857142857145 0.0673076923076923 0.012315270935960592 0.009615384615384616
vdd 0.4944581280788177 0.0673076923076923 0.013546798029556651 0.009615384615384616
vdd 0.046182266009852216 0.06810897435897435 0.013546798029556651 0.011217948717948718
vdd 0.666871921182266 0.0673076923076923 0.013546798029556651 0.009615384615384616
vdd 0.8318965517241379 0.06891025641025642 0.013546798029556651 0.009615384615384616
port 0.5874384236453202 0.43669871794871795 0.009852216748768473 0.014423076923076924
port 0.7142857142857143 0.6634615384615384 0.009852216748768473 0.016025641025641024
port 0.437807881773399 0.14743589743589744 0.011083743842364532 0.01282051282051282
vdd 0.1539408866995074 0.0673076923076923 0.012315270935960592 0.009615384615384616
gnd 0.0437192118226601 0.936698717948718 0.01600985221674877 0.014423076923076924
gnd 0.1539408866995074 0.936698717948718 0.017241379310344827 0.014423076923076924
gnd 0.3251231527093596 0.936698717948718 0.017241379310344827 0.014423076923076924
gnd 0.9445812807881774 0.936698717948718 0.017241379310344827 0.014423076923076924
gnd 0.4562807881773399 0.9350961538461539 0.01600985221674877 0.014423076923076924