nmos 0.7549869904596704 0.5380116959064327 0.049436253252385085 0.07719298245614035
pmos 0.8534258456201215 0.3508771929824561 0.04856895056374675 0.07719298245614035
nmos 0.1131830008673027 0.8649122807017544 0.05117085862966175 0.07602339181286549
pmos 0.2502168256721596 0.2321637426900585 0.047701647875108416 0.07602339181286549
pmos 0.7545533391153513 0.3532163742690059 0.04856895056374675 0.07953216374269007
nmos 0.8534258456201215 0.539766081871345 0.05030355594102342 0.0783625730994152
nmos 0.32437120555073723 0.8654970760233918 0.04856895056374675 0.07485380116959064
nmos 0.49392888117953165 0.47309941520467835 0.047701647875108416 0.0783625730994152
nmos 0.32523850823937556 0.4760233918128655 0.04856895056374675 0.07485380116959064
nmos 0.5333911535125759 0.8654970760233918 0.04856895056374675 0.07485380116959064
pmos 0.7545533391153513 0.2111111111111111 0.04856895056374675 0.0783625730994152
nmos 0.4215091066782307 0.4789473684210526 0.04856895056374675 0.07602339181286549
nmos 0.21509106678230702 0.8567251461988304 0.04856895056374675 0.07602339181286549
pmos 0.4627059843885516 0.23508771929824562 0.049436253252385085 0.07719298245614035
nmos 0.42107545533391155 0.867251461988304 0.047701647875108416 0.07602339181286549
pmos 0.07372072853425846 0.23333333333333334 0.05030355594102342 0.07602339181286549
nmos 0.25585429314830876 0.4766081871345029 0.04856895056374675 0.07602339181286549
vdd 0.8035559410234172 0.09590643274853801 0.04423243712055507 0.01871345029239766
pmos 0.6517779705117086 0.23508771929824562 0.049436253252385085 0.07953216374269007
nmos 0.7571552471812663 0.6859649122807018 0.04856895056374675 0.07602339181286549
nmos 0.6144839549002602 0.8666666666666667 0.049436253252385085 0.07719298245614035
pmos 0.35299219427580225 0.08947368421052632 0.04856895056374675 0.07368421052631578
nmos 0.8560277536860365 0.6859649122807018 0.05030355594102342 0.0783625730994152
pmos 0.8538594969644406 0.20877192982456141 0.049436253252385085 0.07602339181286549
port 0.6838681699913269 0.1672514619883041 0.014744145706851692 0.021052631578947368
port 0.9466608846487424 0.45263157894736844 0.0199479618386817 0.023391812865497075
port 0.305724197745013 0.09473684210526316 0.007805724197745013 0.011695906432748537
port 0.024284475281873375 0.23801169590643276 0.008673026886383347 0.017543859649122806
port 0.3707718993928881 0.8239766081871345 0.011274934952298352 0.0152046783625731
gnd 0.3764093668690373 0.9666666666666667 0.022549869904596703 0.03859649122807018
port 0.8044232437120555 0.5087719298245614 0.007805724197745013 0.011695906432748537
port 0.8048568950563747 0.6485380116959064 0.010407632263660017 0.017543859649122806