pmos 0.46355876559422193 0.19356486210418794 0.030203545633617858 0.0745658835546476
nmos 0.11326329612606698 0.7477017364657814 0.028233749179251477 0.0735444330949949
nmos 0.05909389363099146 0.7477017364657814 0.028890347997373604 0.0755873340143003
pmos 0.2721602101116218 0.195097037793667 0.030860144451739988 0.0755873340143003
gnd 0.5101772816808929 0.9141981613891726 0.017071569271175313 0.014300306435137897
resistor 0.3516086671043992 0.6332992849846782 0.016414970453053186 0.06332992849846783
nmos 0.4110308601444517 0.7517875383043923 0.02757715036112935 0.0735444330949949
pmos 0.32403151674326985 0.39070480081716036 0.030860144451739988 0.0745658835546476
pnp 0.6723571897570584 0.8018386108273748 0.02757715036112935 0.07763023493360573
pmos 0.5817465528562049 0.1940755873340143 0.03151674326986211 0.0755873340143003
pnp 0.8204202232435982 0.8008171603677222 0.028233749179251477 0.0755873340143003
resistor 0.07091267235718976 0.25944841675178754 0.017071569271175313 0.06332992849846783
nmos 0.5594221930400525 0.7492339121552605 0.028890347997373604 0.0745658835546476
nmos 0.48719632304661853 0.7461695607763024 0.028890347997373604 0.07660878447395301
pmos 0.9061063690085358 0.1961184882533197 0.03151674326986211 0.0755873340143003
nmos 0.15627051871306633 0.5934627170582226 0.030203545633617858 0.0755873340143003
vdd 0.504924491135916 0.06537282941777324 0.030203545633617858 0.018386108273748723
pmos 0.1963230466185161 0.390194075587334 0.034143138542350626 0.0755873340143003
pmos 0.40741956664478 0.19254341164453523 0.03217334208798424 0.0745658835546476
resistor 0.7048588312541038 0.5781409601634321 0.030860144451739988 0.030643513789581207
pmos 0.8174655285620486 0.19816138917262513 0.03151674326986211 0.0755873340143003
pmos 0.6756401838476691 0.1961184882533197 0.03151674326986211 0.0735444330949949
resistor 0.9182534471437951 0.6961184882533197 0.016414970453053186 0.06435137895812053
nmos 0.22028890347997374 0.7471910112359551 0.026920551543007223 0.0745658835546476
resistor 0.83026920551543 0.6552604698672114 0.016414970453053186 0.06230847803881512
capacitor 0.3850952068286277 0.5817160367722165 0.013788575180564675 0.06639427987742594
nmos 0.30039395929087326 0.7482124616956077 0.028233749179251477 0.0745658835546476
resistor 0.7872619829284307 0.5806945863125639 0.028890347997373604 0.0296220633299285
resistor 0.7475377544320421 0.6659856996935649 0.01772816808929744 0.06332992849846783
port 0.14116874589625739 0.7517875383043923 0.005252790544977019 0.006128702757916241
port 0.9402495075508864 0.4933605720122574 0.007879185817465528 0.010214504596527068