nmos 0.7570694087403599 0.25279642058165547 0.09511568123393316 0.11185682326621924
vdd 0.5282776349614395 0.1029082774049217 0.10025706940874037 0.03131991051454139
nmos 0.7570694087403599 0.8277404921700223 0.09511568123393316 0.11185682326621924
capacitor 0.916452442159383 0.4172259507829978 0.04884318766066838 0.03355704697986577
nmos 0.5038560411311054 0.540268456375839 0.09254498714652956 0.10961968680089486
nmos 0.5038560411311054 0.2550335570469799 0.09254498714652956 0.10738255033557047
vdd 0.794344473007712 0.09955257270693513 0.07197943444730077 0.024608501118568233
gnd 0.9138817480719794 0.8098434004474273 0.05398457583547558 0.03131991051454139
gnd 0.9151670951156813 0.48769574944071586 0.05141388174807198 0.03131991051454139
gnd 0.5424164524421594 0.9731543624161074 0.056555269922879174 0.035794183445190156
capacitor 0.916452442159383 0.7058165548098434 0.04884318766066838 0.029082774049217
port 0.10154241645244216 0.21029082774049218 0.028277634961439587 0.02237136465324385
nmos 0.5051413881748072 0.8288590604026845 0.09511568123393316 0.10961968680089486
nmos 0.7557840616966581 0.5391498881431768 0.09768637532133675 0.11185682326621924
gnd 0.7930591259640103 0.9731543624161074 0.05398457583547558 0.035794183445190156
single-end-amp 0.2776349614395887 0.2539149888143177 0.1953727506426735 0.18568232662192394
port 0.37789203084832906 0.8299776286353467 0.02570694087403599 0.02237136465324385
port 0.09254498714652956 0.49776286353467564 0.02570694087403599 0.020134228187919462
single-end-amp 0.2737789203084833 0.5369127516778524 0.19794344473007713 0.18791946308724833