pmos 0.41188811188811186 0.14656616415410384 0.07972027972027972 0.11557788944723618
resistor 0.5699300699300699 0.31155778894472363 0.07132867132867132 0.05025125628140704
port 0.9426573426573427 0.228643216080402 0.013986013986013986 0.01507537688442211
nmos 0.4048951048951049 0.8165829145728644 0.06853146853146853 0.11892797319932999
pmos 0.8146853146853147 0.1474036850921273 0.08251748251748252 0.11725293132328309
nmos 0.8097902097902098 0.8174204355108877 0.06993006993006994 0.11725293132328309
gnd 0.37552447552447554 0.957286432160804 0.07972027972027972 0.05527638190954774
resistor 0.779020979020979 0.466499162479062 0.04195804195804196 0.08542713567839195
single-end-amp 0.1965034965034965 0.31155778894472363 0.11048951048951049 0.1507537688442211
pmos 0.34055944055944054 0.3073701842546064 0.08251748251748252 0.11892797319932999
pmos 0.7426573426573426 0.31155778894472363 0.08111888111888112 0.11725293132328309
gnd 0.7776223776223776 0.9581239530988275 0.08111888111888112 0.05695142378559464
nmos 0.34405594405594403 0.635678391959799 0.06993006993006994 0.11557788944723618
nmos 0.7475524475524475 0.6348408710217756 0.07132867132867132 0.11390284757118928
vdd 0.3748251748251748 0.038525963149078725 0.04195804195804196 0.03015075376884422
capacitor 0.6454545454545455 0.46817420435510887 0.043356643356643354 0.035175879396984924
switch 0.8965034965034965 0.7152428810720268 0.044755244755244755 0.03685092127303183
port 0.09300699300699301 0.5996649916247906 0.012587412587412588 0.01340033500837521
resistor 0.3741258741258741 0.46733668341708545 0.04055944055944056 0.08375209380234507
resistor 0.5769230769230769 0.6348408710217756 0.07132867132867132 0.05025125628140704
vdd 0.7769230769230769 0.03768844221105527 0.03776223776223776 0.031825795644891124
single-end-amp 0.1951048951048951 0.6348408710217756 0.11328671328671329 0.1541038525963149
port 0.09300699300699301 0.3458961474036851 0.012587412587412588 0.01507537688442211
switch 0.8965034965034965 0.2236180904522613 0.04195804195804196 0.035175879396984924
port 0.9433566433566434 0.7219430485762144 0.015384615384615385 0.01675041876046901