gnd 0.4081172491544532 0.9671428571428572 0.03156708004509583 0.03142857142857143
gnd 0.24971815107102593 0.9671428571428572 0.03269447576099211 0.02857142857142857
nmos 0.3900789177001127 0.45785714285714285 0.04284103720405862 0.06428571428571428
capacitor 0.47801578354002255 0.6878571428571428 0.03156708004509583 0.055714285714285716
current 0.729988726042841 0.6264285714285714 0.05298759864712514 0.06714285714285714
port 0.9081172491544532 0.5171428571428571 0.010146561443066516 0.014285714285714285
resistor 0.07891770011273957 0.7671428571428571 0.040586245772266064 0.06285714285714286
voltage 0.08004509582863585 0.8685714285714285 0.05186020293122886 0.06571428571428571
resistor 0.40980834272829764 0.3264285714285714 0.03945885005636979 0.06428571428571428
nmos 0.42728297632469 0.5714285714285714 0.04509582863585118 0.06857142857142857
inductor 0.3297632468996618 0.6885714285714286 0.0777903043968433 0.06
vdd 0.40980834272829764 0.06571428571428571 0.0552423900789177 0.022857142857142857
gnd 0.0794813979706877 0.9664285714285714 0.03269447576099211 0.03
port 0.608793686583991 0.7428571428571429 0.009019165727170236 0.011428571428571429
capacitor 0.24971815107102593 0.8235714285714286 0.043968432919954906 0.03857142857142857
capacitor 0.16741826381059752 0.6864285714285714 0.030439684329199548 0.05285714285714286
inductor 0.40980834272829764 0.8207142857142857 0.046223224351747465 0.09285714285714286
port 0.2807215332581736 0.4592857142857143 0.011273957158962795 0.015714285714285715
gnd 0.7294250281848929 0.9671428571428572 0.033821871476888386 0.03142857142857143
capacitor 0.8134160090191658 0.5178571428571429 0.030439684329199548 0.055714285714285716
inductor 0.6093573844419391 0.6642857142857143 0.046223224351747465 0.09428571428571429
inductor 0.41037204058624577 0.18214285714285713 0.04735062006764374 0.09857142857142857
nmos 0.7108229988726043 0.3942857142857143 0.043968432919954906 0.06857142857142857
vdd 0.7294250281848929 0.06857142857142857 0.05636978579481398 0.017142857142857144