pmos 0.4889466840052016 0.3762135922330097 0.033810143042912875 0.07766990291262135
pmos 0.6293888166449935 0.8385922330097088 0.033810143042912875 0.07524271844660194
nmos 0.8582574772431729 0.14805825242718446 0.031209362808842653 0.06796116504854369
nmos 0.46423927178153446 0.8118932038834952 0.031209362808842653 0.07524271844660194
pmos 0.49154746423927176 0.625 0.031209362808842653 0.07524271844660194
pmos 0.628738621586476 0.3762135922330097 0.032509752925877766 0.07281553398058252
nmos 0.8589076723016905 0.6140776699029126 0.02990897269180754 0.06796116504854369
pmos 0.6280884265279584 0.1262135922330097 0.031209362808842653 0.07281553398058252
pmos 0.4895968790637191 0.1262135922330097 0.02990897269180754 0.07281553398058252
nmos 0.1482444733420026 0.6152912621359223 0.031209362808842653 0.07524271844660194
pmos 0.14889466840052015 0.3070388349514563 0.032509752925877766 0.08009708737864078
nmos 0.27308192457737324 0.6140776699029126 0.031209362808842653 0.07281553398058252
pmos 0.27308192457737324 0.30461165048543687 0.031209362808842653 0.07524271844660194
gnd 0.6033810143042913 0.9526699029126213 0.02600780234070221 0.03155339805825243
gnd 0.6430429128738622 0.9550970873786407 0.0247074122236671 0.03155339805825243
gnd 0.4778933680104031 0.9575242718446602 0.0247074122236671 0.03155339805825243
gnd 0.28283485045513657 0.9526699029126213 0.0247074122236671 0.03155339805825243
vdd 0.7093628088426528 0.05461165048543689 0.0247074122236671 0.03155339805825243
vdd 0.6397919375812744 0.05703883495145631 0.02600780234070221 0.03155339805825243
vdd 0.476592977893368 0.05339805825242718 0.0247074122236671 0.03398058252427184
vdd 0.40897269180754225 0.05339805825242718 0.0247074122236671 0.03398058252427184
vdd 0.28413524057217165 0.055825242718446605 0.0247074122236671 0.03398058252427184