resistor 0.27828947368421053 0.5156537753222836 0.025 0.058931860036832415
capacitor 0.1493421052631579 0.567219152854512 0.017105263157894738 0.03683241252302026
nmos 0.5743421052631579 0.7909760589318601 0.04342105263157895 0.07918968692449356
port 0.09407894736842105 0.5681399631675875 0.014473684210526316 0.020257826887661142
vdd 0.5532894736842106 0.06998158379373849 0.030263157894736843 0.01841620626151013
gnd 0.5572368421052631 0.9318600368324125 0.02763157894736842 0.02578268876611418
cross-line-curved 0.7861842105263158 0.3029465930018416 0.014473684210526316 0.016574585635359115
cross-line-curved 0.5572368421052631 0.5662983425414365 0.014473684210526316 0.016574585635359115
inductor 0.36907894736842106 0.214548802946593 0.030263157894736843 0.0718232044198895
resistor 0.7532894736842105 0.567219152854512 0.04078947368421053 0.03314917127071823
inductor 0.20657894736842106 0.569060773480663 0.05263157894736842 0.040515653775322284
capacitor 0.8598684210526316 0.30478821362799263 0.017105263157894738 0.03867403314917127
capacitor 0.5907894736842105 0.35082872928176795 0.018421052631578946 0.03867403314917127
nmos 0.6855263157894737 0.5681399631675875 0.04473684210526316 0.07918968692449356
resistor 0.4144736842105263 0.567219152854512 0.042105263157894736 0.03683241252302026
resistor 0.5118421052631579 0.7900552486187845 0.042105263157894736 0.03314917127071823
nmos 0.3506578947368421 0.5681399631675875 0.04342105263157895 0.07918968692449356
resistor 0.6223684210526316 0.567219152854512 0.042105263157894736 0.03314917127071823
port 0.9190789473684211 0.30386740331491713 0.014473684210526316 0.01841620626151013
resistor 0.4131578947368421 0.214548802946593 0.02368421052631579 0.0570902394106814
inductor 0.6690789473684211 0.21731123388581952 0.030263157894736843 0.07366482504604052