gnd 0.9433080070134424 0.7581100141043724 0.03389830508474576 0.04372355430183357
port 0.9848042080654588 0.48519040902679833 0.015195791934541203 0.039492242595204514
port 0.043541788427819986 0.5338504936530324 0.014611338398597311 0.03526093088857546
vdd 0.5023378141437755 0.06770098730606489 0.015780245470485097 0.02538787023977433
nmos 0.4862653419053185 0.8166431593794076 0.03506721215663355 0.08744710860366714
pmos 0.8579777907656342 0.5839210155148096 0.03506721215663355 0.09026798307475317
pmos 0.7004675628287551 0.36459802538787023 0.034482758620689655 0.08603667136812412
capacitor 0.9649327878433664 0.6142454160789845 0.0385739333722969 0.03526093088857546
pmos 0.48684979544126245 0.32863187588152326 0.03506721215663355 0.0846262341325811
pmos 0.16861484511981298 0.25811001410437234 0.03565166569257744 0.08744710860366714
vdd 0.7913500876680304 0.06699576868829338 0.019871420222092345 0.023977433004231313
capacitor 0.6241963763880771 0.657968970380818 0.037405026300409115 0.0380818053596615
pmos 0.5172413793103449 0.5839210155148096 0.03389830508474576 0.08744710860366714
pmos 0.7761542957334892 0.14527503526093088 0.03506721215663355 0.09026798307475317
nmos 0.07130333138515488 0.8173483779971791 0.03623611922852133 0.08885754583921016
pmos 0.8512565751022794 0.24188998589562766 0.04850964348334307 0.12552891396332863
nmos 0.13880771478667445 0.7094499294781382 0.03682057276446522 0.08744710860366714
single-end-amp 0.10900058445353594 0.48730606488011285 0.06019871420222092 0.19605077574047955
pmos 0.16832261835184104 0.14950634696755993 0.03506721215663355 0.08744710860366714
nmos 0.43103448275862066 0.48519040902679833 0.034482758620689655 0.0846262341325811
port 0.043834015195791935 0.42524682651622003 0.015195791934541203 0.03526093088857546
nmos 0.32086499123319695 0.8166431593794076 0.03623611922852133 0.08744710860366714
nmos 0.858562244301578 0.8159379407616361 0.03623611922852133 0.08885754583921016
vdd 0.8734658094681473 0.0684062059238364 0.01928696668614845 0.021156558533145273
resistor 0.9196376388077148 0.6170662905500706 0.020455873758036237 0.09167842031029619
pmos 0.6838106370543542 0.14809590973201692 0.03506721215663355 0.08744710860366714
nmos 0.3521332554061952 0.48519040902679833 0.03565166569257744 0.08744710860366714
pmos 0.3614845119812975 0.2143864598025388 0.034482758620689655 0.08744710860366714
resistor 0.6551724137931034 0.5416078984485191 0.03506721215663355 0.047954866008462625
nmos 0.2457627118644068 0.48519040902679833 0.03565166569257744 0.08744710860366714
capacitor 0.19988310929281122 0.5860366713681241 0.037405026300409115 0.0380818053596615
nmos 0.07218001168907072 0.7087447108603667 0.03682057276446522 0.08885754583921016
pmos 0.2755698421975453 0.2143864598025388 0.03682057276446522 0.08744710860366714
nmos 0.1385154880187025 0.8166431593794076 0.03623611922852133 0.08744710860366714
nmos 0.7001753360607832 0.8159379407616361 0.03623611922852133 0.08885754583921016
capacitor 0.5891291642314436 0.7820874471086037 0.037405026300409115 0.0380818053596615
vdd 0.6987142022209234 0.06770098730606489 0.018118059614260665 0.028208744710860368
nmos 0.7755698421975453 0.7362482369534555 0.03506721215663355 0.09026798307475317
port 0.6382232612507306 0.45557122708039494 0.015195791934541203 0.022566995768688293
gnd 0.8731735827001753 0.8935119887165022 0.014026884862653419 0.021156558533145273
gnd 0.7928112215078901 0.892101551480959 0.013442431326709527 0.021156558533145273
gnd 0.7162478082992402 0.8963328631875882 0.013442431326709527 0.021156558533145273
gnd 0.6218585622443016 0.892101551480959 0.014026884862653419 0.021156558533145273
gnd 0.5894213909994156 0.8949224259520452 0.013442431326709527 0.021156558533145273
gnd 0.5005844535359439 0.8949224259520452 0.013442431326709527 0.021156558533145273
gnd 0.33752191700759787 0.8935119887165022 0.013442431326709527 0.021156558533145273
gnd 0.2016364699006429 0.8949224259520452 0.014026884862653419 0.021156558533145273
gnd 0.1542957334891876 0.8963328631875882 0.014026884862653419 0.021156558533145273
gnd 0.05581531268264173 0.8949224259520452 0.013442431326709527 0.021156558533145273
vdd 0.25891291642314435 0.06558533145275035 0.01636469900642899 0.02679830747531735
vdd 0.1554646405610754 0.06558533145275035 0.01636469900642899 0.02679830747531735
vdd 0.3787258912916423 0.06699576868829338 0.01636469900642899 0.02679830747531735