capacitor 0.1176948051948052 0.4740484429065744 0.04707792207792208 0.020761245674740483
gnd 0.3847402597402597 0.726643598615917 0.025974025974025976 0.01730103806228374
gnd 0.6915584415584416 0.889273356401384 0.025974025974025976 0.01730103806228374
capacitor 0.2556818181818182 0.6963667820069204 0.04707792207792208 0.02249134948096886
diode 0.1176948051948052 0.7015570934256056 0.024350649350649352 0.0328719723183391
vdd 0.6907467532467533 0.12629757785467127 0.05032467532467533 0.01730103806228374
switch 0.6875 0.1704152249134948 0.030844155844155844 0.050173010380622836
capacitor 0.7613636363636364 0.5493079584775087 0.045454545454545456 0.02249134948096886
switch 0.6883116883116883 0.615916955017301 0.025974025974025976 0.04498269896193772
diode 0.11688311688311688 0.5536332179930796 0.022727272727272728 0.031141868512110725
switch 0.18344155844155843 0.8373702422145328 0.025974025974025976 0.05190311418685121
gnd 0.8896103896103896 0.726643598615917 0.025974025974025976 0.01730103806228374
capacitor 0.7613636363636364 0.39965397923875434 0.045454545454545456 0.02422145328719723
capacitor 0.622564935064935 0.7707612456747405 0.04707792207792208 0.02249134948096886
capacitor 0.2564935064935065 0.39965397923875434 0.045454545454545456 0.02422145328719723
capacitor 0.11688311688311688 0.7707612456747405 0.045454545454545456 0.02249134948096886
switch 0.6875 0.32006920415224915 0.027597402597402596 0.04844290657439446
diode 0.11688311688311688 0.4013840830449827 0.022727272727272728 0.031141868512110725
switch 0.18181818181818182 0.5397923875432526 0.025974025974025976 0.04844290657439446
capacitor 0.7613636363636364 0.6963667820069204 0.045454545454545456 0.02249134948096886
capacitor 0.6233766233766234 0.6237024221453287 0.045454545454545456 0.02249134948096886
capacitor 0.2564935064935065 0.5493079584775087 0.045454545454545456 0.02249134948096886
port 0.41964285714285715 0.5882352941176471 0.017857142857142856 0.020761245674740483
current 0.8896103896103896 0.6513840830449827 0.05519480519480519 0.05709342560553633
capacitor 0.1176948051948052 0.32698961937716264 0.04707792207792208 0.02422145328719723
switch 0.6875 0.763840830449827 0.027597402597402596 0.04671280276816609
capacitor 0.6233766233766234 0.32785467128027684 0.045454545454545456 0.02249134948096886
switch 0.18181818181818182 0.6894463667820069 0.025974025974025976 0.04671280276816609
gnd 0.18668831168831168 0.889273356401384 0.025974025974025976 0.01730103806228374
capacitor 0.6233766233766234 0.4731833910034602 0.045454545454545456 0.02249134948096886
switch 0.18262987012987014 0.38494809688581316 0.027597402597402596 0.06401384083044982
switch 0.18344155844155843 0.24567474048442905 0.025974025974025976 0.04498269896193772
port 0.924512987012987 0.5882352941176471 0.017857142857142856 0.020761245674740483
capacitor 0.1176948051948052 0.6237024221453287 0.04707792207792208 0.02249134948096886
switch 0.6883116883116883 0.4662629757785467 0.025974025974025976 0.050173010380622836
current 0.3847402597402597 0.6513840830449827 0.05519480519480519 0.05709342560553633