pmos 0.7604735883424408 0.1896186440677966 0.0965391621129326 0.12076271186440678
gnd 0.4726775956284153 0.9544491525423728 0.07103825136612021 0.057203389830508475
pmos 0.4326047358834244 0.1917372881355932 0.08925318761384335 0.12076271186440678
pmos 0.1785063752276867 0.1906779661016949 0.0947176684881603 0.1228813559322034
vdd 0.4744990892531876 0.028601694915254237 0.060109289617486336 0.03177966101694915
nmos 0.7595628415300546 0.676906779661017 0.09836065573770492 0.125
port 0.9353369763205829 0.2786016949152542 0.04189435336976321 0.048728813559322036
nmos 0.4344262295081967 0.5921610169491526 0.10018214936247723 0.12076271186440678
nmos 0.1785063752276867 0.5932203389830508 0.09836065573770492 0.1228813559322034
resistor 0.47358834244080145 0.7838983050847458 0.058287795992714025 0.13559322033898305
resistor 0.7996357012750456 0.3919491525423729 0.051001821493624776 0.13135593220338984
capacitor 0.3005464480874317 0.3930084745762712 0.0692167577413479 0.06991525423728813