pmos 0.3646808510638298 0.3778467908902691 0.03489361702127659 0.09316770186335403
nmos 0.9480851063829787 0.5217391304347826 0.03574468085106383 0.09523809523809523
resistor 0.4408510638297872 0.7287784679089027 0.01872340425531915 0.09937888198757763
pmos 0.6361702127659574 0.37888198757763975 0.03489361702127659 0.09109730848861283
resistor 0.7438297872340426 0.7939958592132506 0.01872340425531915 0.09730848861283643
pmos 0.2723404255319149 0.37577639751552794 0.03574468085106383 0.09730848861283643
pmos 0.831063829787234 0.458592132505176 0.033191489361702124 0.09316770186335403
nmos 0.27276595744680854 0.5455486542443064 0.03659574468085106 0.09316770186335403
nmos 0.5170212765957447 0.7122153209109731 0.033191489361702124 0.09523809523809523
nmos 0.9480851063829787 0.8354037267080745 0.03404255319148936 0.09316770186335403
pmos 0.9476595744680851 0.3778467908902691 0.03489361702127659 0.08902691511387163
nmos 0.6378723404255319 0.7111801242236024 0.03489361702127659 0.09316770186335403
nmos 0.05531914893617021 0.8354037267080745 0.03574468085106383 0.09316770186335403
resistor 0.2574468085106383 0.7939958592132506 0.01957446808510638 0.10144927536231885
pmos 0.05574468085106383 0.37681159420289856 0.03489361702127659 0.09523809523809523
gnd 0.5008510638297873 0.9554865424430642 0.02468085106382979 0.043478260869565216
pmos 0.7297872340425532 0.2122153209109731 0.03489361702127659 0.09316770186335403
nmos 0.9480851063829787 0.65527950310559 0.03574468085106383 0.09316770186335403
nmos 0.7289361702127659 0.5476190476190477 0.03489361702127659 0.09316770186335403
vdd 0.502127659574468 0.08281573498964803 0.023829787234042554 0.024844720496894408
pmos 0.48723404255319147 0.21325051759834368 0.03489361702127659 0.09523809523809523
pmos 0.48723404255319147 0.3778467908902691 0.03489361702127659 0.09316770186335403
nmos 0.05617021276595745 0.65527950310559 0.03574468085106383 0.09316770186335403
pmos 0.17191489361702128 0.458592132505176 0.03404255319148936 0.09316770186335403
nmos 0.3638297872340426 0.7091097308488613 0.03489361702127659 0.09316770186335403
nmos 0.05617021276595745 0.5186335403726708 0.03574468085106383 0.09316770186335403
pmos 0.3646808510638298 0.2153209109730849 0.03489361702127659 0.09523809523809523
vdd 0.8838297872340426 0.5527950310559007 0.02297872340425532 0.024844720496894408
port 0.45276595744680853 0.5082815734989649 0.015319148936170212 0.035196687370600416
pmos 0.7289361702127659 0.3778467908902691 0.03489361702127659 0.09316770186335403
vdd 0.12127659574468085 0.5527950310559007 0.02297872340425532 0.024844720496894408
pmos 0.27191489361702126 0.21325051759834368 0.03489361702127659 0.09523809523809523
pmos 0.6361702127659574 0.21325051759834368 0.03489361702127659 0.09523809523809523