resistor 0.42301458670988656 0.6264150943396226 0.06807131280388978 0.12830188679245283
resistor 0.041329011345218804 0.629245283018868 0.06969205834683954 0.12641509433962264
port 0.9748784440842788 0.45 0.03727714748784441 0.04339622641509434
resistor 0.899513776337115 0.6311320754716981 0.06482982171799027 0.12641509433962264
pnp 0.44489465153970825 0.8028301886792453 0.06969205834683954 0.11886792452830189
pmos 0.8476499189627229 0.1792452830188679 0.11345218800648298 0.17735849056603772
pnp 0.2917341977309562 0.8018867924528302 0.0713128038897893 0.12075471698113208
pmos 0.09238249594813615 0.1792452830188679 0.1166936790923825 0.18867924528301888
pmos 0.6410048622366289 0.1820754716981132 0.11183144246353323 0.1792452830188679
single-end-amp 0.3711507293354943 0.3311320754716981 0.20421393841166938 0.2169811320754717
resistor 0.6944894651539708 0.6330188679245283 0.06645056726094004 0.12264150943396226
gnd 0.3217179902755267 0.9169811320754717 0.027552674230145867 0.022641509433962263
gnd 0.4165316045380875 0.9188679245283019 0.02593192868719611 0.022641509433962263
gnd 0.5 0.9188679245283019 0.027552674230145867 0.022641509433962263
gnd 0.692868719611021 0.9169811320754717 0.027552674230145867 0.022641509433962263
vdd 0.6912479740680713 0.0509433962264151 0.03079416531604538 0.03018867924528302
gnd 0.23905996758508913 0.9207547169811321 0.027552674230145867 0.022641509433962263