vdd 0.5121212121212121 0.07989228007181329 0.06262626262626263 0.026929982046678635
pmos 0.3575757575757576 0.4030520646319569 0.09696969696969697 0.09874326750448834
nmos 0.6656565656565656 0.6535008976660682 0.09090909090909091 0.10053859964093358
pmos 0.6666666666666666 0.4030520646319569 0.09696969696969697 0.09874326750448834
port 0.396969696969697 0.16606822262118492 0.014141414141414142 0.01615798922800718
nmos 0.4727272727272727 0.8797127468581688 0.09292929292929293 0.10053859964093358
nmos 0.35858585858585856 0.6535008976660682 0.09090909090909091 0.10053859964093358
port 0.13434343434343435 0.5385996409335727 0.022222222222222223 0.01436265709156194
port 0.4727272727272727 0.5403949730700179 0.01616161616161616 0.01436265709156194
pmos 0.4727272727272727 0.1651705565529623 0.09696969696969697 0.10053859964093358
port 0.8949494949494949 0.5394973070017953 0.01616161616161616 0.01615798922800718
gnd 0.5131313131313131 0.973967684021544 0.03636363636363636 0.019748653500897665
port 0.5515151515151515 0.5412926391382405 0.01616161616161616 0.01615798922800718
port 0.38686868686868686 0.8788150807899462 0.01818181818181818 0.01615798922800718