pmos 0.30531914893617024 0.2137809187279152 0.06595744680851064 0.1519434628975265
port 0.7946808510638298 0.15901060070671377 0.019148936170212766 0.028268551236749116
port 0.5180851063829788 0.7826855123674912 0.010638297872340425 0.0176678445229682
port 0.46914893617021275 0.5936395759717314 0.010638297872340425 0.02120141342756184
port 0.2351063829787234 0.21201413427561838 0.014893617021276596 0.028268551236749116
pmos 0.5851063829787234 0.784452296819788 0.06808510638297872 0.1413427561837456
nmos 0.6904255319148936 0.784452296819788 0.05319148936170213 0.1413427561837456
pmos 0.7978723404255319 0.2791519434628975 0.0851063829787234 0.127208480565371
port 0.5457446808510639 0.21201413427561838 0.014893617021276596 0.02120141342756184
nmos 0.38085106382978723 0.7862190812720848 0.05531914893617021 0.14487632508833923
nmos 0.7968085106382978 0.4752650176678445 0.07872340425531915 0.10954063604240283
pmos 0.20638297872340425 0.5600706713780919 0.07659574468085106 0.09540636042402827
pmos 0.2765957446808511 0.7879858657243817 0.06808510638297872 0.1413427561837456
gnd 0.13297872340425532 0.7720848056537103 0.07021276595744681 0.06713780918727916
port 0.05 0.07420494699646643 0.031914893617021274 0.05653710247349823
capacitor 0.33085106382978724 0.49469964664310956 0.08723404255319149 0.0706713780918728
nmos 0.20638297872340425 0.5618374558303887 0.07659574468085106 0.09187279151943463
port 0.46808510638297873 0.17137809187279152 0.01702127659574468 0.024734982332155476
nmos 0.4702127659574468 0.48586572438162545 0.08085106382978724 0.10954063604240283
capacitor 0.6382978723404256 0.45936395759717313 0.08936170212765958 0.0706713780918728
port 0.95 0.37985865724381623 0.031914893617021274 0.053003533568904596
pmos 0.6138297872340426 0.2137809187279152 0.06595744680851064 0.1519434628975265
pmos 0.46702127659574466 0.28975265017667845 0.07872340425531915 0.127208480565371
port 0.4372340425531915 0.7879858657243817 0.019148936170212766 0.0353356890459364
port 0.20638297872340425 0.4575971731448763 0.01702127659574468 0.024734982332155476
port 0.21170212765957447 0.7862190812720848 0.023404255319148935 0.038869257950530034
port 0.7936170212765957 0.5830388692579506 0.02127659574468085 0.028268551236749116
port 0.75 0.7879858657243817 0.023404255319148935 0.028268551236749116