gnd 0.5093109869646183 0.9394409937888198 0.15456238361266295 0.027950310559006212
port 0.35940409683426444 0.843944099378882 0.037243947858473 0.029503105590062112
vdd 0.5074487895716946 0.08074534161490683 0.12104283054003724 0.034161490683229816
pmos 0.46741154562383613 0.17313664596273293 0.0893854748603352 0.09161490683229814
nmos 0.7150837988826816 0.6498447204968945 0.0893854748603352 0.09472049689440994
port 0.11173184357541899 0.5085403726708074 0.0335195530726257 0.029503105590062112
pmos 0.7160148975791434 0.3695652173913043 0.08752327746741155 0.09316770186335403
port 0.35940409683426444 0.17236024844720496 0.0335195530726257 0.031055900621118012
port 0.8975791433891993 0.5085403726708074 0.0335195530726257 0.029503105590062112
pmos 0.29329608938547486 0.3687888198757764 0.08752327746741155 0.09161490683229814
nmos 0.2942271880819367 0.6498447204968945 0.0893854748603352 0.09472049689440994
nmos 0.46741154562383613 0.843944099378882 0.0931098696461825 0.09472049689440994