vdd 0.8403614457831325 0.09530651340996169 0.07590361445783132 0.029693486590038315
pmos 0.7963855421686747 0.17863984674329503 0.10602409638554217 0.08908045977011494
resistor 0.2 0.39080459770114945 0.08674698795180723 0.09961685823754789
pnp 0.8102409638554217 0.8395593869731801 0.09759036144578313 0.11590038314176246
single-end-amp 0.5198795180722892 0.3831417624521073 0.2855421686746988 0.19157088122605365
vdd 0.19698795180722892 0.09386973180076628 0.07590361445783132 0.02681992337164751
gnd 0.20240963855421687 0.9731800766283525 0.07228915662650602 0.044061302681992334
gnd 0.8439759036144578 0.9727011494252874 0.07349397590361446 0.045019157088122604
pmos 0.2427710843373494 0.17768199233716475 0.10481927710843374 0.0871647509578544
resistor 0.8385542168674699 0.6398467432950191 0.0891566265060241 0.09961685823754789
pnp 0.23674698795180724 0.8390804597701149 0.0927710843373494 0.11494252873563218
port 0.09879518072289156 0.28544061302681994 0.03614457831325301 0.032567049808429116