vdd 0.2374429223744292 0.4208185053380783 0.045662100456621 0.023131672597864767
nmos 0.0747716894977169 0.8309608540925267 0.03767123287671233 0.07829181494661921
pmos 0.3401826484018265 0.5151245551601423 0.0365296803652968 0.07651245551601424
gnd 0.7928082191780822 0.9670818505338078 0.04680365296803653 0.04092526690391459
vdd 0.3555936073059361 0.4225978647686833 0.04452054794520548 0.023131672597864767
nmos 0.690068493150685 0.8318505338078291 0.03538812785388128 0.07651245551601424
vdd 0.8561643835616438 0.28291814946619215 0.04794520547945205 0.021352313167259787
gnd 0.4275114155251142 0.9555160142348754 0.04680365296803653 0.042704626334519574
vdd 0.1786529680365297 0.03825622775800712 0.04452054794520548 0.023131672597864767
resistor 0.4269406392694064 0.8336298932384342 0.02968036529680365 0.10142348754448399
pmos 0.5125570776255708 0.5160142348754448 0.03881278538812785 0.08185053380782918
nmos 0.16267123287671234 0.8318505338078291 0.03767123287671233 0.0800711743772242
pmos 0.9103881278538812 0.12366548042704627 0.03767123287671233 0.08362989323843416
vdd 0.7922374429223744 0.037366548042704624 0.04337899543378995 0.021352313167259787
port 0.8567351598173516 0.17170818505338079 0.019406392694063926 0.033807829181494664
gnd 0.1786529680365297 0.9670818505338078 0.04680365296803653 0.04092526690391459
vdd 0.6147260273972602 0.4208185053380783 0.04452054794520548 0.023131672597864767
vdd 0.4971461187214612 0.4208185053380783 0.04680365296803653 0.023131672597864767
vdd 0.0593607305936073 0.28291814946619215 0.045662100456621 0.021352313167259787
port 0.7545662100456622 0.3220640569395018 0.02054794520547945 0.03558718861209965
vdd 0.9257990867579908 0.036476868327402136 0.04337899543378995 0.023131672597864767
pmos 0.5998858447488584 0.5151245551601423 0.03767123287671233 0.0800711743772242
pmos 0.07534246575342465 0.3683274021352313 0.03881278538812785 0.08185053380782918
pmos 0.6598173515981736 0.3683274021352313 0.03881278538812785 0.08185053380782918
pmos 0.2534246575342466 0.5151245551601423 0.03881278538812785 0.0800711743772242
gnd 0.6746575342465754 0.9670818505338078 0.045662100456621 0.04092526690391459
gnd 0.059931506849315065 0.9670818505338078 0.04680365296803653 0.04092526690391459
pmos 0.7779680365296804 0.12188612099644128 0.03767123287671233 0.0800711743772242
vdd 0.6752283105022832 0.28380782918149466 0.04680365296803653 0.023131672597864767
pmos 0.1963470319634703 0.12366548042704627 0.03881278538812785 0.08362989323843416
nmos 0.7773972602739726 0.8309608540925267 0.0365296803652968 0.07829181494661921
pmos 0.8384703196347032 0.3692170818505338 0.03995433789954338 0.08362989323843416
port 0.9252283105022832 0.32829181494661924 0.014840182648401826 0.019572953736654804
port 0.8573059360730594 0.5587188612099644 0.0136986301369863 0.017793594306049824