cross-line-curved 0.3223645894001165 0.16005121638924455 0.009900990099009901 0.028169014084507043
cross-line-curved 0.6936517181129878 0.16005121638924455 0.010483401281304601 0.028169014084507043
cross-line-curved 0.7207338380896913 0.3079385403329065 0.009900990099009901 0.026888604353393086
nmos 0.3832265579499126 0.7752880921895007 0.0256260920209668 0.07810499359795134
cross-line-curved 0.8593476994758299 0.3047375160051216 0.0122306348281887 0.020486555697823303
nmos 0.5072801397786838 0.7765685019206146 0.0244612696563774 0.07810499359795134
nmos 0.5567850902737332 0.7759282970550576 0.0244612696563774 0.0793854033290653
pmos 0.7888759464181713 0.4859154929577465 0.025043680838672103 0.07810499359795134
pmos 0.3832265579499126 0.15941101152368758 0.026790914385556204 0.07810499359795134
pmos 0.06319161327897496 0.3072983354673495 0.027373325567850902 0.0793854033290653
pmos 0.48689574839836924 0.4839948783610755 0.0256260920209668 0.07682458386683738
resistor 0.050669772859638904 0.6766965428937259 0.018637157833430402 0.09859154929577464
pmos 0.16045428072218987 0.15813060179257363 0.026208503203261502 0.07810499359795134
pmos 0.8509027373325568 0.16069142125480154 0.0256260920209668 0.08322663252240717
resistor 0.9152591729761211 0.7138284250960307 0.0168899242865463 0.07554417413572344
cross-line-curved 0.7979033197437391 0.3079385403329065 0.011648223645894 0.026888604353393086
pmos 0.23616773442050087 0.1587708066581306 0.026208503203261502 0.0793854033290653
resistor 0.24635993011065813 0.677336747759283 0.018637157833430402 0.0973111395646607
nmos 0.8578916715200932 0.7765685019206146 0.0244612696563774 0.07810499359795134
resistor 0.9149679673849738 0.528809218950064 0.016307513104251603 0.07426376440460948
pmos 0.3133372160745486 0.3066581306017926 0.026790914385556204 0.07810499359795134
pnp 0.2376237623762376 0.8322663252240717 0.023296447291788 0.08706786171574904
pmos 0.9033197437390798 0.15941101152368758 0.0256260920209668 0.08066581306017925
nmos 0.8095515433896331 0.7765685019206146 0.0244612696563774 0.07810499359795134
pnp 0.15958066394874781 0.8322663252240717 0.023296447291788 0.08450704225352113
cross-line-curved 0.4196272568433314 0.16069142125480154 0.008736167734420501 0.026888604353393086
pmos 0.6144437973209086 0.1587708066581306 0.0256260920209668 0.07682458386683738
single-end-amp 0.09143855562026791 0.471190781049936 0.057076295864880604 0.11267605633802817
cross-line-curved 0.7981945253348864 0.16005121638924455 0.0122306348281887 0.028169014084507043
pmos 0.6849155503785672 0.3072983354673495 0.026790914385556204 0.0793854033290653
cross-line-curved 0.15026208503203262 0.3040973111395647 0.0128130460104834 0.019206145966709345
single-end-amp 0.1986022131624927 0.47183098591549294 0.057076295864880604 0.11395646606914213
nmos 0.6852067559697146 0.7772087067861716 0.025043680838672103 0.07682458386683738
nmos 0.3340128130460105 0.7759282970550576 0.025043680838672103 0.0793854033290653
nmos 0.6357018054746651 0.7765685019206146 0.025043680838672103 0.07554417413572344
pmos 0.7300524170064066 0.4846350832266325 0.025043680838672103 0.07554417413572344
cross-line-curved 0.4953407105416424 0.16069142125480154 0.009900990099009901 0.026888604353393086
pmos 0.42865463016889926 0.4839948783610755 0.0244612696563774 0.07682458386683738
cross-line-curved 0.720442632498544 0.16069142125480154 0.010483401281304601 0.026888604353393086
cross-line-curved 0.19801980198019803 0.3034571062740077 0.0128130460104834 0.01792573623559539
gnd 0.4504950495049505 0.9609475032010243 0.022714036109493303 0.03713188220230474
port 0.9554455445544554 0.4084507042253521 0.009900990099009901 0.023047375160051217
cross-line-curved 0.6959813628421666 0.6126760563380281 0.0128130460104834 0.02176696542893726
cross-line-curved 0.6243447874199185 0.6101152368758003 0.0128130460104834 0.02176696542893726
cross-line-curved 0.7984857309260338 0.6113956466069143 0.0128130460104834 0.02176696542893726
vdd 0.4574839836924869 0.06850192061459667 0.023878858474082703 0.026888604353393086
cross-line-curved 0.49563191613278973 0.30985915492957744 0.009318578916715201 0.028169014084507043
cross-line-curved 0.41933605125218404 0.30985915492957744 0.009318578916715201 0.028169014084507043