capacitor 0.28642714570858285 0.799373040752351 0.05788423153692615 0.16300940438871472
port 0.7085828343313373 0.2507836990595611 0.03592814371257485 0.05642633228840126
voltage 0.3063872255489022 0.32445141065830724 0.11377245508982035 0.1724137931034483
port 0.16167664670658682 0.6426332288401254 0.03592814371257485 0.06269592476489028
port 0.16167664670658682 0.799373040752351 0.03992015968063872 0.06269592476489028
capacitor 0.1626746506986028 0.2006269592476489 0.10578842315369262 0.0877742946708464
single-end-amp 0.530938123752495 0.2507836990595611 0.21157684630738524 0.31974921630094044
port 0.8512974051896207 0.7272727272727273 0.033932135728542916 0.05642633228840126
single-end-amp 0.6726546906187625 0.725705329153605 0.21157684630738524 0.322884012539185
voltage 0.4471057884231537 0.7978056426332288 0.11177644710578842 0.1724137931034483
gnd 0.16167664670658682 0.4373040752351097 0.08782435129740519 0.07836990595611286