pnp 0.8916167664670659 0.8410780669144982 0.03473053892215569 0.0762081784386617
pnp 0.3508982035928144 0.8401486988847584 0.033532934131736525 0.07434944237918216
single-end-amp 0.6676646706586826 0.35687732342007433 0.118562874251497 0.15613382899628253
pmos 0.5491017964071856 0.16356877323420074 0.04431137724550898 0.10037174721189591
resistor 0.7718562874251497 0.6802973977695167 0.025149700598802394 0.08550185873605948
pnp 0.5550898203592814 0.8429368029739777 0.03473053892215569 0.0762081784386617
resistor 0.362874251497006 0.6812267657992565 0.026347305389221556 0.08364312267657993
vdd 0.9053892215568863 0.06319702602230483 0.031137724550898204 0.01858736059479554
pnp 0.7586826347305389 0.8392193308550185 0.032335329341317366 0.0762081784386617
pmos 0.3790419161676647 0.16635687732342008 0.04431137724550898 0.09851301115241635
pmos 0.1688622754491018 0.16356877323420074 0.045508982035928146 0.10037174721189591
single-end-amp 0.46467065868263474 0.35687732342007433 0.11736526946107785 0.15613382899628253
pmos 0.8868263473053892 0.16728624535315986 0.046706586826347304 0.10037174721189591
pmos 0.07065868263473053 0.1654275092936803 0.04311377245508982 0.10037174721189591
resistor 0.14910179640718563 0.8401486988847584 0.027544910179640718 0.08550185873605948
port 0.9706586826347305 0.5483271375464684 0.03473053892215569 0.02973977695167286
resistor 0.9053892215568863 0.6830855018587361 0.02874251497005988 0.08736059479553904
pmos 0.7526946107784431 0.16635687732342008 0.04431137724550898 0.09851301115241635
single-end-amp 0.255688622754491 0.354089219330855 0.12095808383233533 0.15427509293680297
gnd 0.14850299401197606 0.9386617100371747 0.02155688622754491 0.026022304832713755
gnd 0.3149700598802395 0.9368029739776952 0.02155688622754491 0.026022304832713755
gnd 0.3652694610778443 0.9386617100371747 0.02155688622754491 0.026022304832713755
gnd 0.5161676646706587 0.9395910780669146 0.02155688622754491 0.024163568773234202
gnd 0.5640718562874252 0.9368029739776952 0.02155688622754491 0.026022304832713755
gnd 0.7245508982035929 0.9368029739776952 0.02155688622754491 0.026022304832713755
gnd 0.770059880239521 0.9395910780669146 0.02155688622754491 0.024163568773234202
gnd 0.8550898203592814 0.9395910780669146 0.02155688622754491 0.024163568773234202
gnd 0.9089820359281438 0.9358736059479554 0.02155688622754491 0.024163568773234202
vdd 0.7718562874251497 0.06319702602230483 0.032335329341317366 0.022304832713754646
vdd 0.5682634730538922 0.06133828996282528 0.032335329341317366 0.022304832713754646
vdd 0.36107784431137724 0.06319702602230483 0.032335329341317366 0.022304832713754646
vdd 0.15149700598802396 0.06133828996282528 0.032335329341317366 0.022304832713754646
vdd 0.053293413173652694 0.06133828996282528 0.032335329341317366 0.022304832713754646