nmos 0.6521739130434783 0.7562380038387716 0.02593440122044241 0.08829174664107485
single-end-amp 0.2658276125095347 0.3829174664107486 0.06636155606407322 0.1362763915547025
pmos 0.8943554538520213 0.28502879078694815 0.02669717772692601 0.09021113243761997
pmos 0.7402745995423341 0.16506717850287908 0.02517162471395881 0.09596928982725528
resistor 0.20938215102974828 0.6238003838771593 0.014492753623188406 0.07677543186180422
nmos 0.7208237986270023 0.7571976967370442 0.02593440122044241 0.09021113243761997
pmos 0.2208237986270023 0.16410748560460653 0.01906941266209001 0.07869481765834933
pmos 0.3119755911517925 0.16218809980806143 0.02288329519450801 0.07869481765834933
pmos 0.4244851258581236 0.2677543186180422 0.02364607170099161 0.09021113243761997
pmos 0.580091533180778 0.16602687140115163 0.02517162471395881 0.09021113243761997
pnp 0.21700991609458428 0.7687140115163148 0.01906941266209001 0.0710172744721689
pmos 0.3115942028985507 0.2648752399232246 0.02364607170099161 0.08829174664107485
resistor 0.43516399694889396 0.6257197696737045 0.014492753623188406 0.07677543186180422
pmos 0.04958047292143402 0.2687140115163148 0.019832189168573607 0.08829174664107485
pmos 0.04919908466819222 0.16314779270633398 0.020594965675057208 0.07677543186180422
resistor 0.5091533180778032 0.6276391554702495 0.016018306636155607 0.07677543186180422
resistor 0.09115179252479023 0.7667946257197696 0.014492753623188406 0.07869481765834933
pmos 0.21929824561403508 0.2687140115163148 0.02364607170099161 0.08829174664107485
pmos 0.8939740655987796 0.5067178502879078 0.02745995423340961 0.08829174664107485
nmos 0.893211289092296 0.755278310940499 0.02593440122044241 0.09404990403071017
vdd 0.036994660564454614 0.07485604606525911 0.020594965675057208 0.030710172744721688
vdd 0.5102974828375286 0.07389635316698656 0.018306636155606407 0.036468330134357005
nmos 0.5987795575896262 0.7581573896353166 0.02593440122044241 0.08829174664107485
pmos 0.4248665141113654 0.16218809980806143 0.02288329519450801 0.09021113243761997
pmos 0.8020594965675057 0.1689059500959693 0.02517162471395881 0.09213051823416507
port 0.5373760488176964 0.5527831094049904 0.020594965675057208 0.026871401151631478
nmos 0.96186117467582 0.755278310940499 0.02440884820747521 0.09021113243761997
pmos 0.10259344012204424 0.15930902111324377 0.02364607170099161 0.09213051823416507
pmos 0.4996186117467582 0.16506717850287908 0.02440884820747521 0.08829174664107485
nmos 0.8020594965675057 0.7600767754318618 0.02364607170099161 0.08829174664107485
pnp 0.4279176201372998 0.7667946257197696 0.019832189168573607 0.0710172744721689
pnp 0.3154080854309687 0.7706333973128598 0.020594965675057208 0.0671785028790787
gnd 0.5087719298245614 0.9769673704414588 0.02593440122044241 0.0345489443378119
pnp 0.501906941266209 0.7687140115163148 0.019832189168573607 0.0710172744721689
single-end-amp 0.14912280701754385 0.3809980806142035 0.06636155606407322 0.1401151631477927
pmos 0.6514111365369947 0.16410748560460653 0.02593440122044241 0.09404990403071017
pmos 0.4984744469870328 0.2687140115163148 0.02517162471395881 0.08829174664107485
pmos 0.8943554538520213 0.3944337811900192 0.02669717772692601 0.08637236084452975
pmos 0.8947368421052632 0.1708253358925144 0.02745995423340961 0.09213051823416507
single-end-amp 0.37795575896262396 0.3829174664107486 0.06636155606407322 0.1401151631477927
pmos 0.10373760488176964 0.2619961612284069 0.02440884820747521 0.09404990403071017
vdd 0.5926773455377574 0.07773512476007678 0.02135774218154081 0.03262955854126679
vdd 0.43783371472158655 0.07197696737044146 0.02135774218154081 0.03262955854126679
vdd 0.32265446224256294 0.07389635316698656 0.02135774218154081 0.03262955854126679
vdd 0.21014492753623187 0.07197696737044146 0.020594965675057208 0.03262955854126679
vdd 0.09229595728451563 0.07389635316698656 0.02135774218154081 0.03262955854126679
vdd 0.6628527841342486 0.07581573896353166 0.02135774218154081 0.03262955854126679
vdd 0.7284515636918383 0.07005758157389635 0.02135774218154081 0.03262955854126679
vdd 0.8161708619374524 0.07005758157389635 0.02135774218154081 0.03262955854126679
vdd 0.9031273836765827 0.07389635316698656 0.02135774218154081 0.03262955854126679