nmos 0.1843501326259947 0.797752808988764 0.06631299734748011 0.11610486891385768
port 0.8740053050397878 0.33146067415730335 0.023872679045092837 0.03745318352059925
current 0.15981432360742706 0.21161048689138576 0.09681697612732096 0.13857677902621723
nmos 0.5470822281167109 0.798689138576779 0.06763925729442971 0.11797752808988764
pmos 0.35013262599469497 0.21254681647940074 0.06631299734748011 0.11423220973782772
pmos 0.6816976127320955 0.21348314606741572 0.0636604774535809 0.11235955056179775
port 0.27254641909814326 0.33052434456928836 0.025198938992042442 0.035580524344569285
pmos 0.7964190981432361 0.21254681647940074 0.0649867374005305 0.11423220973782772
vdd 0.3249336870026525 0.09831460674157304 0.03978779840848806 0.020599250936329586
nmos 0.29774535809018565 0.5636704119850188 0.06763925729442971 0.11610486891385768
port 0.22082228116710875 0.5646067415730337 0.025198938992042442 0.035580524344569285
nmos 0.8494694960212201 0.5646067415730337 0.0649867374005305 0.1104868913857678
vdd 0.4907161803713528 0.09925093632958802 0.04774535809018567 0.02247191011235955
pmos 0.46551724137931033 0.21254681647940074 0.0636604774535809 0.11423220973782772
port 0.9257294429708223 0.5655430711610487 0.023872679045092837 0.033707865168539325
vdd 0.6558355437665783 0.09644194756554307 0.04907161803713528 0.024344569288389514
cross-line-curved 0.5729442970822282 0.3848314606741573 0.03183023872679045 0.031835205992509365