pmos 0.9144067796610169 0.19151670951156813 0.08305084745762711 0.17223650385604114
resistor 0.8169491525423729 0.47429305912596403 0.0576271186440678 0.11053984575835475
port 0.8661016949152542 0.35732647814910024 0.030508474576271188 0.04113110539845758
port 0.9483050847457627 0.42159383033419023 0.01864406779661017 0.02570694087403599
vdd 0.6576271186440678 0.05784061696658098 0.08135593220338982 0.05398457583547558
vdd 0.8177966101694916 0.056555269922879174 0.07966101694915254 0.056555269922879174
vdd 0.9449152542372882 0.05269922879177378 0.07966101694915254 0.05398457583547558
capacitor 0.6584745762711864 0.11439588688946016 0.06271186440677966 0.043701799485861184
pmos 0.2228813559322034 0.19665809768637532 0.08305084745762711 0.17223650385604114
gnd 0.8186440677966101 0.6388174807197944 0.08135593220338982 0.08483290488431877
gnd 0.6245762711864407 0.7339331619537275 0.07966101694915254 0.08483290488431877
vdd 0.5288135593220339 0.056555269922879174 0.08135593220338982 0.056555269922879174
gnd 0.3593220338983051 0.961439588688946 0.08135593220338982 0.07712082262210797
gnd 0.09322033898305085 0.7287917737789203 0.08135593220338982 0.08483290488431877
resistor 0.09491525423728814 0.5886889460154242 0.0576271186440678 0.11311053984575835
vdd 0.1923728813559322 0.061696658097686374 0.07966101694915254 0.056555269922879174
resistor 0.5279661016949152 0.5874035989717223 0.059322033898305086 0.11053984575835475
pmos 0.4940677966101695 0.19408740359897173 0.08305084745762711 0.17223650385604114
pmos 0.7771186440677966 0.18637532133676094 0.08305084745762711 0.17223650385604114
resistor 0.6220338983050847 0.5822622107969152 0.0576271186440678 0.11053984575835475