pmos 0.4788918205804749 0.4120287253141831 0.052770448548812667 0.09874326750448834
resistor 0.6813984168865436 0.7567324955116697 0.04353562005277045 0.06283662477558348
resistor 0.45910290237467016 0.8105924596050269 0.04221635883905013 0.06283662477558348
resistor 0.30672823218997364 0.7369838420107719 0.04353562005277045 0.06283662477558348
vdd 0.6062005277044855 0.3267504488330341 0.051451187335092345 0.02872531418312388
pmos 0.17348284960422164 0.6149012567324955 0.07519788918205805 0.07719928186714542
nmos 0.825197889182058 0.4497307001795332 0.059366754617414245 0.09156193895870736
gnd 0.1741424802110818 0.6974865350089766 0.055408970976253295 0.04488330341113106
gnd 0.30408970976253297 0.9452423698384201 0.05408970976253298 0.04488330341113106
vdd 0.45844327176781 0.3267504488330341 0.051451187335092345 0.02872531418312388
gnd 0.683377308707124 0.8303411131059246 0.055408970976253295 0.04488330341113106
pmos 0.8238786279683378 0.31508078994614 0.051451187335092345 0.09874326750448834
nmos 0.9577836411609498 0.3859964093357271 0.05804749340369393 0.09694793536804308
nmos 0.10554089709762533 0.5484739676840216 0.05804749340369393 0.09156193895870736
nmos 0.2849604221635884 0.5493716337522442 0.05804749340369393 0.09694793536804308
pmos 0.28232189973614774 0.2666068222621185 0.052770448548812667 0.09874326750448834
pmos 0.4815303430079156 0.5341113105924596 0.052770448548812667 0.09874326750448834
pmos 0.6589709762532981 0.2612208258527828 0.051451187335092345 0.09874326750448834
nmos 0.4386543535620053 0.6786355475763016 0.059366754617414245 0.0933572710951526
pmos 0.28562005277044855 0.1310592459605027 0.051451187335092345 0.10053859964093358
pnp 0.10092348284960422 0.8276481149012568 0.04353562005277045 0.07899461400359066
pmos 0.6609498680738787 0.13016157989228008 0.052770448548812667 0.09874326750448834
pnp 0.28562005277044855 0.829443447037702 0.04353562005277045 0.07899461400359066
pmos 0.10686015831134564 0.2639138240574506 0.052770448548812667 0.10053859964093358
gnd 0.8496042216358839 0.5251346499102334 0.055408970976253295 0.04488330341113106
vdd 0.08443271767810026 0.05655296229802514 0.05013192612137203 0.02333931777378815
vdd 0.3054089709762533 0.05385996409335727 0.048812664907651716 0.025134649910233394
vdd 0.6820580474934037 0.05385996409335727 0.05013192612137203 0.02872531418312388
pmos 0.10686015831134564 0.1310592459605027 0.052770448548812667 0.10053859964093358
vdd 0.8476253298153035 0.23877917414721722 0.051451187335092345 0.02872531418312388
pmos 0.58311345646438 0.41741472172351884 0.052770448548812667 0.09874326750448834
pmos 0.5817941952506597 0.5350089766606823 0.052770448548812667 0.10053859964093358
single-end-amp 0.21767810026385223 0.4497307001795332 0.10817941952506596 0.12387791741472172
port 0.7137203166226913 0.6723518850987432 0.018469656992084433 0.026929982046678635