capacitor 0.09433962264150944 0.5632022471910112 0.07547169811320754 0.03651685393258427
nmos 0.8089622641509434 0.31741573033707865 0.08962264150943396 0.07865168539325842
vdd 0.3561320754716981 0.40730337078651685 0.0660377358490566 0.02247191011235955
nmos 0.3290094339622642 0.6544943820224719 0.06839622641509434 0.10674157303370786
nmos 0.27712264150943394 0.8567415730337079 0.06367924528301887 0.10674157303370786
gnd 0.8643867924528302 0.4002808988764045 0.025943396226415096 0.019662921348314606
port 0.21816037735849056 0.5814606741573034 0.01650943396226415 0.02247191011235955
nmos 0.7523584905660378 0.7471910112359551 0.08962264150943396 0.07865168539325842
pmos 0.47641509433962265 0.3890449438202247 0.09433962264150944 0.08146067415730338
port 0.8455188679245284 0.18117977528089887 0.01179245283018868 0.019662921348314606
pmos 0.36910377358490565 0.2542134831460674 0.06367924528301887 0.10955056179775281
pmos 0.3290094339622642 0.4887640449438202 0.06839622641509434 0.10674157303370786
nmos 0.6568396226415094 0.31741573033707865 0.08726415094339622 0.07865168539325842
pmos 0.75 0.17837078651685392 0.0660377358490566 0.10955056179775281
gnd 0.30424528301886794 0.9691011235955056 0.02830188679245283 0.02247191011235955
nmos 0.5931603773584906 0.7485955056179775 0.09198113207547169 0.07584269662921349
nmos 0.5058962264150944 0.6544943820224719 0.06839622641509434 0.10674157303370786
vdd 0.41273584905660377 0.09129213483146068 0.0660377358490566 0.014044943820224719
port 0.8089622641509434 0.7808988764044944 0.009433962264150943 0.016853932584269662
port 0.2205188679245283 0.8595505617977528 0.01650943396226415 0.028089887640449437