port 0.7474662162162162 0.09656084656084656 0.018581081081081082 0.0291005291005291
port 0.8944256756756757 0.6283068783068783 0.018581081081081082 0.0291005291005291
gnd 0.32094594594594594 0.24867724867724866 0.037162162162162164 0.037037037037037035
inductor 0.43327702702702703 0.33201058201058203 0.03885135135135135 0.10846560846560846
capacitor 0.3885135135135135 0.15211640211640212 0.016891891891891893 0.06613756613756613
gnd 0.4341216216216216 0.9722222222222222 0.037162162162162164 0.03439153439153439
nmos 0.722972972972973 0.6640211640211641 0.057432432432432436 0.12169312169312169
gnd 0.7474662162162162 0.9708994708994709 0.03547297297297297 0.037037037037037035
port 0.43243243243243246 0.11375661375661375 0.016891891891891893 0.026455026455026454
capacitor 0.7027027027027027 0.14285714285714285 0.016891891891891893 0.06349206349206349
nmos 0.4079391891891892 0.6587301587301587 0.05912162162162162 0.12169312169312169
capacitor 0.8268581081081081 0.6296296296296297 0.018581081081081082 0.06878306878306878
port 0.13260135135135134 0.6613756613756614 0.02195945945945946 0.031746031746031744
capacitor 0.18496621621621623 0.66005291005291 0.018581081081081082 0.07142857142857142
capacitor 0.4873310810810811 0.6084656084656085 0.018581081081081082 0.06878306878306878
resistor2 0.43158783783783783 0.8544973544973545 0.03209459459459459 0.15343915343915343
inductor 0.7474662162162162 0.3201058201058201 0.03885135135135135 0.1111111111111111
inductor 0.7474662162162162 0.843915343915344 0.03885135135135135 0.10582010582010581
gnd 0.6359797297297297 0.23941798941798942 0.03885135135135135 0.03968253968253968
resistor2 0.28125 0.6626984126984127 0.09628378378378379 0.04497354497354497
resistor2 0.589527027027027 0.6640211640211641 0.09797297297297297 0.047619047619047616