resistor 0.07518796992481203 0.20319148936170212 0.03759398496240601 0.07872340425531915
port 0.9492481203007519 0.3446808510638298 0.08270676691729323 0.06808510638297872
npn 0.3233082706766917 0.5 0.09774436090225563 0.14468085106382977
npn 0.1137218045112782 0.5 0.09962406015037593 0.14042553191489363
resistor 0.07612781954887218 0.8542553191489362 0.039473684210526314 0.08297872340425531
resistor 0.28477443609022557 0.20319148936170212 0.039473684210526314 0.07872340425531915
single-end-amp 0.6578947368421053 0.3382978723404255 0.2556390977443609 0.2851063829787234
gnd 0.07518796992481203 0.9638297872340426 0.07142857142857142 0.03829787234042553
resistor 0.07612781954887218 0.675531914893617 0.039473684210526314 0.07872340425531915
vdd 0.287593984962406 0.09787234042553192 0.03759398496240601 0.02553191489361702
vdd 0.07612781954887218 0.1 0.03571428571428571 0.02553191489361702