inductor 0.4488139825218477 0.19016152716593246 0.03870162297128589 0.0631424375917768
inductor 0.6747815230961298 0.5873715124816447 0.03870162297128589 0.06167400881057269
inductor 0.6747815230961298 0.19089574155653452 0.03870162297128589 0.06461086637298091
vdd 0.4488139825218477 0.05800293685756241 0.03870162297128589 0.01908957415565345
inductor 0.2815230961298377 0.8259911894273128 0.03870162297128589 0.0631424375917768
nmos 0.6335830212234707 0.4067547723935389 0.08863920099875156 0.09104258443465492
port 0.2808988764044944 0.9324522760646109 0.024968789013732832 0.05873715124816446
nmos 0.418227215980025 0.6938325991189427 0.07240948813982521 0.08957415565345081
capacitor 0.1735330836454432 0.6930983847283406 0.02247191011235955 0.05286343612334802
gnd 0.4488139825218477 0.9757709251101322 0.03620474406991261 0.033773861967694566
capacitor 0.8270911360799001 0.31791483113069013 0.02372034956304619 0.0513950073421439
nmos 0.418227215980025 0.473568281938326 0.07240948813982521 0.08957415565345081
port 0.9344569288389513 0.31497797356828194 0.04868913857677903 0.030837004405286344
gnd 0.6747815230961298 0.7143906020558003 0.03620474406991261 0.033773861967694566
inductor 0.4488139825218477 0.842143906020558 0.03870162297128589 0.0631424375917768
port 0.062421972534332085 0.6930983847283406 0.0449438202247191 0.02936857562408223