pmos 0.8575096277278562 0.2381852551984877 0.05648267008985879 0.10964083175803403
nmos 0.5474967907573812 0.8553875236294896 0.055198973042362 0.11153119092627599
pmos 0.32734274711168165 0.3431001890359168 0.05391527599486521 0.10775047258979206
nmos 0.1777920410783055 0.48015122873345933 0.057766367137355584 0.11342155009451796
pmos 0.4178433889602054 0.5113421550094518 0.05263157894736842 0.10775047258979206
nmos 0.6835686777920411 0.8544423440453687 0.055198973042362 0.11342155009451796
nmos 0.32798459563543003 0.8534971644612477 0.05263157894736842 0.10775047258979206
nmos 0.32926829268292684 0.7098298676748582 0.05263157894736842 0.11531190926275993
cross-line-curved 0.3042362002567394 0.6238185255198487 0.01797175866495507 0.01890359168241966
pmos 0.7297817715019256 0.42533081285444235 0.055198973042362 0.10964083175803403
pmos 0.46277278562259305 0.21739130434782608 0.055198973042362 0.10964083175803403
pmos 0.6617458279845956 0.21739130434782608 0.055198973042362 0.11342155009451796
nmos 0.8119383825417201 0.8544423440453687 0.055198973042362 0.11342155009451796
pmos 0.4178433889602054 0.3440453686200378 0.05263157894736842 0.10964083175803403
nmos 0.41527599486521183 0.8534971644612477 0.055198973042362 0.11153119092627599
nmos 0.8106546854942234 0.7098298676748582 0.057766367137355584 0.11153119092627599
pmos 0.5494223363286265 0.42060491493383745 0.05391527599486521 0.10775047258979206
nmos 0.5474967907573812 0.7098298676748582 0.055198973042362 0.11153119092627599
nmos 0.6835686777920411 0.7098298676748582 0.055198973042362 0.11153119092627599
nmos 0.10718870346598203 0.8109640831758034 0.055198973042362 0.11720226843100189
nmos 0.41527599486521183 0.7098298676748582 0.055198973042362 0.11153119092627599
cross-line-curved 0.3048780487804878 0.7835538752362949 0.019255455712451863 0.017013232514177693
pmos 0.32798459563543003 0.5113421550094518 0.05263157894736842 0.11153119092627599
capacitor 0.0834403080872914 0.2277882797731569 0.0693196405648267 0.054820415879017016
gnd 0.3048780487804878 0.9224952741020794 0.019255455712451863 0.01890359168241966
gnd 0.4396662387676508 0.9234404536862004 0.019255455712451863 0.020793950850661626
gnd 0.5706033376123235 0.9234404536862004 0.019255455712451863 0.020793950850661626
gnd 0.70795892169448 0.9234404536862004 0.019255455712451863 0.020793950850661626
vdd 0.20282413350449294 0.10113421550094517 0.0410783055198973 0.03213610586011342
vdd 0.306803594351733 0.10113421550094517 0.0410783055198973 0.03213610586011342
vdd 0.44030808729139925 0.10491493383742911 0.0410783055198973 0.03213610586011342
vdd 0.6367137355584083 0.09924385633270322 0.0410783055198973 0.03213610586011342
gnd 0.08472400513478819 0.9224952741020794 0.01540436456996149 0.015122873345935728