port 0.8921933085501859 0.5555555555555556 0.03717472118959108 0.05734767025089606
capacitor 0.29244114002478316 0.7598566308243727 0.022304832713754646 0.05734767025089606
port 0.530359355638166 0.553763440860215 0.01982651796778191 0.02867383512544803
gnd 0.70817843866171 0.8637992831541219 0.040892193308550186 0.043010752688172046
resistor 0.5247831474597274 0.839605734767025 0.03841387856257745 0.06989247311827956
capacitor 0.4882280049566295 0.3888888888888889 0.022304832713754646 0.05734767025089606
vdd 0.7106567534076828 0.10842293906810035 0.055762081784386616 0.026881720430107527
pmos 0.6871127633209417 0.3888888888888889 0.058240396530359353 0.08960573476702509
nmos 0.684634448574969 0.7598566308243727 0.058240396530359353 0.0931899641577061
nmos 0.3339529120198265 0.6236559139784946 0.055762081784386616 0.08602150537634409
port 0.21933085501858737 0.4596774193548387 0.01982651796778191 0.03046594982078853
capacitor 0.483271375464684 0.7589605734767025 0.022304832713754646 0.05555555555555555
port 0.07372986369268897 0.7625448028673835 0.03593556381660471 0.05555555555555555
inductor 0.3587360594795539 0.8593189964157706 0.04584882280049566 0.0985663082437276
gnd 0.35749690210656754 0.974910394265233 0.040892193308550186 0.04659498207885305
resistor 0.5297397769516728 0.47043010752688175 0.03841387856257745 0.06630824372759857
port 0.5254027261462205 0.9238351254480287 0.01982651796778191 0.03046594982078853
resistor 0.21871127633209417 0.5439068100358423 0.03841387856257745 0.06989247311827956
resistor 0.3593556381660471 0.29838709677419356 0.03717472118959108 0.06989247311827956
vdd 0.35687732342007433 0.1039426523297491 0.057001239157372985 0.02867383512544803