nmos 0.12698412698412698 0.4392033542976939 0.05714285714285714 0.1111111111111111
port 0.9571428571428572 0.6268343815513627 0.015873015873015872 0.020964360587002098
pmos 0.6777777777777778 0.16981132075471697 0.06666666666666667 0.11320754716981132
gnd 0.8873015873015873 0.9580712788259959 0.0761904761904762 0.041928721174004195
nmos 0.18888888888888888 0.8081761006289309 0.05714285714285714 0.11530398322851153
pmos 0.6785714285714286 0.4350104821802935 0.06507936507936508 0.1111111111111111
nmos 0.8650793650793651 0.5136268343815513 0.06031746031746032 0.11320754716981132
resistor 0.888095238095238 0.7620545073375262 0.03650793650793651 0.09014675052410902
pmos 0.55 0.1708595387840671 0.06190476190476191 0.1111111111111111
pmos 0.5484126984126985 0.4339622641509434 0.06507936507936508 0.1090146750524109
nmos 0.4992063492063492 0.810272536687631 0.05555555555555555 0.1111111111111111
port 0.046825396825396826 0.4381551362683438 0.01746031746031746 0.020964360587002098
port 0.047619047619047616 0.5356394129979035 0.015873015873015872 0.023060796645702306
capacitor 0.7777777777777778 0.7641509433962265 0.05396825396825397 0.0440251572327044
nmos 0.6833333333333333 0.8113207547169812 0.05873015873015873 0.1090146750524109
nmos 0.680952380952381 0.6635220125786163 0.05714285714285714 0.1111111111111111
nmos 0.2976190476190476 0.44025157232704404 0.05555555555555555 0.1090146750524109
port 0.047619047619047616 0.8081761006289309 0.012698412698412698 0.018867924528301886
nmos 0.4984126984126984 0.6656184486373166 0.05714285714285714 0.1111111111111111
port 0.04523809523809524 0.6645702306079665 0.014285714285714285 0.020964360587002098
vdd 0.8888888888888888 0.09014675052410902 0.04126984126984127 0.033542976939203356
port 0.04206349206349207 0.9119496855345912 0.014285714285714285 0.020964360587002098
port 0.9484126984126984 0.9119496855345912 0.014285714285714285 0.020964360587002098
vdd 0.5246031746031746 0.09014675052410902 0.03968253968253968 0.033542976939203356
vdd 0.7 0.09014675052410902 0.04126984126984127 0.033542976939203356