single-end-amp 0.28192371475953565 0.4105367793240557 0.2620232172470978 0.35984095427435386
capacitor 0.9096185737976783 0.7415506958250497 0.05804311774461028 0.0437375745526839
resistor 0.5 0.827037773359841 0.05140961857379768 0.11133200795228629
gnd 0.6567164179104478 0.9761431411530815 0.05306799336650083 0.0437375745526839
resistor 0.49917081260364843 0.6510934393638171 0.05306799336650083 0.10934393638170974
port 0.11774461028192372 0.32803180914512925 0.01658374792703151 0.019880715705765408
gnd 0.9087893864013267 0.9751491053677932 0.05306799336650083 0.04572564612326044
current 0.6575456053067993 0.7335984095427436 0.087893864013267 0.10337972166998012
pmos 0.6177446102819237 0.4105367793240557 0.0978441127694859 0.15705765407554673
gnd 0.5008291873963516 0.974155069582505 0.05638474295190713 0.0437375745526839
port 0.6575456053067993 0.10636182902584493 0.028192371475953566 0.02186878727634195