port 0.08625162127107652 0.18155339805825244 0.02464332036316472 0.036893203883495145
nmos 0.2438391699092088 0.6058252427184466 0.0622568093385214 0.1203883495145631
gnd 0.5012970168612192 0.9631067961165048 0.055771725032425425 0.04660194174757282
pmos 0.8106355382619974 0.18349514563106797 0.0622568093385214 0.11844660194174757
port 0.9163424124513618 0.1825242718446602 0.02464332036316472 0.038834951456310676
cross-line-curved 0.38002594033722437 0.2970873786407767 0.028534370946822308 0.027184466019417475
nmos 0.19130998702983137 0.7873786407766991 0.06355382619974059 0.11844660194174757
port 0.43060959792477305 0.6067961165048543 0.02594033722438392 0.036893203883495145
pmos 0.32490272373540857 0.18349514563106797 0.06355382619974059 0.11844660194174757
cross-line-curved 0.5 0.24271844660194175 0.029831387808041506 0.04271844660194175
port 0.5726329442282749 0.6067961165048543 0.02464332036316472 0.036893203883495145
port 0.08560311284046693 0.7883495145631068 0.02594033722438392 0.03495145631067961
port 0.08560311284046693 0.4242718446601942 0.02594033722438392 0.036893203883495145
pmos 0.1926070038910506 0.1825242718446602 0.06355382619974059 0.11650485436893204
cross-line-curved 0.6238651102464332 0.2970873786407767 0.028534370946822308 0.027184466019417475
vdd 0.7853437094682231 0.06407766990291262 0.03761348897535668 0.019417475728155338
nmos 0.8119325551232166 0.42330097087378643 0.0622568093385214 0.1203883495145631
vdd 0.7042801556420234 0.06407766990291262 0.038910505836575876 0.019417475728155338
nmos 0.7587548638132295 0.6067961165048543 0.0622568093385214 0.11844660194174757
port 0.9169909208819714 0.4242718446601942 0.02594033722438392 0.036893203883495145
nmos 0.19130998702983137 0.42330097087378643 0.06355382619974059 0.1203883495145631
port 0.917639429312581 0.7873786407766991 0.02464332036316472 0.036893203883495145
nmos 0.8119325551232166 0.7873786407766991 0.0622568093385214 0.11844660194174757
pmos 0.6783398184176395 0.18058252427184465 0.0622568093385214 0.11650485436893204
port 0.8223086900129701 0.9077669902912622 0.020752269779507133 0.02524271844660194
vdd 0.2172503242542153 0.06310679611650485 0.040207522697795074 0.021359223300970873
vdd 0.301556420233463 0.059223300970873784 0.040207522697795074 0.021359223300970873
port 0.182230869001297 0.9097087378640777 0.02204928664072633 0.02524271844660194