capacitor 0.3990554899645809 0.0515695067264574 0.018890200708382526 0.07174887892376682
capacitor 0.8919716646989374 0.8038116591928252 0.03659976387249114 0.033632286995515695
capacitor 0.43034238488783944 0.8026905829596412 0.03659976387249114 0.03587443946188341
single-input-single-end-amp 0.5785123966942148 0.625560538116592 0.10625737898465171 0.3542600896860987
capacitor 0.8093270365997639 0.4226457399103139 0.01770956316410862 0.06950672645739911
single-input-single-end-amp 0.3293978748524203 0.24327354260089687 0.10625737898465171 0.3475336322869955
single-input-single-end-amp 0.34710743801652894 0.624439461883408 0.10861865407319952 0.3475336322869955
capacitor 0.2012987012987013 0.8026905829596412 0.03659976387249114 0.03587443946188341
resistor 0.7012987012987013 0.8116591928251121 0.023612750885478158 0.09417040358744394
gnd 0.9155844155844156 0.9585201793721974 0.04604486422668241 0.04708520179372197
capacitor 0.60271546635183 0.31053811659192826 0.020070838252656435 0.07399103139013453
resistor 0.9338842975206612 0.8105381165919282 0.023612750885478158 0.09641255605381166
gnd 0.6835891381345927 0.9585201793721974 0.0448642266824085 0.04708520179372197
capacitor 0.6593860684769776 0.8026905829596412 0.03659976387249114 0.03587443946188341
single-input-single-end-amp 0.1180637544273908 0.625560538116592 0.10625737898465171 0.3452914798206278
resistor 0.4722550177095632 0.8105381165919282 0.023612750885478158 0.09641255605381166
gnd 0.2243211334120425 0.9573991031390134 0.0448642266824085 0.04932735426008968
port 0.030696576151121605 0.625560538116592 0.021251475796930343 0.04035874439461883
port 0.9639905548996458 0.624439461883408 0.02243211334120425 0.042600896860986545
resistor 0.2426210153482881 0.8094170403587444 0.024793388429752067 0.09865470852017937
gnd 0.45454545454545453 0.9585201793721974 0.0448642266824085 0.0515695067264574
single-input-single-end-amp 0.8105076741440378 0.6311659192825112 0.10743801652892562 0.35650224215246634