port 0.9861778846153846 0.5969696969696969 0.015625 0.04242424242424243
gnd 0.29627403846153844 0.9393939393939394 0.03245192307692308 0.05454545454545454
capacitor 0.6796875 0.1893939393939394 0.027644230769230768 0.13636363636363635
capacitor 0.6790865384615384 0.3712121212121212 0.028846153846153848 0.16666666666666666
port 0.027644230769230768 0.5969696969696969 0.016826923076923076 0.04242424242424243
resistor 0.8924278846153846 0.753030303030303 0.020432692307692308 0.09393939393939393
capacitor 0.9296875 0.75 0.030048076923076924 0.045454545454545456
gnd 0.8930288461538461 0.9424242424242424 0.03365384615384615 0.05454545454545454
resistor 0.5697115384615384 0.7651515151515151 0.019230769230769232 0.09393939393939393
gnd 0.5703125 0.95 0.03245192307692308 0.05757575757575758
resistor 0.29507211538461536 0.7484848484848485 0.020432692307692308 0.09090909090909091
capacitor 0.6075721153846154 0.753030303030303 0.030048076923076924 0.045454545454545456
capacitor 0.3329326923076923 0.7378787878787879 0.03125 0.045454545454545456
single-input-single-end-amp 0.1778846153846154 0.603030303030303 0.16105769230769232 0.2545454545454545
single-input-single-end-amp 0.6983173076923077 0.5924242424242424 0.16105769230769232 0.25757575757575757
single-input-single-end-amp 0.46694711538461536 0.593939393939394 0.1622596153846154 0.2545454545454545