capacitor 0.7487146529562982 0.30972222222222223 0.02699228791773779 0.08611111111111111
capacitor 0.19408740359897173 0.7180555555555556 0.038560411311053984 0.06388888888888888
port 0.42930591259640105 0.12083333333333333 0.015424164524421594 0.030555555555555555
gnd 0.19601542416452442 0.9069444444444444 0.037275064267352186 0.05277777777777778
inductor 0.13367609254498714 0.5569444444444445 0.05398457583547558 0.03611111111111111
port 0.9093830334190232 0.42083333333333334 0.008997429305912597 0.019444444444444445
gnd 0.42930591259640105 0.9486111111111111 0.03598971722365039 0.04722222222222222
nmos 0.38881748071979433 0.5666666666666667 0.08868894601542417 0.3111111111111111
capacitor 0.6401028277634961 0.7916666666666666 0.038560411311053984 0.06666666666666667
inductor 0.4318766066838046 0.7819444444444444 0.015424164524421594 0.11944444444444445
resistor 0.7596401028277635 0.5291666666666667 0.05912596401028278 0.058333333333333334
inductor 0.5790488431876607 0.41388888888888886 0.05012853470437018 0.03333333333333333
resistor 0.6388174807197944 0.5666666666666667 0.02570694087403599 0.14444444444444443
resistor 0.2994858611825193 0.7111111111111111 0.02570694087403599 0.1388888888888889
gnd 0.640745501285347 0.9486111111111111 0.03470437017994859 0.04722222222222222
gnd 0.30077120822622105 0.9111111111111111 0.03598971722365039 0.05
inductor 0.4318766066838046 0.26805555555555555 0.015424164524421594 0.11944444444444445
port 0.07390745501285347 0.5652777777777778 0.014138817480719794 0.030555555555555555
inductor 0.2390745501285347 0.5569444444444445 0.05141388174807198 0.03611111111111111
capacitor 0.4922879177377892 0.42083333333333334 0.028277634961439587 0.09166666666666666