current 0.4123621590249565 0.6481835564053537 0.0261172373766686 0.06118546845124283
port 0.7420197330237958 0.3078393881453155 0.01567034242600116 0.04206500956022945
nmos 0.3180499129425421 0.4655831739961759 0.025536854323853744 0.08604206500956023
port 0.2782936738247243 0.369980879541109 0.01567034242600116 0.040152963671128104
pmos 0.0641323273360418 0.51434034416826 0.028438769587928032 0.08795411089866156
resistor 0.573128264654672 0.748565965583174 0.014509576320371444 0.0745697896749522
resistor 0.5734184561810796 0.615678776290631 0.013929193267556587 0.07265774378585087
nmos 0.9767846778874056 0.5219885277246654 0.027858386535113175 0.08795411089866156
pmos 0.23650609402205455 0.21606118546845124 0.027278003482298318 0.08795411089866156
port 0.0240858966918166 0.5152963671128107 0.017991874637260593 0.04397705544933078
pmos 0.10504933255948927 0.27724665391969405 0.027858386535113175 0.08795411089866156
capacitor 0.4393499709808474 0.37093690248565964 0.01857225769007545 0.02676864244741874
nmos 0.23853743470690655 0.4665391969407266 0.024376088218224026 0.08795411089866156
pmos 0.7069065583284968 0.30592734225621415 0.02901915264074289 0.09177820267686425
nmos 0.7074869413813116 0.6510516252390057 0.027858386535113175 0.08604206500956023
port 0.5269878119558908 0.6845124282982792 0.015089959373186303 0.04206500956022945
resistor 0.600116076610563 0.655831739961759 0.015089959373186303 0.07648183556405354
pmos 0.4808473592571097 0.2170172084130019 0.028438769587928032 0.08604206500956023
pmos 0.7872896111433546 0.2762906309751434 0.02959953569355775 0.08986615678776291
capacitor 0.6404526987811956 0.6424474187380497 0.019152640742890307 0.030592734225621414
nmos 0.8421358096343586 0.6520076481835564 0.027858386535113175 0.08795411089866156
pmos 0.3195008705745792 0.21606118546845124 0.027278003482298318 0.08795411089866156
nmos 0.9094602437608822 0.6520076481835564 0.027858386535113175 0.08795411089866156
port 0.03569355774811375 0.2762906309751434 0.014509576320371444 0.04397705544933078
pmos 0.399883923389437 0.37093690248565964 0.026697620429483458 0.08795411089866156
nmos 0.761172373766686 0.6510516252390057 0.028438769587928032 0.08986615678776291
pmos 0.910040626813697 0.27820267686424477 0.02901915264074289 0.08986615678776291
pmos 0.9770748694138132 0.37093690248565964 0.028438769587928032 0.09177820267686425
pmos 0.17005223447475334 0.517208413001912 0.02901915264074289 0.08986615678776291
nmos 0.4799767846778874 0.4780114722753346 0.026697620429483458 0.08795411089866156
port 0.3743470690655833 0.21319311663479923 0.015089959373186303 0.04397705544933078
resistor 0.4074289030760302 0.21510516252390058 0.02901915264074289 0.040152963671128104
nmos 0.3189204875217644 0.7208413001912046 0.0261172373766686 0.08030592734225621
nmos 0.2370864770748694 0.7179732313575525 0.027278003482298318 0.08604206500956023
gnd 0.3316889146836912 0.9684512428298279 0.019152640742890307 0.028680688336520075
port 0.6172373766686012 0.31166347992351817 0.01567034242600116 0.04206500956022945
pmos 0.8432965757399884 0.2762906309751434 0.02901915264074289 0.08986615678776291
pmos 0.56094022054556 0.3403441682600382 0.027278003482298318 0.08795411089866156
vdd 0.22547881601857225 0.08986615678776291 0.02959953569355775 0.03441682600382409
vdd 0.11868833430063842 0.09369024856596558 0.02959953569355775 0.03441682600382409
port 0.2785838653511317 0.6233269598470363 0.017411491584445733 0.03441682600382409
vdd 0.9254207777132908 0.08986615678776291 0.02959953569355775 0.03441682600382409
capacitor 0.4503772489843297 0.5611854684512428 0.01044689495066744 0.05162523900573614
vdd 0.8554846198491004 0.08986615678776291 0.030179918746372606 0.03441682600382409
vdd 0.7745211839814278 0.08604206500956023 0.02959953569355775 0.03441682600382409
vdd 0.692106790481718 0.08795411089866156 0.02959953569355775 0.03441682600382409
vdd 0.5754497968659316 0.09177820267686425 0.02959953569355775 0.03441682600382409
vdd 0.4947765525246663 0.08986615678776291 0.02959953569355775 0.03441682600382409
capacitor 0.7260591990713872 0.4321223709369025 0.01044689495066744 0.05353728489483748
vdd 0.3322692977365061 0.08986615678776291 0.02959953569355775 0.03441682600382409