gnd 0.48345323741007196 0.4900426742532006 0.025899280575539568 0.02702702702702703
vdd 0.602158273381295 0.06756756756756757 0.05611510791366906 0.01849217638691323
gnd 0.48776978417266187 0.9103840682788051 0.025899280575539568 0.025604551920341393
resistor 0.4892086330935252 0.6344238975817923 0.034532374100719423 0.059743954480796585
resistor 0.6028776978417266 0.1251778093883357 0.034532374100719423 0.05689900426742532
resistor 0.6467625899280576 0.883357041251778 0.03597122302158273 0.06543385490753911
switch 0.5992805755395684 0.20554765291607396 0.033093525179856115 0.06401137980085349
nmos 0.2014388489208633 0.8008534850640113 0.04892086330935252 0.05689900426742532
port 0.0618705035971223 0.980796586059744 0.034532374100719423 0.02702702702702703
capacitor 0.48345323741007196 0.4317211948790896 0.04028776978417266 0.02702702702702703
resistor 0.7525179856115108 0.6344238975817923 0.034532374100719423 0.059743954480796585
port 0.9446043165467626 0.7034139402560455 0.03597122302158273 0.02702702702702703
vdd 0.22014388489208633 0.5732574679943101 0.05467625899280575 0.01991465149359886
capacitor 0.5640287769784172 0.751778093883357 0.025899280575539568 0.03556187766714083
capacitor 0.7280575539568346 0.39758179231863444 0.04028776978417266 0.02702702702702703
nmos 0.7338129496402878 0.8015647226173542 0.04892086330935252 0.05547652916073969
gnd 0.7280575539568346 0.4566145092460882 0.025899280575539568 0.025604551920341393
switch 0.5992805755395684 0.30654338549075394 0.033093525179856115 0.06401137980085349
switch 0.2956834532374101 0.38193456614509247 0.0618705035971223 0.029871977240398292
resistor 0.220863309352518 0.6344238975817923 0.033093525179856115 0.059743954480796585
gnd 0.22014388489208633 0.9110953058321479 0.025899280575539568 0.02418207681365576
resistor 0.3841726618705036 0.8826458036984353 0.034532374100719423 0.06116642958748222
gnd 0.60431654676259 0.48862019914651494 0.025899280575539568 0.02418207681365576
nmos 0.4683453237410072 0.8008534850640113 0.050359712230215826 0.05405405405405406
nmos 0.5827338129496403 0.38477951635846375 0.04892086330935252 0.05832147937411095
vdd 0.4870503597122302 0.5739687055476529 0.053237410071942444 0.021337126600284494
resistor 0.11007194244604317 0.8819345661450925 0.03597122302158273 0.059743954480796585
vdd 0.7510791366906475 0.5732574679943101 0.05467625899280575 0.01991465149359886
port 0.5920863309352518 0.701280227596017 0.03597122302158273 0.02844950213371266
capacitor 0.2956834532374101 0.716927453769559 0.02446043165467626 0.03698435277382646
port 0.06115107913669065 0.8008534850640113 0.033093525179856115 0.02844950213371266
gnd 0.7525179856115108 0.9103840682788051 0.025899280575539568 0.025604551920341393