capacitor 0.4342273307790549 0.499001996007984 0.05363984674329502 0.03992015968063872
capacitor 0.1111111111111111 0.8163672654690619 0.035759897828863345 0.027944111776447105
inductor 0.2790549169859515 0.8133732534930139 0.03959131545338442 0.10578842315369262
port 0.4821200510855683 0.44011976047904194 0.019157088122605363 0.029940119760479042
nmos 0.5721583652618135 0.7085828343313373 0.08684546615581099 0.13972055888223553
gnd 0.8614303959131545 0.936127744510978 0.04980842911877394 0.059880239520958084
capacitor 0.7464878671775224 0.20359281437125748 0.03959131545338442 0.03992015968063872
capacitor 0.3831417624521073 0.8153692614770459 0.038314176245210725 0.029940119760479042
port 0.7790549169859514 0.1506986027944112 0.020434227330779056 0.033932135728542916
gnd 0.15900383141762453 0.9481037924151696 0.03959131545338442 0.043912175648702596
port 0.07471264367816093 0.7065868263473054 0.021711366538952746 0.031936127744510975
vdd 0.6079182630906769 0.059880239520958084 0.06641123882503193 0.043912175648702596
capacitor 0.5338441890166028 0.23552894211576847 0.038314176245210725 0.031936127744510975
inductor 0.1583652618135377 0.8133732534930139 0.038314176245210725 0.10578842315369262
inductor 0.6762452107279694 0.22654690618762474 0.03959131545338442 0.10978043912175649
gnd 0.6756066411238825 0.32335329341317365 0.038314176245210725 0.04790419161676647
port 0.2790549169859515 0.9231536926147704 0.021711366538952746 0.029940119760479042
resistor 0.7758620689655172 0.7694610778443114 0.05491698595146871 0.08982035928143713
inductor 0.60727969348659 0.2275449101796407 0.03959131545338442 0.11177644710578842
resistor 0.43486590038314177 0.6097804391217565 0.05491698595146871 0.08982035928143713
gnd 0.6104725415070242 0.906187624750499 0.04853128991060025 0.05588822355289421
nmos 0.5747126436781609 0.4421157684630739 0.08684546615581099 0.14171656686626746
capacitor 0.9425287356321839 0.7654690618762475 0.05363984674329502 0.041916167664670656
capacitor 0.8614303959131545 0.7654690618762475 0.05236270753512133 0.03792415169660679