inductor 0.5970245795601552 0.5469973890339426 0.07891332470892626 0.044386422976501305
diode 0.24838292367399742 0.27154046997389036 0.018111254851228976 0.031331592689295036
diode 0.3926261319534282 0.27154046997389036 0.016817593790426907 0.031331592689295036
inductor 0.5950840879689522 0.46866840731070497 0.07761966364812418 0.044386422976501305
diode 0.11254851228978008 0.4412532637075718 0.018111254851228976 0.031331592689295036
inductor 0.5064683053040103 0.46736292428198434 0.07891332470892626 0.04177545691906005
diode 0.21345407503234154 0.4412532637075718 0.018111254851228976 0.031331592689295036
gnd 0.3738680465717982 0.4412532637075718 0.03880983182406209 0.04699738903394256
inductor 0.6358344113842174 0.18798955613577023 0.07891332470892626 0.04177545691906005
inductor 0.6345407503234153 0.11618798955613577 0.07891332470892626 0.044386422976501305
inductor 0.5439844760672704 0.1174934725848564 0.07891332470892626 0.04177545691906005
voltage-lines 0.21021992238033635 0.12402088772845953 0.019404915912031046 0.06527415143603134
diode 0.3997412677878396 0.7127937336814621 0.018111254851228976 0.031331592689295036
diode 0.6785252263906857 0.7127937336814621 0.016817593790426907 0.031331592689295036
diode 0.8065976714100905 0.7127937336814621 0.016817593790426907 0.031331592689295036
voltage-lines 0.9204398447606728 0.7088772845953003 0.03492884864165589 0.033942558746736295
resistor 0.9579560155239327 0.7127937336814621 0.019404915912031046 0.0731070496083551
nmos 0.276843467011643 0.27284595300261094 0.0258732212160414 0.09138381201044386
nmos 0.36351875808538164 0.27023498694516973 0.0258732212160414 0.09138381201044386
nmos 0.11319534282018111 0.4960835509138381 0.045278137128072445 0.057441253263707574
nmos 0.21410090556274256 0.4960835509138381 0.047865459249676584 0.057441253263707574
nmos 0.370633893919793 0.7114882506527415 0.02457956015523933 0.09138381201044386
nmos 0.6474773609314359 0.7154046997389034 0.02457956015523933 0.09399477806788512
nmos 0.7761966364812419 0.7140992167101827 0.0258732212160414 0.09138381201044386
port 0.34023285899094435 0.29765013054830286 0.007761966364812419 0.020887728459530026
port 0.29948253557567917 0.24281984334203655 0.009055627425614488 0.020887728459530026
voltage-lines 0.056921086675291076 0.6879895561357703 0.03622250970245795 0.033942558746736295
voltage-lines 0.4359637774902975 0.47911227154047 0.02069857697283312 0.06527415143603134
port 0.22833117723156532 0.5391644908616188 0.009055627425614488 0.013054830287206266
port 0.34799482535575677 0.7402088772845953 0.007761966364812419 0.018276762402088774
port 0.12807244501940493 0.5391644908616188 0.007761966364812419 0.013054830287206266
port 0.6248382923673997 0.7428198433420365 0.007761966364812419 0.018276762402088774
port 0.7554980595084088 0.7428198433420365 0.007761966364812419 0.018276762402088774
voltage-lines 0.3240620957309185 0.4751958224543081 0.019404915912031046 0.06788511749347259
inductor 0.8531694695989651 0.46736292428198434 0.07891332470892626 0.04177545691906005
inductor 0.7153945666235446 0.46736292428198434 0.07761966364812418 0.04177545691906005
voltage-lines 0.47347994825355755 0.12532637075718014 0.02069857697283312 0.06788511749347259
gnd 0.059508408796895215 0.9686684073107049 0.03880983182406209 0.04699738903394256