nmos 0.3178963893249607 0.6795827123695977 0.07692307692307693 0.09239940387481371
nmos 0.46703296703296704 0.8636363636363636 0.07378335949764521 0.09090909090909091
gnd 0.49843014128728413 0.9679582712369598 0.0706436420722135 0.037257824143070044
port 0.902668759811617 0.6788375558867362 0.0282574568288854 0.028315946348733235
port 0.09262166405023547 0.6795827123695977 0.03139717425431711 0.029806259314456036
port 0.09340659340659341 0.2600596125186289 0.029827315541601257 0.028315946348733235
nmos 0.6773940345368917 0.6795827123695977 0.07692307692307693 0.09239940387481371
nmos 0.4976452119309262 0.3710879284649776 0.09105180533751962 0.07153502235469449
port 0.902668759811617 0.16691505216095381 0.0282574568288854 0.026825633383010434
nmos 0.38226059654631084 0.4932935916542474 0.07378335949764521 0.08941877794336811
nmos 0.7747252747252747 0.4932935916542474 0.07692307692307693 0.09239940387481371
nmos 0.6130298273155416 0.4940387481371088 0.07378335949764521 0.09090909090909091
port 0.09340659340659341 0.49254843517138597 0.029827315541601257 0.028315946348733235
port 0.09340659340659341 0.16691505216095381 0.029827315541601257 0.029806259314456036
pmos 0.6130298273155416 0.1661698956780924 0.07692307692307693 0.09090909090909091
pmos 0.38226059654631084 0.1661698956780924 0.07378335949764521 0.08792846497764531
nmos 0.22135007849293564 0.4932935916542474 0.07535321821036106 0.09239940387481371
port 0.358712715855573 0.8651266766020864 0.029827315541601257 0.028315946348733235
port 0.902668759811617 0.2600596125186289 0.0282574568288854 0.028315946348733235
gnd 0.4976452119309262 0.6907600596125186 0.06907378335949764 0.037257824143070044
pmos 0.22213500784929358 0.1661698956780924 0.07692307692307693 0.08792846497764531
port 0.4976452119309262 0.28241430700447095 0.0282574568288854 0.028315946348733235
voltage-lines 0.4976452119309262 0.5946348733233979 0.07849293563579278 0.06557377049180328
pmos 0.7747252747252747 0.16691505216095381 0.07378335949764521 0.08941877794336811
port 0.901883830455259 0.49254843517138597 0.029827315541601257 0.028315946348733235
vdd 0.6452119309262166 0.07749627421758569 0.02511773940345369 0.02384500745156483
vdd 0.35243328100470955 0.07451564828614009 0.026687598116169546 0.02384500745156483