inductor 0.3161057692307692 0.40262172284644193 0.009615384615384616 0.10112359550561797
gnd 0.49759615384615385 0.9082397003745318 0.019230769230769232 0.04119850187265917
vdd 0.3816105769230769 0.24906367041198502 0.027644230769230768 0.026217228464419477
capacitor 0.6177884615384616 0.32209737827715357 0.009615384615384616 0.06741573033707865
resistor 0.5979567307692307 0.2340823970037453 0.010817307692307692 0.07116104868913857
capacitor 0.33413461538461536 0.32209737827715357 0.009615384615384616 0.06741573033707865
resistor 0.09795673076923077 0.32397003745318353 0.010817307692307692 0.07116104868913857
inductor 0.13521634615384615 0.6573033707865169 0.03485576923076923 0.033707865168539325
capacitor 0.06911057692307693 0.6629213483146067 0.010817307692307692 0.0749063670411985
capacitor 0.2824519230769231 0.50187265917603 0.02403846153846154 0.0299625468164794
port 0.9453125 0.6573033707865169 0.013221153846153846 0.056179775280898875
capacitor 0.6484375 0.4101123595505618 0.010817307692307692 0.07116104868913857
inductor 0.21574519230769232 0.5561797752808989 0.010817307692307692 0.10112359550561797
resistor 0.4729567307692308 0.4737827715355805 0.02283653846153846 0.033707865168539325
resistor 0.18870192307692307 0.4737827715355805 0.02403846153846154 0.033707865168539325
inductor 0.5685096153846154 0.5898876404494382 0.01201923076923077 0.10112359550561797
gnd 0.05588942307692308 0.40823970037453183 0.013221153846153846 0.0599250936329588
vdd 0.5973557692307693 0.16292134831460675 0.028846153846153848 0.026217228464419477
resistor 0.8816105769230769 0.2340823970037453 0.010817307692307692 0.07116104868913857
inductor 0.7824519230769231 0.7940074906367042 0.01201923076923077 0.10486891385767791
inductor 0.8521634615384616 0.5898876404494382 0.01201923076923077 0.10112359550561797
capacitor 0.5661057692307693 0.50187265917603 0.021634615384615384 0.0299625468164794
inductor 0.8834134615384616 0.40262172284644193 0.009615384615384616 0.10112359550561797
gnd 0.21394230769230768 0.9082397003745318 0.019230769230769232 0.04119850187265917
inductor 0.4182692307692308 0.6554307116104869 0.03125 0.0299625468164794
capacitor 0.36478365384615385 0.4101123595505618 0.010817307692307692 0.07116104868913857
inductor 0.2854567307692308 0.5917602996254682 0.013221153846153846 0.10486891385767791
inductor 0.4987980769230769 0.7902621722846442 0.01201923076923077 0.11235955056179775
inductor 0.38341346153846156 0.5280898876404494 0.009615384615384616 0.10486891385767791
capacitor 0.3527644230769231 0.6591760299625468 0.010817307692307692 0.0749063670411985
gnd 0.9272836538461539 0.32209737827715357 0.013221153846153846 0.0599250936329588
resistor 0.3816105769230769 0.32209737827715357 0.010817307692307692 0.06741573033707865
port 0.04026442307692308 0.6610486891385767 0.013221153846153846 0.056179775280898875
vdd 0.3137019230769231 0.16292134831460675 0.028846153846153848 0.026217228464419477
resistor 0.6652644230769231 0.32209737827715357 0.013221153846153846 0.06741573033707865
resistor 0.31430288461538464 0.23595505617977527 0.013221153846153846 0.06741573033707865
inductor 0.21514423076923078 0.7921348314606742 0.01201923076923077 0.10861423220973783
vdd 0.6646634615384616 0.24906367041198502 0.028846153846153848 0.026217228464419477
capacitor 0.0811298076923077 0.4101123595505618 0.010817307692307692 0.07116104868913857
vdd 0.8810096153846154 0.16292134831460675 0.028846153846153848 0.026217228464419477
capacitor 0.6364182692307693 0.6591760299625468 0.010817307692307692 0.0749063670411985
inductor 0.7830528846153846 0.5561797752808989 0.010817307692307692 0.10112359550561797
gnd 0.78125 0.9101123595505618 0.019230769230769232 0.03745318352059925
vdd 0.09795673076923077 0.250936329588015 0.027644230769230768 0.02247191011235955
inductor 0.6664663461538461 0.5280898876404494 0.010817307692307692 0.10486891385767791
resistor 0.7560096153846154 0.4737827715355805 0.021634615384615384 0.033707865168539325
inductor 0.2512019230769231 0.48314606741573035 0.036057692307692304 0.03745318352059925
capacitor 0.16646634615384615 0.5749063670411985 0.025240384615384616 0.033707865168539325
capacitor 0.28185096153846156 0.4288389513108614 0.025240384615384616 0.033707865168539325
gnd 0.28185096153846156 0.34831460674157305 0.020432692307692308 0.0449438202247191
gnd 0.3605769230769231 0.32397003745318353 0.014423076923076924 0.056179775280898875
gnd 0.3407451923076923 0.41198501872659177 0.015625 0.0599250936329588
capacitor 0.4489182692307692 0.5749063670411985 0.025240384615384616 0.033707865168539325
inductor 0.49939903846153844 0.5599250936329588 0.010817307692307692 0.10861423220973783
inductor 0.5366586538461539 0.4812734082397004 0.03245192307692308 0.033707865168539325
capacitor 0.5667067307692307 0.4250936329588015 0.02283653846153846 0.033707865168539325
gnd 0.5667067307692307 0.34831460674157305 0.020432692307692308 0.0449438202247191
gnd 0.6231971153846154 0.4101123595505618 0.013221153846153846 0.056179775280898875
gnd 0.6424278846153846 0.32397003745318353 0.013221153846153846 0.056179775280898875
capacitor 0.7325721153846154 0.5749063670411985 0.02283653846153846 0.033707865168539325
capacitor 0.8491586538461539 0.5037453183520599 0.02283653846153846 0.033707865168539325
capacitor 0.8503605769230769 0.4250936329588015 0.02283653846153846 0.033707865168539325
capacitor 0.9026442307692307 0.31835205992509363 0.01201923076923077 0.0749063670411985
inductor 0.7037259615384616 0.653558052434457 0.03245192307692308 0.033707865168539325
inductor 0.8203125 0.47752808988764045 0.03245192307692308 0.033707865168539325
inductor 0.6021634615384616 0.3951310861423221 0.01201923076923077 0.10861423220973783
gnd 0.8497596153846154 0.34831460674157305 0.019230769230769232 0.0449438202247191
inductor 0.09975961538461539 0.5280898876404494 0.01201923076923077 0.10486891385767791