voltage-lines 0.30725462304409673 0.3879310344827586 0.05689900426742532 0.028735632183908046
inductor 0.3129445234708393 0.26053639846743293 0.031294452347083924 0.13409961685823754
inductor 0.8677098150782361 0.1388888888888889 0.10526315789473684 0.03639846743295019
capacitor 0.32930298719772405 0.6513409961685823 0.049786628733997154 0.02681992337164751
voltage-lines 0.10099573257467995 0.46264367816091956 0.02275960170697013 0.07088122605363985
inductor 0.24253200568990044 0.14272030651340997 0.10099573257467995 0.028735632183908046
capacitor 0.47368421052631576 0.19540229885057472 0.01991465149359886 0.06130268199233716
voltage 0.03911806543385491 0.36973180076628354 0.05832147937411095 0.08045977011494253
switch 0.4829302987197724 0.7375478927203065 0.032716927453769556 0.04980842911877394
capacitor 0.7098150782361309 0.29118773946360155 0.04836415362731152 0.034482758620689655
inductor 0.5953058321479374 0.35344827586206895 0.02702702702702703 0.13984674329501914
resistor 0.938122332859175 0.3017241379310345 0.02702702702702703 0.08237547892720307
capacitor 0.7652916073968705 0.1446360153256705 0.025604551920341393 0.06321839080459771
capacitor 0.5917496443812233 0.21455938697318008 0.04551920341394026 0.034482758620689655
inductor 0.6002844950213371 0.5795019157088123 0.10526315789473684 0.03639846743295019
nmos 0.14295874822190613 0.2768199233716475 0.05263157894736842 0.10919540229885058
capacitor 0.2119487908961593 0.6561302681992337 0.04551920341394026 0.032567049808429116
inductor 0.4751066856330014 0.08908045977011494 0.08534850640113797 0.032567049808429116
inductor 0.21621621621621623 0.7959770114942529 0.025604551920341393 0.13984674329501914
capacitor 0.713371266002845 0.7327586206896551 0.049786628733997154 0.032567049808429116
resistor 0.8541963015647226 0.7423371647509579 0.02702702702702703 0.08620689655172414
port 0.21266002844950213 0.907088122605364 0.01849217638691323 0.0210727969348659
port 0.3264580369843528 0.6906130268199234 0.01849217638691323 0.0210727969348659
port 0.3285917496443812 0.6101532567049809 0.01991465149359886 0.0210727969348659
port 0.2147937411095306 0.5900383141762452 0.01991465149359886 0.022988505747126436