pmos 0.3931564245810056 0.20212765957446807 0.06564245810055866 0.11798839458413926
nmos 0.21787709497206703 0.8085106382978723 0.0670391061452514 0.11992263056092843
port 0.8233240223463687 0.5657640232108317 0.02653631284916201 0.0367504835589942
pmos 0.2164804469273743 0.20019342359767892 0.0670391061452514 0.11798839458413926
pmos 0.4797486033519553 0.3239845261121857 0.06564245810055866 0.11411992263056092
nmos 0.4245810055865922 0.5667311411992263 0.0670391061452514 0.11605415860735009
pmos 0.8610335195530726 0.3239845261121857 0.06564245810055866 0.11411992263056092
nmos 0.7416201117318436 0.5667311411992263 0.0670391061452514 0.11605415860735009
current 0.19134078212290503 0.5009671179883946 0.1005586592178771 0.13926499032882012
nmos 0.861731843575419 0.8085106382978723 0.06983240223463687 0.11992263056092843
pmos 0.7737430167597765 0.20212765957446807 0.06424581005586592 0.11411992263056092
cross-line-curved 0.45321229050279327 0.20019342359767892 0.023743016759776536 0.025145067698259187
port 0.3435754189944134 0.5657640232108317 0.025139664804469275 0.0367504835589942
port 0.9434357541899442 0.4448742746615087 0.02653631284916201 0.03481624758220503
nmos 0.5565642458100558 0.8085106382978723 0.06843575418994413 0.11992263056092843
pmos 0.6871508379888268 0.3239845261121857 0.0670391061452514 0.11411992263056092
cross-line-curved 0.7143854748603352 0.19922630560928434 0.023743016759776536 0.02321083172147002
vdd 0.7150837988826816 0.0851063829787234 0.019553072625698324 0.027079303675048357
vdd 0.8058659217877095 0.08317214700193423 0.019553072625698324 0.027079303675048357
vdd 0.36662011173184356 0.08704061895551257 0.018156424581005588 0.027079303675048357
vdd 0.45391061452513964 0.08317214700193423 0.019553072625698324 0.027079303675048357