single-end-amp 0.4573170731707317 0.5773480662983426 0.14227642276422764 0.3149171270718232
resistor 0.17378048780487804 0.511049723756906 0.09552845528455285 0.11602209944751381
capacitor 0.5274390243902439 0.16574585635359115 0.026422764227642278 0.16574585635359115
gnd 0.3445121951219512 0.8425414364640884 0.0508130081300813 0.0718232044198895
resistor 0.35060975609756095 0.1712707182320442 0.09552845528455285 0.11049723756906077
resistor 0.7784552845528455 0.5828729281767956 0.09349593495934959 0.10497237569060773
port 0.4613821138211382 0.7265193370165746 0.012195121951219513 0.027624309392265192
capacitor 0.8963414634146342 0.7596685082872928 0.07723577235772358 0.0718232044198895
port 0.023373983739837397 0.9447513812154696 0.014227642276422764 0.03314917127071823
port 0.02540650406504065 0.5082872928176796 0.014227642276422764 0.03314917127071823
port 0.4603658536585366 0.430939226519337 0.014227642276422764 0.03314917127071823
port 0.9725609756097561 0.9392265193370166 0.014227642276422764 0.03314917127071823
port 0.9786585365853658 0.580110497237569 0.014227642276422764 0.03314917127071823