pmos 0.8377837116154874 0.19874476987447698 0.04672897196261682 0.10460251046025104
nmos 0.9659546061415221 0.5135983263598326 0.04672897196261682 0.10251046025104603
nmos 0.403871829105474 0.5261506276150628 0.04672897196261682 0.10251046025104603
pmos 0.403871829105474 0.19874476987447698 0.04672897196261682 0.10460251046025104
nmos 0.21495327102803738 0.8158995815899581 0.04806408544726302 0.100418410041841
pmos 0.677570093457944 0.1997907949790795 0.04672897196261682 0.10251046025104603
nmos 0.04606141522029372 0.44142259414225943 0.04672897196261682 0.10460251046025104
diode 0.7456608811748998 0.805439330543933 0.036048064085447265 0.05439330543933055
nmos 0.677570093457944 0.8169456066945606 0.04672897196261682 0.10251046025104603
pmos 0.17690253671562084 0.19874476987447698 0.04672897196261682 0.100418410041841
nmos 0.3671562082777036 0.8148535564853556 0.04806408544726302 0.10251046025104603
nmos 0.04539385847797063 0.8148535564853556 0.04806408544726302 0.10251046025104603
pmos 0.9659546061415221 0.1997907949790795 0.04672897196261682 0.10251046025104603
vdd 0.42456608811748997 0.07426778242677824 0.029372496662216287 0.03138075313807531
pmos 0.04606141522029372 0.19874476987447698 0.04672897196261682 0.100418410041841
nmos 0.21495327102803738 0.5261506276150628 0.04806408544726302 0.10251046025104603
port 0.8925233644859814 0.7081589958158996 0.020026702269692925 0.03556485355648536
gnd 0.4425901201602136 0.9686192468619247 0.03871829105473965 0.0502092050209205
nmos 0.5186915887850467 0.8138075313807531 0.049399198931909215 0.10460251046025104
vdd 0.8604806408544726 0.06694560669456066 0.030707610146862484 0.03347280334728033
vdd 0.6962616822429907 0.07112970711297072 0.030707610146862484 0.03347280334728033
vdd 0.19626168224299065 0.07531380753138076 0.029372496662216287 0.03347280334728033