nmos 0.5694842406876791 0.7053682896379525 0.06160458452722063 0.06991260923845194
pmos 0.32879656160458454 0.3807740324594257 0.0673352435530086 0.06491885143570537
nmos 0.8373925501432665 0.8358302122347067 0.06160458452722063 0.0686641697877653
pmos 0.7055873925501432 0.3807740324594257 0.06446991404011461 0.06491885143570537
gnd 0.48567335243553006 0.9725343320848939 0.05730659025787966 0.03245942571785269
pmos 0.045845272206303724 0.381398252184769 0.07163323782234957 0.0686641697877653
port 0.8660458452722063 0.5024968789013733 0.024355300859598854 0.02122347066167291
port 0.8674785100286533 0.5848938826466916 0.02148997134670487 0.016229712858926344
pmos 0.04369627507163324 0.1254681647940075 0.07020057306590258 0.0686641697877653
pmos 0.7034383954154728 0.12484394506866417 0.0659025787965616 0.06741573033707865
nmos 0.3302292263610315 0.7116104868913857 0.06160458452722063 0.06991260923845194
pmos 0.8452722063037249 0.12609238451935081 0.07163323782234957 0.06741573033707865
nmos 0.7063037249283668 0.7084893882646691 0.06303724928366762 0.06367041198501873
nmos 0.045845272206303724 0.7116104868913857 0.06017191977077364 0.06991260923845194
pmos 0.5179083094555874 0.381398252184769 0.06446991404011461 0.066167290886392
pmos 0.8474212034383954 0.38202247191011235 0.07020057306590258 0.06741573033707865
nmos 0.5737822349570201 0.83458177278402 0.06160458452722063 0.0686641697877653
resistor 0.35816618911174786 0.8801498127340824 0.06017191977077364 0.05742821473158552
resistor 0.7313753581661891 0.5630461922596754 0.05873925501432665 0.05742821473158552
nmos 0.7084527220630372 0.83458177278402 0.06446991404011461 0.066167290886392
pmos 0.3302292263610315 0.1254681647940075 0.0673352435530086 0.066167290886392
nmos 0.8409742120343839 0.7084893882646691 0.06017191977077364 0.07116104868913857
vdd 0.7335243553008596 0.03745318352059925 0.04011461318051576 0.017478152309612985
vdd 0.5472779369627507 0.038077403245942575 0.04011461318051576 0.016229712858926344
vdd 0.35816618911174786 0.03745318352059925 0.04011461318051576 0.017478152309612985