vdd 0.38979289940828404 0.16263940520446096 0.03994082840236687 0.027881040892193308
voltage 0.246301775147929 0.845724907063197 0.07840236686390532 0.09293680297397769
vdd 0.6760355029585798 0.16356877323420074 0.04142011834319527 0.02973977695167286
current 0.38979289940828404 0.23605947955390336 0.08136094674556213 0.09293680297397769
capacitor 0.5051775147928994 0.31691449814126393 0.03106508875739645 0.05762081784386617
voltage 0.15902366863905326 0.6579925650557621 0.07840236686390532 0.09293680297397769
pmos 0.6390532544378699 0.4888475836431227 0.07988165680473373 0.11152416356877323
pmos 0.3594674556213018 0.3856877323420074 0.07100591715976332 0.09479553903345725
current 0.6752958579881657 0.8568773234200744 0.08136094674556213 0.09293680297397769
port 0.8150887573964497 0.6078066914498141 0.04437869822485207 0.03345724907063197
pmos 0.7048816568047337 0.6914498141263941 0.06656804733727811 0.09293680297397769
voltage 0.8572485207100592 0.8503717472118959 0.07840236686390532 0.09107806691449814
nmos 0.35872781065088755 0.6700743494423792 0.0695266272189349 0.09479553903345725