gnd 0.4506008010680908 0.21220159151193635 0.036048064085447265 0.034482758620689655
vdd 0.6582109479305741 0.07294429708222812 0.03471295060080107 0.021220159151193633
gnd 0.6822429906542056 0.5855437665782494 0.03204272363150868 0.03580901856763926
switch 0.13951935914552738 0.14323607427055704 0.022696929238985315 0.05570291777188329
nmos 0.8718291054739653 0.3063660477453581 0.0534045393858478 0.05570291777188329
port 0.3978638184245661 0.3050397877984085 0.018691588785046728 0.01856763925729443
gnd 0.7536715620827771 0.5855437665782494 0.03337783711615487 0.03580901856763926
switch 0.32843791722296395 0.14389920424403183 0.021361815754339118 0.054376657824933686
vdd 0.32710280373831774 0.07360742705570292 0.03204272363150868 0.017241379310344827
port 0.06675567423230974 0.3057029177718833 0.018691588785046728 0.017241379310344827
switch 0.855807743658211 0.14124668435013263 0.037383177570093455 0.05702917771883289
port 0.3531375166889186 0.9396551724137931 0.017356475300400534 0.014588859416445624
capacitor 0.23230974632843793 0.496684350132626 0.04005340453938585 0.025198938992042442
gnd 0.9706275033377837 0.21286472148541113 0.03471295060080107 0.033156498673740056
gnd 0.232977303070761 0.5848806366047745 0.03337783711615487 0.034482758620689655
capacitor 0.7536715620827771 0.496684350132626 0.03871829105473965 0.025198938992042442
gnd 0.16154873164218958 0.5855437665782494 0.03204272363150868 0.033156498673740056
port 0.5874499332443258 0.3057029177718833 0.018691588785046728 0.017241379310344827
capacitor 0.6048064085447263 0.21220159151193635 0.02403204272363151 0.03978779840848806
switch 0.1628838451268358 0.5192307692307693 0.021361815754339118 0.054376657824933686
switch 0.6668891855807744 0.14124668435013263 0.036048064085447265 0.05702917771883289
capacitor 0.9125500667556742 0.21286472148541113 0.025367156208277702 0.04111405835543767
vdd 0.13818424566088117 0.07294429708222812 0.036048064085447265 0.01856763925729443
switch 0.6909212283044058 0.5159151193633952 0.036048064085447265 0.05570291777188329
switch 0.2409879839786382 0.39920424403183025 0.036048064085447265 0.05570291777188329
gnd 0.5514018691588785 0.21220159151193635 0.03471295060080107 0.03183023872679045
capacitor 0.3925233644859813 0.21286472148541113 0.02403204272363151 0.04111405835543767
gnd 0.03137516688918558 0.21153846153846154 0.03337783711615487 0.033156498673740056
port 0.917890520694259 0.3057029177718833 0.017356475300400534 0.017241379310344827
vdd 0.8464619492656876 0.07360742705570292 0.03204272363150868 0.01989389920424403
capacitor 0.08411214953271028 0.21220159151193635 0.02403204272363151 0.03978779840848806
nmos 0.6341789052069426 0.3057029177718833 0.0534045393858478 0.05702917771883289
port 0.8945260347129506 0.07161803713527852 0.010680907877169559 0.013262599469496022
nmos 0.11481975967957277 0.3057029177718833 0.0534045393858478 0.05702917771883289
nmos 0.35113484646194926 0.3063660477453581 0.0534045393858478 0.058355437665782495
switch 0.7570093457943925 0.40119363395225466 0.037383177570093455 0.05702917771883289