gnd 0.18714121699196326 0.9467005076142132 0.027554535017221583 0.06598984771573604
gnd 0.6630309988518944 0.6522842639593909 0.02640642939150402 0.06598984771573604
switch 0.13662456946039037 0.1916243654822335 0.029850746268656716 0.09898477157360407
nmos 0.8553386911595867 0.4467005076142132 0.04362801377726751 0.10152284263959391
nmos 0.7393800229621125 0.4479695431472081 0.04133180252583238 0.09898477157360407
nmos 0.4936854190585534 0.4467005076142132 0.045924225028702644 0.10152284263959391
switch 0.44202066590126293 0.6560913705583756 0.029850746268656716 0.10406091370558376
capacitor 0.9305396096440872 0.282994923857868 0.03329506314580941 0.048223350253807105
nmos 0.26234213547646384 0.40609137055837563 0.04247990815154994 0.10152284263959391
gnd 0.7973593570608496 0.9467005076142132 0.02640642939150402 0.06598984771573604
switch 0.36452353616532723 0.8261421319796954 0.02870264064293915 0.09898477157360407
port 0.5671641791044776 0.31852791878172587 0.013777267508610792 0.03299492385786802
vdd 0.13030998851894374 0.07106598984771574 0.024110218140068886 0.030456852791878174
switch 0.7210103329506314 0.8261421319796954 0.016073478760045924 0.09898477157360407
capacitor 0.6630309988518944 0.5355329949238579 0.03329506314580941 0.04568527918781726
capacitor 0.1859931113662457 0.7880710659898477 0.03214695752009185 0.048223350253807105
nmos 0.11079219288174512 0.40482233502538073 0.04247990815154994 0.09898477157360407
nmos 0.37657864523536166 0.4467005076142132 0.04362801377726751 0.10152284263959391
switch 0.13605051664753157 0.8261421319796954 0.02870264064293915 0.09898477157360407
switch 0.6211251435132032 0.31852791878172587 0.045924225028702644 0.048223350253807105
gnd 0.12916188289322617 0.9467005076142132 0.02640642939150402 0.06598984771573604
port 0.5671641791044776 0.1916243654822335 0.013777267508610792 0.03299492385786802
gnd 0.43455797933409873 0.9479695431472082 0.02640642939150402 0.06345177664974619
vdd 0.24167623421354764 0.07106598984771574 0.024110218140068886 0.030456852791878174
capacitor 0.43455797933409873 0.8312182741116751 0.030998851894374284 0.04314720812182741
gnd 0.3582089552238806 0.9479695431472082 0.02525832376578645 0.06345177664974619
port 0.05281285878300804 0.4035532994923858 0.013777267508610792 0.030456852791878174
switch 0.621699196326062 0.1916243654822335 0.04477611940298507 0.04314720812182741
capacitor 0.7967853042479908 0.8299492385786802 0.029850746268656716 0.04568527918781726
switch 0.25143513203214696 0.1916243654822335 0.029850746268656716 0.09898477157360407
switch 0.8036739380022963 0.6560913705583756 0.029850746268656716 0.10406091370558376
port 0.053386911595866816 0.5304568527918782 0.012629161882893225 0.030456852791878174
gnd 0.9299655568312285 0.39720812182741116 0.027554535017221583 0.06345177664974619
gnd 0.7198622273249139 0.9467005076142132 0.027554535017221583 0.06598984771573604
switch 0.19402985074626866 0.6142131979695431 0.029850746268656716 0.10152284263959391