capacitor 0.7368721461187214 0.2058011049723757 0.012557077625570776 0.09116022099447514
resistor2 0.6147260273972602 0.47375690607734805 0.023972602739726026 0.1574585635359116
capacitor 0.5251141552511416 0.24447513812154695 0.0136986301369863 0.09116022099447514
resistor2 0.305365296803653 0.8287292817679558 0.023972602739726026 0.16022099447513813
gnd 0.3378995433789954 0.4599447513812155 0.03881278538812785 0.052486187845303865
capacitor 0.158675799086758 0.44060773480662985 0.0136986301369863 0.09116022099447514
gnd 0.4925799086757991 0.30386740331491713 0.03767123287671233 0.055248618784530384
port 0.990296803652968 0.5428176795580111 0.010273972602739725 0.03038674033149171
gnd 0.7288812785388128 0.7403314917127072 0.03995433789954338 0.055248618784530384
port 0.8276255707762558 0.08839779005524862 0.0091324200913242 0.022099447513812154
resistor2 0.14726027397260275 0.6616022099447514 0.06164383561643835 0.058011049723756904
capacitor 0.5833333333333334 0.3632596685082873 0.0136986301369863 0.09668508287292818
capacitor 0.7945205479452054 0.32320441988950277 0.0136986301369863 0.09392265193370165
resistor 0.1906392694063927 0.3632596685082873 0.0182648401826484 0.09668508287292818
gnd 0.5171232876712328 0.7790055248618785 0.0410958904109589 0.055248618784530384
capacitor 0.9497716894977168 0.5428176795580111 0.0136986301369863 0.09116022099447514
capacitor 0.3710045662100457 0.40193370165745856 0.0136986301369863 0.09668508287292818
resistor2 0.8721461187214612 0.5455801104972375 0.0639269406392694 0.058011049723756904
resistor2 0.3578767123287671 0.6215469613259669 0.06506849315068493 0.055248618784530384
gnd 0.7614155251141552 0.3839779005524862 0.03881278538812785 0.055248618784530384
resistor2 0.19121004566210045 0.5524861878453039 0.023972602739726026 0.16022099447513813
resistor2 0.7819634703196348 0.5441988950276243 0.0639269406392694 0.06077348066298342
gnd 0.5502283105022832 0.42265193370165743 0.03881278538812785 0.049723756906077346
resistor2 0.2363013698630137 0.6629834254143646 0.0639269406392694 0.055248618784530384
resistor 0.7945205479452054 0.20718232044198895 0.0410958904109589 0.04419889502762431
gnd 0.704337899543379 0.2638121546961326 0.03881278538812785 0.052486187845303865
port 0.615296803652968 0.1298342541436464 0.0091324200913242 0.022099447513812154
resistor2 0.6598173515981736 0.5842541436464088 0.0639269406392694 0.058011049723756904
resistor2 0.4474885844748858 0.6229281767955801 0.0639269406392694 0.052486187845303865
gnd 0.12614155251141554 0.5 0.03767123287671233 0.049723756906077346
gnd 0.2808219178082192 0.34392265193370164 0.03881278538812785 0.052486187845303865
capacitor 0.08504566210045662 0.6616022099447514 0.012557077625570776 0.09668508287292818
resistor2 0.9166666666666666 0.43370165745856354 0.02511415525114155 0.16022099447513813
port 0.1917808219178082 0.20718232044198895 0.0091324200913242 0.022099447513812154
capacitor 0.3133561643835616 0.28314917127071826 0.012557077625570776 0.09116022099447514
port 0.04452054794520548 0.6602209944751382 0.0091324200913242 0.027624309392265192
resistor2 0.4029680365296804 0.5138121546961326 0.0228310502283105 0.16022099447513813
resistor 0.15924657534246575 0.28591160220994477 0.03995433789954338 0.04143646408839779
resistor2 0.5707762557077626 0.5842541436464088 0.0639269406392694 0.058011049723756904
resistor 0.3704337899543379 0.28591160220994477 0.03995433789954338 0.04143646408839779
resistor 0.5827625570776256 0.24585635359116023 0.03995433789954338 0.04419889502762431
capacitor 0.10102739726027397 0.28314917127071826 0.012557077625570776 0.09116022099447514
gnd 0.3047945205479452 0.9544198895027625 0.03881278538812785 0.052486187845303865
resistor2 0.8264840182648402 0.4350828729281768 0.0228310502283105 0.1574585635359116
gnd 0.06906392694063927 0.3425414364640884 0.03767123287671233 0.055248618784530384
port 0.4035388127853881 0.1671270718232044 0.010273972602739725 0.024861878453038673