gnd 0.7573789846517119 0.9182058047493403 0.08618654073199528 0.03430079155672823
pmos 0.5466351829988194 0.44854881266490765 0.06611570247933884 0.10290237467018469
vdd 0.7550177095631642 0.060026385224274406 0.08618654073199528 0.011873350923482849
nmos 0.1706021251475797 0.5587071240105541 0.04604486422668241 0.10422163588390501
gnd 0.5230224321133412 0.9188654353562006 0.08736717827626919 0.032981530343007916
pmos 0.7804014167650531 0.2104221635883905 0.06375442739079103 0.10422163588390501
gnd 0.22609208972845338 0.920844327176781 0.08618654073199528 0.03430079155672823
port 0.10743801652892562 0.5587071240105541 0.009445100354191263 0.011873350923482849
nmos 0.21074380165289255 0.7559366754617414 0.048406139315230225 0.10026385224274406
port 0.8353010625737899 0.6220316622691293 0.010625737898465172 0.011873350923482849
nmos 0.28040141676505315 0.5587071240105541 0.04604486422668241 0.10422163588390501
nmos 0.5377804014167651 0.7546174142480211 0.04604486422668241 0.10290237467018469
vdd 0.5200708382526564 0.060026385224274406 0.08146399055489964 0.011873350923482849
pmos 0.781582054309327 0.44591029023746703 0.06139315230224321 0.10290237467018469
port 0.8323494687131051 0.21240105540897097 0.011806375442739079 0.013192612137203167
nmos 0.7408500590318772 0.753957783641161 0.048406139315230225 0.10422163588390501
port 0.3417945690672963 0.5593667546174143 0.015348288075560802 0.018469656992084433
nmos 0.6357733175914995 0.5527704485488126 0.10271546635182999 0.052770448548812667
port 0.14994096812278632 0.7605540897097626 0.01652892561983471 0.01978891820580475
port 0.8323494687131051 0.4478891820580475 0.01652892561983471 0.01978891820580475
pmos 0.5425029515938606 0.21108179419525067 0.06729634002361275 0.11609498680738786