vdd 0.39907550077041604 0.0610200364298725 0.09861325115562404 0.030965391621129327
port 0.610939907550077 0.7285974499089253 0.020030816640986132 0.02185792349726776
gnd 0.8443759630200308 0.9398907103825137 0.07704160246533127 0.03642987249544627
port 0.588597842835131 0.24499089253187614 0.02157164869029276 0.023679417122040074
gnd 0.4029275808936826 0.9581056466302368 0.07858243451463791 0.03642987249544627
port 0.0662557781201849 0.4744990892531876 0.030816640986132512 0.03825136612021858
nmos 0.3543913713405239 0.726775956284153 0.08320493066255778 0.1894353369763206
pmos 0.3443759630200308 0.23861566484517305 0.0970724191063174 0.18214936247723132
capacitor 0.8397534668721109 0.651183970856102 0.07704160246533127 0.04189435336976321
port 0.9198767334360555 0.47540983606557374 0.030816640986132512 0.04007285974499089
nmos 0.4476117103235747 0.7258652094717668 0.0847457627118644 0.1912568306010929
pmos 0.45454545454545453 0.2395264116575592 0.09861325115562404 0.18397085610200364