gnd 0.7798092209856916 0.510569105691057 0.05246422893481717 0.01951219512195122
single-end-amp 0.7209856915739269 0.26910569105691057 0.1573926868044515 0.17398373983739837
port 0.029411764705882353 0.6300813008130082 0.02384737678855326 0.027642276422764227
gnd 0.02782193958664547 0.6731707317073171 0.05246422893481717 0.01951219512195122
port 0.25675675675675674 0.9479674796747968 0.02702702702702703 0.02926829268292683
npn 0.29093799682034976 0.4886178861788618 0.07631160572337042 0.11544715447154472
resistor2 0.3251192368839428 0.13983739837398373 0.05246422893481717 0.11707317073170732
port 0.9531001589825119 0.42357723577235773 0.02384737678855326 0.027642276422764227
resistor2 0.13513513513513514 0.4796747967479675 0.11764705882352941 0.05853658536585366
resistor2 0.6550079491255962 0.4772357723577236 0.11446740858505565 0.06016260162601626
resistor2 0.4030206677265501 0.8569105691056911 0.05564387917329094 0.11382113821138211
resistor2 0.5111287758346582 0.8569105691056911 0.05564387917329094 0.11707317073170732
gnd 0.6915739268680445 0.7560975609756098 0.05087440381558029 0.01951219512195122
resistor2 0.7591414944356121 0.3967479674796748 0.11287758346581876 0.061788617886178863
npn 0.5151033386327504 0.4796747967479675 0.07631160572337042 0.11382113821138211
resistor2 0.492845786963434 0.14552845528455285 0.05405405405405406 0.11544715447154472
port 0.029411764705882353 0.4788617886178862 0.02384737678855326 0.027642276422764227
gnd 0.951510333863275 0.46504065040650405 0.0492845786963434 0.01951219512195122
npn 0.431637519872814 0.7203252032520325 0.07790143084260731 0.11382113821138211
resistor2 0.5937996820349761 0.7227642276422764 0.11605723370429252 0.06016260162601626
port 0.636724960254372 0.055284552845528454 0.02702702702702703 0.02926829268292683
port 0.951510333863275 0.27154471544715447 0.02384737678855326 0.026016260162601626