capacitor 0.7636579572446556 0.31006160164271046 0.030878859857482184 0.049281314168377825
port 0.2339667458432304 0.7330595482546202 0.026128266033254157 0.02053388090349076
capacitor 0.33729216152019004 0.7340862422997947 0.028503562945368172 0.0513347022587269
gnd 0.5676959619952494 0.8613963039014374 0.052256532066508314 0.03490759753593429
gnd 0.666270783847981 0.4209445585215606 0.040380047505938245 0.03696098562628337
port 0.3919239904988123 0.9260780287474333 0.023752969121140142 0.02053388090349076
gnd 0.047505938242280284 0.42299794661190965 0.03800475059382423 0.04106776180698152
capacitor 0.6828978622327792 0.48767967145790553 0.030878859857482184 0.0513347022587269
port 0.166270783847981 0.5944558521560575 0.023752969121140142 0.018480492813141684
resistor 0.6009501187648456 0.4209445585215606 0.07600950118764846 0.053388090349075976
resistor 0.167458432304038 0.502053388090349 0.07838479809976247 0.07186858316221766
capacitor 0.4524940617577197 0.635523613963039 0.030878859857482184 0.0513347022587269
port 0.8907363420427553 0.3080082135523614 0.028503562945368172 0.024640657084188913
gnd 0.7577197149643705 0.4887063655030801 0.04275534441805225 0.04106776180698152
capacitor 0.0997624703087886 0.4219712525667351 0.0332541567695962 0.0513347022587269
nmos 0.498812351543943 0.4209445585215606 0.10926365795724466 0.09034907597535935
inductor 0.2695961995249406 0.4219712525667351 0.1163895486935867 0.06776180698151951
port 0.6437054631828979 0.09342915811088295 0.023752969121140142 0.022587268993839837
inductor 0.6437054631828979 0.19507186858316222 0.0855106888361045 0.09856262833675565
resistor 0.6306413301662708 0.7330595482546202 0.07363420427553444 0.053388090349075976
resistor 0.3919239904988123 0.8316221765913757 0.08076009501187649 0.07392197125256673
inductor 0.5771971496437055 0.5605749486652978 0.0855106888361045 0.1026694045174538
gnd 0.6995249406175772 0.7330595482546202 0.040380047505938245 0.04106776180698152
nmos 0.5308788598574822 0.7381930184804928 0.11163895486935867 0.09240246406570841