pmos 0.06142365097588978 0.31235154394299286 0.02870264064293915 0.07838479809976247
diode 0.17336394948335246 0.838479809976247 0.02525832376578645 0.03800475059382423
pmos 0.8915040183696901 0.2529691211401425 0.02870264064293915 0.12114014251781473
resistor 0.34443168771526983 0.5973871733966746 0.02066590126291619 0.05938242280285035
resistor 0.2835820895522388 0.6021377672209026 0.02066590126291619 0.06413301662707839
nmos 0.19173363949483352 0.5997624703087886 0.027554535017221583 0.07838479809976247
nmos 0.06371986222732491 0.6021377672209026 0.030998851894374284 0.0831353919239905
nmos 0.5264064293915041 0.7292161520190024 0.024110218140068886 0.08076009501187649
diode 0.365097588978186 0.836104513064133 0.02525832376578645 0.0332541567695962
pmos 0.8197474167623421 0.21971496437054633 0.02525832376578645 0.07838479809976247
pmos 0.4305396096440873 0.2209026128266033 0.02525832376578645 0.0855106888361045
nmos 0.06257175660160735 0.49524940617577196 0.02870264064293915 0.07838479809976247
pmos 0.5706084959816303 0.3491686460807601 0.02525832376578645 0.08076009501187649
nmos 0.6865671641791045 0.4857482185273159 0.02525832376578645 0.0831353919239905
nmos 0.8191733639494834 0.6401425178147269 0.024110218140068886 0.07838479809976247
nmos 0.43111366245694605 0.7969121140142518 0.02640642939150402 0.07838479809976247
diode 0.20091848450057406 0.83729216152019 0.02525832376578645 0.035629453681710214
pmos 0.8191733639494834 0.342042755344418 0.02640642939150402 0.08076009501187649
resistor 0.8886337543053962 0.6888361045130641 0.018369690011481057 0.057007125890736345
resistor 0.9242250287026407 0.7707838479809976 0.02066590126291619 0.05938242280285035
diode 0.0539609644087256 0.8444180522565321 0.027554535017221583 0.040380047505938245
nmos 0.6142365097588978 0.7280285035629454 0.02525832376578645 0.07838479809976247
pmos 0.3340987370838117 0.30403800475059384 0.027554535017221583 0.08076009501187649
pmos 0.6859931113662457 0.21496437054631828 0.02640642939150402 0.0831353919239905
pmos 0.3346727898966705 0.18883610451306412 0.02640642939150402 0.07838479809976247
nmos 0.8197474167623421 0.7969121140142518 0.02525832376578645 0.07838479809976247
pmos 0.05912743972445465 0.19477434679334918 0.02870264064293915 0.08076009501187649
diode 0.3381171067738232 0.836104513064133 0.024110218140068886 0.03800475059382423
pmos 0.19115958668197475 0.19477434679334918 0.02640642939150402 0.08076009501187649
nmos 0.43111366245694605 0.6401425178147269 0.02640642939150402 0.07838479809976247
pmos 0.19115958668197475 0.31116389548693585 0.02640642939150402 0.08076009501187649
capacitor 0.9236509758897818 0.5795724465558195 0.01951779563719862 0.028503562945368172
nmos 0.568886337543054 0.48693586698337293 0.024110218140068886 0.08076009501187649
diode 0.2290470723306544 0.83729216152019 0.024110218140068886 0.035629453681710214
resistor 0.8874856486796785 0.5807600950118765 0.018369690011481057 0.05938242280285035
nmos 0.19058553386911595 0.49406175771971494 0.027554535017221583 0.08076009501187649
pmos 0.6842709529276694 0.34679334916864607 0.02525832376578645 0.08076009501187649
diode 0.2554535017221584 0.838479809976247 0.024110218140068886 0.03800475059382423
pmos 0.43111366245694605 0.3515439429928741 0.02640642939150402 0.08076009501187649
pmos 0.5706084959816303 0.21852731591448932 0.02525832376578645 0.08076009501187649
port 0.6400688863375431 0.9429928741092637 0.010332950631458095 0.019002375296912115
resistor 0.1997703788748565 0.7114014251781473 0.018369690011481057 0.05938242280285035
port 0.6308840413318025 0.06413301662707839 0.012629161882893225 0.023752969121140142
port 0.5154994259471871 0.6057007125890737 0.011481056257175661 0.023752969121140142
port 0.9247990815154994 0.4584323040380047 0.012629161882893225 0.023752969121140142
diode 0.3920780711825488 0.83729216152019 0.02640642939150402 0.035629453681710214
diode 0.309414466130884 0.83729216152019 0.02640642939150402 0.035629453681710214