nmos 0.5420499342969777 0.3050259965337955 0.051248357424441525 0.10745233968804159
resistor2 0.8009198423127464 0.755632582322357 0.03810775295663601 0.09705372616984402
port 0.8869908015768725 0.6412478336221837 0.023653088042049936 0.02079722703639515
resistor2 0.10578186596583443 0.4445407279029463 0.03810775295663601 0.09532062391681109
resistor2 0.5624178712220762 0.8734835355285961 0.03679369250985545 0.09358752166377816
capacitor 0.6695137976346912 0.804159445407279 0.04336399474375821 0.03466204506065858
gnd 0.10578186596583443 0.9644714038128249 0.04336399474375821 0.03292894280762565
nmos 0.297634691195795 0.8838821490467937 0.03810775295663601 0.07279029462738301
port 0.5814717477003942 0.07538994800693241 0.009198423127463863 0.01559792027729636
nmos 0.8147174770039421 0.8960138648180243 0.03942181340341656 0.07279029462738301
gnd 0.40473061760841 0.9636048526863085 0.04204993429697766 0.03119584055459272
pmos 0.11957950065703023 0.5944540727902946 0.03679369250985545 0.07279029462738301
resistor2 0.10512483574244415 0.14818024263431542 0.03679369250985545 0.09878682842287695
nmos 0.1202365308804205 0.7209705372616985 0.035479632063074903 0.07279029462738301
port 0.46780551905387646 0.9081455805892548 0.023653088042049936 0.024263431542461005
resistor2 0.5637319316688568 0.7105719237435009 0.03679369250985545 0.09705372616984402
gnd 0.5630749014454665 0.9653379549393414 0.04336399474375821 0.03466204506065858
gnd 0.2818659658344284 0.9644714038128249 0.04336399474375821 0.03292894280762565
single-end-amp 0.4073587385019711 0.8847487001733102 0.07884362680683311 0.1022530329289428
pmos 0.3896189224704336 0.5944540727902946 0.03810775295663601 0.07279029462738301
nmos 0.12614980289093297 0.304159445407279 0.052562417871222074 0.10571923743500866
nmos 0.1202365308804205 0.8847487001733102 0.03810775295663601 0.07105719237435008
gnd 0.668856767411301 0.9644714038128249 0.04467805519053877 0.03292894280762565
gnd 0.8009198423127464 0.9644714038128249 0.04336399474375821 0.03292894280762565
port 0.8883048620236531 0.8960138648180243 0.023653088042049936 0.02079722703639515
port 0.08869908015768725 0.07279029462738301 0.009198423127463863 0.01733102253032929