port 0.11274509803921569 0.5135135135135135 0.06209150326797386 0.0472972972972973
gnd 0.6928104575163399 0.964527027027027 0.0915032679738562 0.057432432432432436
pmos 0.7434640522875817 0.2668918918918919 0.12091503267973856 0.13513513513513514
vdd 0.3202614379084967 0.13175675675675674 0.0915032679738562 0.04054054054054054
vdd 0.6928104575163399 0.13344594594594594 0.0915032679738562 0.04391891891891892
nmos 0.272875816993464 0.7601351351351351 0.11437908496732026 0.14189189189189189
port 0.9068627450980392 0.5152027027027027 0.06209150326797386 0.04391891891891892
nmos 0.7418300653594772 0.7601351351351351 0.11764705882352941 0.13513513513513514
pmos 0.272875816993464 0.2668918918918919 0.11437908496732026 0.13513513513513514
gnd 0.3202614379084967 0.964527027027027 0.0915032679738562 0.057432432432432436
port 0.6339869281045751 0.5135135135135135 0.06535947712418301 0.0472972972972973
port 0.38562091503267976 0.5152027027027027 0.06535947712418301 0.04391891891891892