capacitor 0.5752688172043011 0.45224719101123595 0.06236559139784946 0.09550561797752809
nmos 0.25483870967741934 0.5692883895131086 0.1053763440860215 0.11610486891385768
pmos 0.7956989247311828 0.21348314606741572 0.1032258064516129 0.11610486891385768
port 0.08172043010752689 0.7453183520599251 0.03870967741935484 0.033707865168539325
port 0.08172043010752689 0.5683520599250936 0.03870967741935484 0.035580524344569285
nmos 0.8806451612903226 0.5692883895131086 0.1053763440860215 0.11610486891385768
current 0.5698924731182796 0.8426966292134831 0.15483870967741936 0.1348314606741573
port 0.567741935483871 0.05337078651685393 0.03870967741935484 0.035580524344569285
pmos 0.3419354838709677 0.2153558052434457 0.1032258064516129 0.11610486891385768
cross-line-curved 0.567741935483871 0.7368913857677902 0.05591397849462366 0.031835205992509365
gnd 0.5688172043010753 0.9709737827715356 0.08817204301075268 0.04681647940074907