pnp 0.4477040816326531 0.7807017543859649 0.08673469387755102 0.1286549707602339
gnd 0.046556122448979595 0.9532163742690059 0.08545918367346939 0.05847953216374269
gnd 0.4802295918367347 0.9546783625730995 0.08801020408163265 0.05555555555555555
nmos 0.44834183673469385 0.43567251461988304 0.08035714285714286 0.10818713450292397
gnd 0.7455357142857143 0.9532163742690059 0.08545918367346939 0.05847953216374269
gnd 0.1524234693877551 0.9532163742690059 0.08801020408163265 0.05555555555555555
resistor 0.48086734693877553 0.6008771929824561 0.05357142857142857 0.1023391812865497
nmos 0.17920918367346939 0.43567251461988304 0.0778061224489796 0.1111111111111111
pmos 0.8163265306122449 0.18201754385964913 0.07908163265306123 0.10964912280701754
pnp 0.8144132653061225 0.7923976608187134 0.08290816326530612 0.12573099415204678
pmos 0.44642857142857145 0.18055555555555555 0.07908163265306123 0.10964912280701754
vdd 0.14732142857142858 0.0577485380116959 0.036989795918367346 0.01608187134502924
gnd 0.8469387755102041 0.9539473684210527 0.08673469387755102 0.05701754385964912
resistor 0.8469387755102041 0.6001461988304093 0.04846938775510204 0.10087719298245613
pmos 0.1798469387755102 0.18128654970760233 0.07653061224489796 0.1111111111111111
vdd 0.8463010204081632 0.05847953216374269 0.03443877551020408 0.017543859649122806
pnp 0.11926020408163265 0.7792397660818714 0.08290816326530612 0.1286549707602339
gnd 0.37755102040816324 0.9539473684210527 0.08673469387755102 0.05701754385964912
port 0.9738520408163265 0.4378654970760234 0.008928571428571428 0.013157894736842105
vdd 0.47831632653061223 0.05921052631578947 0.03571428571428571 0.019005847953216373