vdd 0.22425249169435216 0.2743764172335601 0.03986710963455149 0.031746031746031744
nmos 0.25083056478405313 0.6746031746031746 0.06976744186046512 0.09750566893424037
nmos 0.1362126245847176 0.6757369614512472 0.06976744186046512 0.09977324263038549
port 0.45930232558139533 0.7551020408163265 0.024916943521594685 0.031746031746031744
port 0.19352159468438537 0.8390022675736961 0.011627906976744186 0.018140589569160998
port 0.6661129568106312 0.5147392290249433 0.016611295681063124 0.022675736961451247
port 0.3064784053156146 0.6768707482993197 0.014950166112956811 0.02040816326530612
nmos 0.6079734219269103 0.5113378684807256 0.06976744186046512 0.10204081632653061
vdd 0.16029900332225913 0.2766439909297052 0.05149501661129568 0.036281179138321996
nmos 0.4925249169435216 0.5124716553287982 0.07142857142857142 0.09977324263038549
gnd 0.5498338870431894 0.8741496598639455 0.04318936877076412 0.061224489795918366
nmos 0.5224252491694352 0.7573696145124716 0.07142857142857142 0.09977324263038549
switch 0.17275747508305647 0.3900226757369615 0.046511627906976744 0.09977324263038549
port 0.07890365448504984 0.6780045351473923 0.018272425249169437 0.022675736961451247
switch 0.23421926910299004 0.3888888888888889 0.046511627906976744 0.09750566893424037
port 0.520764119601329 0.4478458049886621 0.018272425249169437 0.024943310657596373
port 0.5789036544850499 0.4501133786848073 0.018272425249169437 0.024943310657596373