port 0.12794612794612795 0.4972677595628415 0.02356902356902357 0.025500910746812388
port 0.9579124579124579 0.20218579234972678 0.04713804713804714 0.04735883424408015
port 0.8223905723905723 0.49635701275045535 0.021885521885521887 0.0273224043715847
nmos 0.2786195286195286 0.4981785063752277 0.06902356902356903 0.08561020036429873
current 0.4292929292929293 0.7122040072859745 0.0707070707070707 0.07650273224043716
gnd 0.42845117845117847 0.8151183970856102 0.03872053872053872 0.04918032786885246
nmos 0.6397306397306397 0.49453551912568305 0.0707070707070707 0.08196721311475409
port 0.9579124579124579 0.2686703096539162 0.04377104377104377 0.04918032786885246
current 0.6994949494949495 0.7122040072859745 0.0723905723905724 0.07650273224043716
current 0.3383838383838384 0.7122040072859745 0.0707070707070707 0.07650273224043716
gnd 0.7003367003367004 0.8151183970856102 0.04377104377104377 0.04918032786885246
inductor 0.8333333333333334 0.20218579234972678 0.09427609427609428 0.061930783242258654
nmos 0.4882154882154882 0.49544626593806923 0.0707070707070707 0.08014571948998178
inductor 0.8341750841750841 0.2668488160291439 0.09259259259259259 0.060109289617486336
nmos 0.39730639730639733 0.4972677595628415 0.0707070707070707 0.08378870673952642
gnd 0.3392255892255892 0.8160291438979964 0.04208754208754209 0.04735883424408015
resistor 0.45875420875420875 0.1366120218579235 0.04882154882154882 0.061930783242258654
resistor 0.57996632996633 0.13570127504553733 0.045454545454545456 0.060109289617486336
nmos 0.76010101010101 0.49544626593806923 0.06902356902356903 0.08014571948998178
port 0.8215488215488216 0.6275045537340619 0.02356902356902357 0.023679417122040074
port 0.12794612794612795 0.6265938069216758 0.02356902356902357 0.025500910746812388
nmos 0.18855218855218855 0.49635701275045535 0.0707070707070707 0.08196721311475409
vdd 0.45875420875420875 0.07377049180327869 0.03872053872053872 0.030965391621129327
vdd 0.5765993265993266 0.07377049180327869 0.03872053872053872 0.030965391621129327