capacitor 0.618421052631579 0.4983240223463687 0.07543859649122807 0.0223463687150838
capacitor 0.22456140350877193 0.5262569832402234 0.07719298245614035 0.0223463687150838
capacitor 0.9192982456140351 0.23687150837988827 0.07719298245614035 0.0223463687150838
capacitor 0.7912280701754386 0.1329608938547486 0.031578947368421054 0.04692737430167598
port 0.12456140350877193 0.2871508379888268 0.02456140350877193 0.01564245810055866
port 0.4473684210526316 0.6486033519553073 0.021052631578947368 0.012290502793296089
capacitor 0.8114035087719298 0.7698324022346369 0.02982456140350877 0.04692737430167598
capacitor 0.9201754385964912 0.5262569832402234 0.07543859649122807 0.0223463687150838
capacitor 0.4263157894736842 0.5256983240223464 0.07719298245614035 0.021229050279329607
capacitor 0.718421052631579 0.23743016759776536 0.07894736842105263 0.02346368715083799
capacitor 0.7701754385964912 0.6480446927374302 0.031578947368421054 0.04692737430167598
capacitor 0.27631578947368424 0.06815642458100558 0.03333333333333333 0.04692737430167598
capacitor 0.3175438596491228 0.19050279329608938 0.031578947368421054 0.04581005586592179
capacitor 0.7912280701754386 0.7128491620111732 0.031578947368421054 0.04692737430167598
port 0.10438596491228071 0.06927374301675977 0.02280701754385965 0.013407821229050279
port 0.10438596491228071 0.6491620111731844 0.02280701754385965 0.013407821229050279
capacitor 0.27631578947368424 0.6480446927374302 0.03333333333333333 0.04692737430167598
capacitor 0.8122807017543859 0.4787709497206704 0.031578947368421054 0.04581005586592179
capacitor 0.42719298245614035 0.8167597765363128 0.07894736842105263 0.0223463687150838
capacitor 0.7701754385964912 0.06871508379888268 0.031578947368421054 0.048044692737430165
capacitor 0.2982456140350877 0.1329608938547486 0.031578947368421054 0.04692737430167598
port 0.618421052631579 0.8664804469273742 0.02280701754385965 0.01452513966480447
capacitor 0.2982456140350877 0.42178770949720673 0.031578947368421054 0.048044692737430165
port 0.4473684210526316 0.35698324022346367 0.021052631578947368 0.012290502793296089
port 0.12368421052631579 0.8664804469273742 0.02280701754385965 0.01452513966480447
capacitor 0.3175438596491228 0.7698324022346369 0.031578947368421054 0.04692737430167598
capacitor 0.12456140350877193 0.20949720670391062 0.07719298245614035 0.02346368715083799
capacitor 0.9192982456140351 0.8162011173184358 0.07719298245614035 0.02346368715083799
capacitor 0.718421052631579 0.5262569832402234 0.07543859649122807 0.0223463687150838
port 0.9412280701754386 0.6486033519553073 0.01929824561403509 0.012290502793296089
port 0.5982456140350877 0.3575418994413408 0.02456140350877193 0.013407821229050279
port 0.12456140350877193 0.575977653631285 0.02456140350877193 0.01452513966480447
capacitor 0.4263157894736842 0.23687150837988827 0.07719298245614035 0.0223463687150838
capacitor 0.618421052631579 0.20949720670391062 0.07543859649122807 0.02346368715083799
capacitor 0.12456140350877193 0.4983240223463687 0.07719298245614035 0.0223463687150838
capacitor 0.3175438596491228 0.4793296089385475 0.031578947368421054 0.04692737430167598
capacitor 0.22456140350877193 0.23743016759776536 0.07719298245614035 0.02346368715083799
port 0.6175438596491228 0.575977653631285 0.02456140350877193 0.01452513966480447
port 0.6175438596491228 0.2877094972067039 0.02456140350877193 0.01452513966480447
capacitor 0.27631578947368424 0.3575418994413408 0.03333333333333333 0.04692737430167598
capacitor 0.22456140350877193 0.8167597765363128 0.07719298245614035 0.024581005586592177
capacitor 0.12368421052631579 0.788826815642458 0.07543859649122807 0.0223463687150838
port 0.5982456140350877 0.6491620111731844 0.02456140350877193 0.013407821229050279
capacitor 0.7701754385964912 0.3575418994413408 0.031578947368421054 0.04692737430167598
port 0.5973684210526315 0.06927374301675977 0.02280701754385965 0.013407821229050279
capacitor 0.6175438596491228 0.788826815642458 0.07719298245614035 0.0223463687150838
port 0.9412280701754386 0.06927374301675977 0.01929824561403509 0.013407821229050279
port 0.9412280701754386 0.3575418994413408 0.01929824561403509 0.013407821229050279
capacitor 0.7903508771929825 0.4223463687150838 0.03333333333333333 0.04692737430167598
port 0.4482456140350877 0.06871508379888268 0.01929824561403509 0.012290502793296089
capacitor 0.8114035087719298 0.19050279329608938 0.03333333333333333 0.04581005586592179
capacitor 0.718421052631579 0.8162011173184358 0.07894736842105263 0.02346368715083799
capacitor 0.29736842105263156 0.7128491620111732 0.03333333333333333 0.04692737430167598
port 0.10438596491228071 0.3575418994413408 0.02280701754385965 0.013407821229050279