port 0.6534772182254197 0.26356589147286824 0.05515587529976019 0.05167958656330749
nmos 0.7733812949640287 0.748062015503876 0.09352517985611511 0.14728682170542637
port 0.15467625899280577 0.751937984496124 0.05515587529976019 0.05167958656330749
gnd 0.5695443645083933 0.9328165374677002 0.10311750599520383 0.05167958656330749
port 0.407673860911271 0.38242894056847543 0.05755395683453238 0.046511627906976744
pmos 0.27817745803357313 0.2596899224806202 0.09592326139088729 0.1421188630490956
port 0.9040767386091128 0.627906976744186 0.05275779376498801 0.046511627906976744
port 0.15707434052757793 0.2622739018087855 0.05515587529976019 0.04909560723514212
pmos 0.7757793764988009 0.2596899224806202 0.09832134292565947 0.14728682170542637
port 0.6462829736211031 0.7506459948320413 0.05515587529976019 0.04909560723514212
nmos 0.2793764988009592 0.751937984496124 0.09352517985611511 0.14470284237726097
port 0.9904076738609112 0.8746770025839793 0.019184652278177457 0.03875968992248062
port 0.07553956834532374 0.872093023255814 0.026378896882494004 0.03875968992248062
port 0.07793764988009592 0.13824289405684753 0.026378896882494004 0.03875968992248062
port 0.9820143884892086 0.1421188630490956 0.026378896882494004 0.03617571059431524