nmos 0.7439759036144579 0.5427215189873418 0.1144578313253012 0.12341772151898735
vdd 0.6927710843373494 0.1518987341772152 0.06626506024096386 0.02531645569620253
gnd 0.30120481927710846 0.6550632911392406 0.060240963855421686 0.056962025316455694
gnd 0.6942771084337349 0.6534810126582279 0.0572289156626506 0.060126582278481014
vdd 0.30271084337349397 0.15664556962025317 0.06927710843373494 0.03481012658227848
pmos 0.2545180722891566 0.30063291139240506 0.11144578313253012 0.12025316455696203
resistor 0.1927710843373494 0.42563291139240506 0.10240963855421686 0.08544303797468354
nmos 0.25150602409638556 0.5443037974683544 0.11144578313253012 0.12025316455696203
capacitor 0.5105421686746988 0.8401898734177216 0.0572289156626506 0.0981012658227848
resistor 0.802710843373494 0.4224683544303797 0.09939759036144578 0.08544303797468354
pmos 0.7424698795180723 0.30063291139240506 0.11144578313253012 0.12025316455696203
current 0.5135542168674698 0.7183544303797469 0.11144578313253012 0.11392405063291139
capacitor 0.49849397590361444 0.4240506329113924 0.0572289156626506 0.10126582278481013