port 0.08114754098360656 0.19785575048732942 0.011475409836065573 0.01364522417153996
nmos 0.380327868852459 0.45614035087719296 0.08852459016393442 0.10136452241715399
port 0.9073770491803279 0.6871345029239766 0.014754098360655738 0.017543859649122806
nmos 0.6581967213114754 0.45321637426900585 0.09016393442622951 0.09941520467836257
port 0.6598360655737705 0.3645224171539961 0.011475409836065573 0.011695906432748537
capacitor 0.1885245901639344 0.3937621832358674 0.10491803278688525 0.05847953216374269
gnd 0.5188524590163934 0.9473684210526315 0.1 0.04678362573099415
nmos 0.380327868852459 0.260233918128655 0.09180327868852459 0.09941520467836257
port 0.4122950819672131 0.7865497076023392 0.011475409836065573 0.01364522417153996
gnd 0.1885245901639344 0.7524366471734892 0.09508196721311475 0.050682261208576995
nmos 0.1540983606557377 0.5925925925925926 0.08524590163934426 0.11306042884990253
nmos 0.15245901639344261 0.19883040935672514 0.08196721311475409 0.10916179337231968
vdd 0.18770491803278688 0.0594541910331384 0.08688524590163935 0.03313840155945419
nmos 0.7122950819672131 0.6510721247563352 0.09016393442622951 0.10526315789473684
nmos 0.4860655737704918 0.7855750487329435 0.08360655737704918 0.11306042884990253
port 0.08114754098360656 0.5955165692007798 0.011475409836065573 0.01364522417153996
capacitor 0.5204918032786885 0.5877192982456141 0.10327868852459017 0.056530214424951264
nmos 0.7122950819672131 0.6354775828460039 0.09016393442622951 0.07407407407407407
port 0.380327868852459 0.3664717348927875 0.01639344262295082 0.01949317738791423
port 0.380327868852459 0.1695906432748538 0.01639344262295082 0.01949317738791423
port 0.7114754098360656 0.5633528265107213 0.01639344262295082 0.01949317738791423