pmos 0.04227304227304227 0.38163716814159293 0.02079002079002079 0.09513274336283185
nmos 0.404019404019404 0.39048672566371684 0.02079002079002079 0.09070796460176991
pmos 0.24116424116424118 0.22787610619469026 0.02356202356202356 0.09734513274336283
nmos 0.7529452529452529 0.7079646017699115 0.021483021483021482 0.09292035398230089
pmos 0.8146223146223146 0.5188053097345132 0.021483021483021482 0.09070796460176991
nmos 0.5152460152460152 0.709070796460177 0.021483021483021482 0.09513274336283185
nmos 0.8139293139293139 0.706858407079646 0.020097020097020097 0.09070796460176991
pmos 0.15592515592515593 0.5387168141592921 0.022176022176022176 0.09513274336283185
nmos 0.41164241164241167 0.5707964601769911 0.02079002079002079 0.08849557522123894
pmos 0.8558558558558559 0.2245575221238938 0.022176022176022176 0.09513274336283185
pmos 0.17117117117117117 0.22566371681415928 0.022176022176022176 0.09734513274336283
current 0.262993762993763 0.5309734513274337 0.02564102564102564 0.07964601769911504
nmos 0.20062370062370063 0.7057522123893806 0.021483021483021482 0.09292035398230089
pmos 0.7529452529452529 0.5176991150442478 0.021483021483021482 0.08849557522123894
nmos 0.30942480942480943 0.5707964601769911 0.021483021483021482 0.09292035398230089
pmos 0.04227304227304227 0.22676991150442477 0.02079002079002079 0.09513274336283185
gnd 0.3257103257103257 0.8440265486725663 0.019404019404019403 0.03761061946902655
nmos 0.2543312543312543 0.7035398230088495 0.022176022176022176 0.09292035398230089
pmos 0.36036036036036034 0.23008849557522124 0.026334026334026334 0.09734513274336283
current 0.45148995148995147 0.5741150442477876 0.02564102564102564 0.08185840707964602
nmos 0.5897435897435898 0.4778761061946903 0.02079002079002079 0.09292035398230089
current 0.8011088011088011 0.3141592920353982 0.02494802494802495 0.0752212389380531
port 0.11261261261261261 0.540929203539823 0.007623007623007623 0.01991150442477876
nmos 0.9161469161469161 0.5995575221238938 0.022176022176022176 0.09292035398230089
pmos 0.5159390159390159 0.22898230088495575 0.021483021483021482 0.09513274336283185
pmos 0.4047124047124047 0.22898230088495575 0.022176022176022176 0.09513274336283185
pmos 0.931046431046431 0.22676991150442477 0.021483021483021482 0.09513274336283185
pmos 0.6493416493416494 0.22898230088495575 0.022176022176022176 0.09513274336283185
nmos 0.8548163548163548 0.7079646017699115 0.021483021483021482 0.09292035398230089
pmos 0.465003465003465 0.22787610619469026 0.02356202356202356 0.09734513274336283
nmos 0.36209286209286207 0.709070796460177 0.021483021483021482 0.09070796460176991
current 0.773042273042273 0.31305309734513276 0.02564102564102564 0.07743362831858407
pmos 0.10533610533610534 0.38163716814159293 0.02079002079002079 0.09513274336283185
pmos 0.10533610533610534 0.22787610619469026 0.022176022176022176 0.09734513274336283
current 0.11295911295911296 0.7179203539823009 0.02494802494802495 0.07743362831858407
nmos 0.466042966042966 0.3915929203539823 0.018711018711018712 0.09292035398230089
nmos 0.7130977130977131 0.7079646017699115 0.02079002079002079 0.09292035398230089
nmos 0.17151767151767153 0.7057522123893806 0.021483021483021482 0.08849557522123894
gnd 0.43555093555093555 0.6792035398230089 0.020097020097020097 0.035398230088495575
pmos 0.6042966042966043 0.22787610619469026 0.022176022176022176 0.09292035398230089
pmos 0.7120582120582121 0.2245575221238938 0.024255024255024255 0.09513274336283185
current 0.034303534303534305 0.7223451327433629 0.02564102564102564 0.07743362831858407
port 0.02390852390852391 0.8086283185840708 0.006237006237006237 0.01991150442477876
port 0.0246015246015246 0.12721238938053098 0.006237006237006237 0.01991150442477876
port 0.46534996534996537 0.6426991150442478 0.006237006237006237 0.01991150442477876
port 0.4099099099099099 0.6426991150442478 0.006237006237006237 0.01991150442477876
port 0.9830214830214831 0.8108407079646017 0.006237006237006237 0.01991150442477876
port 0.9747054747054748 0.23561946902654868 0.006237006237006237 0.01991150442477876
port 0.98995148995149 0.125 0.006237006237006237 0.01991150442477876