gnd 0.5259661835748792 0.9753886010362695 0.030193236714975844 0.03367875647668394
capacitor 0.1527777777777778 0.7240932642487047 0.06884057971014493 0.054404145077720206
voltage 0.36292270531400966 0.3432642487046632 0.05434782608695652 0.11658031088082901
port 0.9589371980676329 0.15932642487046633 0.00966183574879227 0.023316062176165803
resistor 0.5271739130434783 0.3290155440414508 0.042270531400966184 0.19170984455958548
resistor 0.4420289855072464 0.16062176165803108 0.0893719806763285 0.09844559585492228
resistor 0.23490338164251207 0.5621761658031088 0.09057971014492754 0.09326424870466321
voltage 0.32608695652173914 0.6981865284974094 0.05555555555555555 0.11658031088082901
port 0.06763285024154589 0.560880829015544 0.00966183574879227 0.023316062176165803
resistor2 0.8967391304347826 0.5 0.051932367149758456 0.20207253886010362
resistor 0.5271739130434783 0.633419689119171 0.042270531400966184 0.19948186528497408
capacitor 0.6582125603864735 0.47668393782383417 0.07246376811594203 0.06217616580310881
resistor 0.7705314009661836 0.3329015544041451 0.043478260869565216 0.19430051813471502
port 0.9577294685990339 0.8847150259067358 0.012077294685990338 0.023316062176165803
capacitor 0.7711352657004831 0.6515544041450777 0.07125603864734299 0.05958549222797927
port 0.4196859903381642 0.48186528497409326 0.010869565217391304 0.025906735751295335
port 0.06702898550724638 0.883419689119171 0.010869565217391304 0.025906735751295335