resistor2 0.7518307567127747 0.220873786407767 0.061838893409275834 0.06310679611650485
capacitor 0.9133441822620016 0.4344660194174757 0.059397884458909686 0.06957928802588997
capacitor 0.23108218063466232 0.5776699029126213 0.05858421480878763 0.06472491909385113
capacitor 0.5183075671277462 0.5760517799352751 0.060211554109031735 0.06472491909385113
resistor2 0.8409275834011392 0.6124595469255664 0.03173311635475997 0.12459546925566344
gnd 0.5191212367778681 0.9563106796116505 0.07973962571196094 0.06472491909385113
capacitor 0.5549227013832384 0.0744336569579288 0.030919446704637917 0.11974110032362459
resistor2 0.4471114727420667 0.6836569579288025 0.03173311635475997 0.12459546925566344
current 0.6985353946297803 0.5736245954692557 0.04963384865744508 0.15048543689320387
resistor2 0.1240846216436127 0.6116504854368932 0.030105777054515868 0.1262135922330097
capacitor 0.6269324654190399 0.21844660194174756 0.03173311635475997 0.11974110032362459
current 0.051668022782750206 0.5744336569579288 0.04963384865744508 0.15210355987055016
current 0.37347436940602113 0.5800970873786407 0.05044751830756713 0.15372168284789645