voltage 0.1053268765133172 0.8505897771952818 0.03389830508474576 0.039318479685452164
inductor 0.524818401937046 0.8191349934469201 0.035108958837772396 0.07339449541284404
gnd 0.31174334140435833 0.5288335517693316 0.03026634382566586 0.022280471821756225
voltage 0.4128329297820823 0.8394495412844036 0.03389830508474576 0.04062909567496723
vdd 0.5211864406779662 0.0871559633027523 0.05690072639225181 0.01703800786369594
gnd 0.6688861985472155 0.5111402359108781 0.03268765133171913 0.023591087811271297
capacitor 0.6688861985472155 0.38466579292267367 0.03753026634382567 0.019659239842726082
gnd 0.5768765133171913 0.718872870249017 0.03268765133171913 0.022280471821756225
capacitor 0.31113801452784506 0.4475753604193971 0.04116222760290557 0.019659239842726082
inductor 0.5272397094430993 0.18872870249017037 0.035108958837772396 0.07601572739187418
resistor 0.8795399515738499 0.35517693315858456 0.02784503631961259 0.0655307994757536
resistor 0.41404358353510895 0.7477064220183486 0.029055690072639227 0.06422018348623854
nmos 0.5090799031476998 0.35714285714285715 0.05690072639225181 0.06422018348623854
nmos 0.5090799031476998 0.6474442988204456 0.05690072639225181 0.0655307994757536
voltage 0.8783292978208233 0.4416775884665793 0.035108958837772396 0.039318479685452164
gnd 0.8795399515738499 0.5137614678899083 0.03026634382566586 0.023591087811271297
resistor 0.1053268765133172 0.7490170380078637 0.026634382566585957 0.06422018348623854
gnd 0.1059322033898305 0.9501965923984272 0.03268765133171913 0.023591087811271297
gnd 0.4128329297820823 0.9777195281782438 0.03389830508474576 0.023591087811271297
inductor 0.3008474576271186 0.663826998689384 0.06174334140435835 0.03800786369593709
capacitor 0.8050847457627118 0.272608125819135 0.01694915254237288 0.04193971166448231
gnd 0.5774818401937046 0.5117955439056356 0.031476997578692496 0.022280471821756225
gnd 0.5242130750605327 0.9770642201834863 0.03389830508474576 0.02490170380078637
capacitor 0.16888619854721548 0.6657929226736566 0.015738498789346248 0.04193971166448231