capacitor 0.5350779510022272 0.1818936877076412 0.043429844097995544 0.044850498338870434
port 0.7249443207126949 0.18604651162790697 0.024498886414253896 0.03322259136212625
pmos 0.7605790645879733 0.37375415282392027 0.08908685968819599 0.09634551495016612
capacitor 0.5350779510022272 0.717607973421927 0.04120267260579064 0.03986710963455149
npn 0.3363028953229399 0.34053156146179403 0.0957683741648107 0.07973421926910298
port 0.7243875278396437 0.45348837209302323 0.02338530066815145 0.03322259136212625
port 0.29955456570155903 0.1877076411960133 0.024498886414253896 0.036544850498338874
pmos 0.7605790645879733 0.6403654485049833 0.08908685968819599 0.09800664451827243
port 0.9008908685968819 0.845514950166113 0.022271714922048998 0.03322259136212625
npn 0.339086859688196 0.8754152823920266 0.09688195991091314 0.07973421926910298
port 0.29955456570155903 0.6985049833887044 0.022271714922048998 0.03488372093023256
pmos 0.3357461024498886 0.617109634551495 0.09465478841870824 0.10132890365448505
port 0.4304008908685969 0.45348837209302323 0.021158129175946547 0.036544850498338874
pmos 0.7655902004454342 0.8845514950166113 0.09688195991091314 0.09800664451827243
pmos 0.7633630289532294 0.10382059800664452 0.09465478841870824 0.10132890365448505
port 0.11080178173719377 0.8463455149501661 0.030066815144766147 0.03488372093023256
pmos 0.33797327394209353 0.10382059800664452 0.09688195991091314 0.09800664451827243
pmos 0.5089086859688196 0.45514950166112955 0.066815144766147 0.1362126245847176
port 0.11915367483296214 0.06478405315614617 0.022271714922048998 0.03322259136212625
port 0.30011135857461024 0.967607973421927 0.02338530066815145 0.03488372093023256
port 0.2989977728285078 0.43106312292358806 0.02338530066815145 0.03488372093023256