pmos 0.20235756385068762 0.465 0.0825147347740668 0.115
pmos 0.831041257367387 0.4675 0.08644400785854617 0.115
nmos 0.27013752455795675 0.79375 0.07662082514734773 0.1125
port 0.6208251473477406 0.4675 0.019646365422396856 0.025
pmos 0.47838899803536344 0.25875 0.08055009823182711 0.1125
pmos 0.5530451866404715 0.46625 0.08447937131630648 0.1125
port 0.899803536345776 0.4675 0.019646365422396856 0.025
port 0.412573673870334 0.25875 0.019646365422396856 0.0275
vdd 0.5176817288801572 0.115 0.08055009823182711 0.04
gnd 0.2387033398821218 0.9575 0.08447937131630648 0.04
gnd 0.5166994106090373 0.95625 0.08644400785854617 0.0375
nmos 0.4823182711198428 0.79375 0.07662082514734773 0.1125
port 0.13359528487229863 0.46625 0.019646365422396856 0.0275
port 0.6552062868369352 0.68875 0.01768172888015717 0.0225