pmos 0.8244994110718492 0.25825471698113206 0.04711425206124853 0.11084905660377359
port 0.9051825677267373 0.3584905660377358 0.012956419316843345 0.02830188679245283
nmos 0.7426383981154299 0.6804245283018868 0.045936395759717315 0.11084905660377359
gnd 0.38574793875147234 0.8349056603773585 0.050647820965842166 0.03773584905660377
port 0.43934040047114253 0.17099056603773585 0.014134275618374558 0.025943396226415096
port 0.07714958775029446 0.4375 0.012956419316843345 0.025943396226415096
nmos 0.7014134275618374 0.4693396226415094 0.045936395759717315 0.10849056603773585
nmos 0.13250883392226148 0.25943396226415094 0.048292108362779744 0.10849056603773585
vdd 0.7220259128386337 0.12382075471698113 0.04946996466431095 0.03537735849056604
vdd 0.4923439340400471 0.12382075471698113 0.04946996466431095 0.03537735849056604
vdd 0.624263839811543 0.12382075471698113 0.05182567726737338 0.03537735849056604
vdd 0.15312131919905772 0.12617924528301888 0.04946996466431095 0.04009433962264151
pmos 0.6030624263839811 0.5801886792452831 0.05182567726737338 0.10849056603773585
pmos 0.4075382803297998 0.25825471698113206 0.04711425206124853 0.11084905660377359
nmos 0.17255594817432274 0.6780660377358491 0.045936395759717315 0.11084905660377359
port 0.2061248527679623 0.7676886792452831 0.014134275618374558 0.025943396226415096
gnd 0.2579505300353357 0.8337264150943396 0.04946996466431095 0.04009433962264151
vdd 0.3869257950530035 0.12617924528301888 0.048292108362779744 0.03537735849056604
pmos 0.2797408716136631 0.25943396226415094 0.045936395759717315 0.10849056603773585
gnd 0.624263839811543 0.8349056603773585 0.04946996466431095 0.03773584905660377
port 0.7838633686690224 0.7676886792452831 0.012956419316843345 0.025943396226415096
gnd 0.1525323910482921 0.8349056603773585 0.048292108362779744 0.03773584905660377
nmos 0.6036513545347467 0.357311320754717 0.045936395759717315 0.11084905660377359
port 0.908716136631331 0.4693396226415094 0.012956419316843345 0.02830188679245283
gnd 0.7214369846878681 0.8349056603773585 0.048292108362779744 0.03773584905660377
gnd 0.8474676089517079 0.8349056603773585 0.053003533568904596 0.03773584905660377
pmos 0.13191990577149587 0.25943396226415094 0.04711425206124853 0.10849056603773585
gnd 0.4929328621908127 0.8349056603773585 0.050647820965842166 0.03773584905660377
vdd 0.8468786808009423 0.12264150943396226 0.04946996466431095 0.0330188679245283
nmos 0.23792697290930506 0.6792452830188679 0.04711425206124853 0.10849056603773585
vdd 0.2579505300353357 0.125 0.04946996466431095 0.03773584905660377
pmos 0.5129564193168433 0.6804245283018868 0.050647820965842166 0.10613207547169812
nmos 0.8674911660777385 0.4705188679245283 0.045936395759717315 0.11084905660377359
pmos 0.7438162544169611 0.25825471698113206 0.048292108362779744 0.11084905660377359
nmos 0.8256772673733804 0.6804245283018868 0.0447585394581861 0.11084905660377359
pmos 0.3663133097762073 0.6804245283018868 0.05182567726737338 0.10613207547169812
port 0.07714958775029446 0.5 0.012956419316843345 0.02830188679245283
pmos 0.4717314487632509 0.25943396226415094 0.045936395759717315 0.10849056603773585