current 0.5315822388993121 0.518324607329843 0.0375234521575985 0.1082024432809773
current 0.858036272670419 0.518324607329843 0.0375234521575985 0.10471204188481675
vdd 0.9474671669793621 0.29930191972076786 0.0300187617260788 0.02617801047120419
cross-line-curved 0.39118198874296434 0.6972076788830716 0.014383989993746092 0.06806282722513089
gnd 0.08536585365853659 0.9703315881326352 0.020637898686679174 0.041884816753926704
nmos 0.3042526579111945 0.31849912739965097 0.029393370856785492 0.14136125654450263
current 0.25422138836772984 0.5113438045375218 0.03814884302689181 0.1082024432809773
cross-line-curved 0.11225766103814884 0.6919720767888308 0.014383989993746092 0.07155322862129145
capacitor 0.08474046278924327 0.881326352530541 0.029393370856785492 0.059336823734729496
nmos 0.8058161350844277 0.3237347294938918 0.029393370856785492 0.14136125654450263
gnd 0.25547217010631645 0.6239092495636999 0.020637898686679174 0.04013961605584642
gnd 0.5322076297686054 0.6308900523560209 0.021263289555972485 0.04013961605584642
nmos 0.20200125078173858 0.31849912739965097 0.0300187617260788 0.14136125654450263
cross-line-curved 0.8142589118198874 0.1300174520069808 0.0150093808630394 0.07155322862129145
vdd 0.02032520325203252 0.7923211169284468 0.021888680425265792 0.02443280977312391
nmos 0.4793621013133208 0.3237347294938918 0.029393370856785492 0.14136125654450263
nmos 0.5822388993120701 0.3228621291448517 0.031269543464665414 0.13961605584642234
cross-line-curved 0.48874296435272047 0.1300174520069808 0.014383989993746092 0.07155322862129145
gnd 0.8583489681050657 0.6300174520069808 0.020637898686679174 0.041884816753926704
switch 0.1472795497185741 0.4013961605584642 0.024390243902439025 0.055846422338568937
resistor 0.05753595997498437 0.806282722513089 0.031269543464665414 0.06631762652705062
switch 0.4202626641651032 0.40924956369982546 0.025015634771732333 0.05759162303664921
switch 0.41776110068792993 0.306282722513089 0.025015634771732333 0.05759162303664921
switch 0.742338961851157 0.40924956369982546 0.025015634771732333 0.05759162303664921
switch 0.7460913070669168 0.31849912739965097 0.025015634771732333 0.05759162303664921
nmos 0.9093183239524703 0.3263525305410122 0.0300187617260788 0.1431064572425829
vdd 0.6213258286429019 0.2949389179755672 0.030644152595372107 0.027923211169284468
vdd 0.3411507191994997 0.28970331588132636 0.030644152595372107 0.027923211169284468
switch 0.14696685428392744 0.31326352530541013 0.025015634771732333 0.05759162303664921
port 0.038461538461538464 0.6972076788830716 0.010631644777986242 0.02617801047120419
port 0.9524702939337085 0.13350785340314136 0.013758599124452783 0.04013961605584642
port 0.9537210756722951 0.05410122164048865 0.013758599124452783 0.038394415357766144
port 0.14602876797998748 0.23211169284467714 0.010631644777986242 0.02443280977312391
port 0.4237023139462164 0.23909249563699825 0.010631644777986242 0.02443280977312391
port 0.7495309568480301 0.2338568935427574 0.010631644777986242 0.02443280977312391