resistor 0.8034134007585335 0.7725752508361204 0.02402022756005057 0.10702341137123746
capacitor 0.606826801517067 0.27424749163879597 0.022756005056890013 0.12709030100334448
port 0.022123893805309734 0.5752508361204013 0.0316055625790139 0.0802675585284281
capacitor 0.7667509481668774 0.17224080267558528 0.021491782553729456 0.12374581939799331
gnd 0.8034134007585335 0.9414715719063546 0.039190897597977246 0.056856187290969896
capacitor 0.8862199747155499 0.7725752508361204 0.025284450063211124 0.04013377926421405
capacitor 0.2534766118836915 0.7709030100334449 0.02402022756005057 0.043478260869565216
resistor 0.4721871049304678 0.1705685618729097 0.041719342604298354 0.06020066889632107
resistor 0.47914032869785084 0.7759197324414716 0.022756005056890013 0.10033444816053512
resistor 0.20986093552465235 0.7759197324414716 0.022756005056890013 0.10033444816053512
port 0.9481668773704172 0.5785953177257525 0.03034134007585335 0.08695652173913043
gnd 0.5006321112515802 0.9431438127090301 0.040455120101137804 0.06020066889632107
gnd 0.23198482932996206 0.9414715719063546 0.039190897597977246 0.056856187290969896
capacitor 0.52275600505689 0.7709030100334449 0.02402022756005057 0.043478260869565216
single-input-single-end-amp 0.6757269279393173 0.5752508361204013 0.09481668773704172 0.4882943143812709
gnd 0.8849557522123894 0.9431438127090301 0.040455120101137804 0.05351170568561873
single-input-single-end-amp 0.12895069532237674 0.5752508361204013 0.09608091024020228 0.4882943143812709
single-input-single-end-amp 0.37673830594184576 0.5886287625418061 0.09608091024020228 0.4882943143812709