resistor 0.8105882352941176 0.602880658436214 0.04 0.13168724279835392
resistor 0.548235294117647 0.10185185185185185 0.04 0.12551440329218108
nmos 0.2211764705882353 0.7952674897119342 0.058823529411764705 0.10082304526748971
pmos 0.6723529411764706 0.27469135802469136 0.052941176470588235 0.10082304526748971
pmos 0.2876470588235294 0.2757201646090535 0.05529411764705883 0.09876543209876543
capacitor 0.908235294117647 0.6213991769547325 0.05647058823529412 0.0411522633744856
nmos 0.49 0.7942386831275721 0.05764705882352941 0.09876543209876543
pmos 0.44176470588235295 0.27469135802469136 0.05529411764705883 0.10082304526748971
pmos 0.20294117647058824 0.27469135802469136 0.05529411764705883 0.10082304526748971
nmos 0.04764705882352941 0.7952674897119342 0.05764705882352941 0.10082304526748971
pmos 0.7858823529411765 0.27469135802469136 0.05647058823529412 0.10082304526748971
nmos 0.3352941176470588 0.565843621399177 0.05647058823529412 0.09876543209876543
capacitor 0.6082352941176471 0.4763374485596708 0.023529411764705882 0.10493827160493827
nmos 0.1564705882352941 0.5637860082304527 0.058823529411764705 0.09876543209876543
resistor 0.6476470588235295 0.10185185185185185 0.041176470588235294 0.12551440329218108
nmos 0.6229411764705882 0.7952674897119342 0.05764705882352941 0.10082304526748971
resistor 0.5158823529411765 0.4773662551440329 0.07647058823529412 0.07407407407407407
resistor 0.8105882352941176 0.8220164609053497 0.04 0.12962962962962962
port 0.3847058823529412 0.5689300411522634 0.02588235294117647 0.03909465020576132
port 0.07882352941176471 0.5668724279835391 0.02588235294117647 0.03909465020576132
port 0.024705882352941175 0.5792181069958847 0.02588235294117647 0.03909465020576132
port 0.8952941176470588 0.904320987654321 0.02588235294117647 0.03909465020576132
port 0.971764705882353 0.39197530864197533 0.02588235294117647 0.03909465020576132
port 0.8941176470588236 0.018518518518518517 0.02588235294117647 0.037037037037037035