nmos 0.7067307692307693 0.6272321428571429 0.14423076923076922 0.10267857142857142
pmos 0.5817307692307693 0.15625 0.125 0.10267857142857142
nmos 0.2467948717948718 0.39285714285714285 0.14102564102564102 0.10267857142857142
port 0.28846153846153844 0.8604910714285714 0.02564102564102564 0.015625
nmos 0.7067307692307693 0.39174107142857145 0.13782051282051283 0.10044642857142858
pmos 0.3782051282051282 0.15625 0.12179487179487179 0.10267857142857142
nmos 0.4182692307692308 0.8638392857142857 0.15064102564102563 0.10267857142857142
nmos 0.24519230769230768 0.6283482142857143 0.14423076923076922 0.10491071428571429
port 0.30448717948717946 0.9799107142857143 0.05128205128205128 0.026785714285714284
port 0.8830128205128205 0.041294642857142856 0.04807692307692308 0.029017857142857144
port 0.8733974358974359 0.2700892857142857 0.04807692307692308 0.026785714285714284
port 0.9086538461538461 0.5111607142857143 0.04807692307692308 0.026785714285714284
port 0.6362179487179487 0.9776785714285714 0.04807692307692308 0.026785714285714284