pmos 0.2854368932038835 0.28422053231939165 0.11650485436893204 0.16159695817490494
port 0.7961165048543689 0.6007604562737643 0.038834951456310676 0.03802281368821293
nmos 0.6766990291262136 0.6036121673003803 0.1145631067961165 0.14638783269961977
port 0.6038834951456311 0.7870722433460076 0.031067961165048542 0.030418250950570342
nmos 0.19223300970873786 0.6007604562737643 0.11262135922330097 0.1520912547528517
nmos 0.49029126213592233 0.7899239543726235 0.1145631067961165 0.15019011406844107
vdd 0.43786407766990293 0.0979087452471483 0.10679611650485436 0.02091254752851711
port 0.7815533980582524 0.43250950570342206 0.04466019417475728 0.039923954372623575
pmos 0.583495145631068 0.282319391634981 0.11844660194174757 0.15779467680608364
port 0.07572815533980583 0.6026615969581749 0.038834951456310676 0.03802281368821293
gnd 0.44660194174757284 0.9220532319391636 0.11650485436893204 0.03802281368821293