port 0.9564134495641345 0.7161290322580646 0.024906600249066 0.035483870967741936
pmos 0.7297633872976339 0.41854838709677417 0.0547945205479452 0.10806451612903226
npn 0.45080946450809467 0.5475806451612903 0.034869240348692404 0.11774193548387096
pmos 0.1432129514321295 0.42016129032258065 0.0547945205479452 0.11129032258064517
pmos 0.900373599003736 0.6266129032258064 0.052303860523038606 0.11129032258064517
npn 0.5927770859277709 0.717741935483871 0.037359900373599 0.12258064516129032
npn 0.5952677459526775 0.5475806451612903 0.039850560398505604 0.12096774193548387
resistor 0.462640099626401 0.20725806451612902 0.033623910336239106 0.09193548387096774
nmos 0.5454545454545454 0.8782258064516129 0.052303860523038606 0.10483870967741936
port 0.6214196762141968 0.875 0.024906600249066 0.03387096774193549
port 0.821917808219178 0.6314516129032258 0.0224159402241594 0.03064516129032258
port 0.22104607721046077 0.6298387096774194 0.023661270236612703 0.03387096774193549
pmos 0.8997509339975094 0.41935483870967744 0.053549190535491904 0.11290322580645161
port 0.3779576587795766 0.31209677419354837 0.023661270236612703 0.03064516129032258
pmos 0.3119551681195517 0.41854838709677417 0.053549190535491904 0.10806451612903226
resistor 0.5840597758405978 0.2064516129032258 0.034869240348692404 0.0935483870967742
port 0.6681195516811955 0.31129032258064515 0.023661270236612703 0.03225806451612903
port 0.08717310087173101 0.7161290322580646 0.024906600249066 0.035483870967741936
pmos 0.1432129514321295 0.6258064516129033 0.049813200498132 0.10967741935483871
npn 0.44956413449564137 0.7185483870967742 0.037359900373599 0.12419354838709677
vdd 0.5217932752179327 0.08064516129032258 0.062266500622665005 0.01935483870967742
gnd 0.523038605230386 0.9766129032258064 0.074719800747198 0.03064516129032258