port 0.4676165803108808 0.0670995670995671 0.054404145077720206 0.04329004329004329
gnd 0.7383419689119171 0.7965367965367965 0.10880829015544041 0.05627705627705628
current 0.46632124352331605 0.775974025974026 0.19170984455958548 0.15367965367965367
port 0.46632124352331605 0.9632034632034632 0.05181347150259067 0.047619047619047616
port 0.8937823834196891 0.5054112554112554 0.046632124352331605 0.04112554112554113
current 0.4676165803108808 0.2305194805194805 0.18911917098445596 0.15800865800865802
capacitor 0.7409326424870466 0.645021645021645 0.13471502590673576 0.06060606060606061
port 0.20207253886010362 0.5054112554112554 0.046632124352331605 0.04112554112554113
diode 0.38212435233160624 0.44372294372294374 0.11139896373056994 0.08658008658008658
diode 0.39248704663212436 0.579004329004329 0.11139896373056994 0.08441558441558442
diode 0.538860103626943 0.5800865800865801 0.10880829015544041 0.08658008658008658
diode 0.5531088082901554 0.44264069264069267 0.11139896373056994 0.08441558441558442