npn 0.2925469483568075 0.5081967213114754 0.020539906103286387 0.09836065573770492
pmos 0.3682511737089202 0.36475409836065575 0.03227699530516432 0.09562841530054644
pmos 0.05721830985915493 0.5737704918032787 0.03227699530516432 0.09562841530054644
resistor 0.22359154929577466 0.21789617486338797 0.017605633802816902 0.09153005464480875
nmos 0.5648474178403756 0.7172131147540983 0.027582159624413145 0.09562841530054644
resistor 0.6822183098591549 0.4952185792349727 0.02523474178403756 0.031420765027322405
pmos 0.6927816901408451 0.22131147540983606 0.03227699530516432 0.09562841530054644
pmos 0.45305164319248825 0.366120218579235 0.03051643192488263 0.09562841530054644
nmos 0.2767018779342723 0.819672131147541 0.02640845070422535 0.09289617486338798
pmos 0.142018779342723 0.3975409836065574 0.03169014084507042 0.09289617486338798
pmos 0.4539319248826291 0.5744535519125683 0.03227699530516432 0.09699453551912568
nmos 0.9375 0.34972677595628415 0.02640845070422535 0.09289617486338798
nmos 0.8532863849765259 0.34972677595628415 0.025821596244131457 0.09016393442622951
pmos 0.5419600938967136 0.39207650273224043 0.031103286384976527 0.09836065573770492
port 0.2546948356807512 0.7780054644808743 0.012910798122065728 0.03415300546448088
port 0.965962441314554 0.47950819672131145 0.012910798122065728 0.0273224043715847
nmos 0.8321596244131455 0.73224043715847 0.025821596244131457 0.09289617486338798
nmos 0.6939553990610329 0.717896174863388 0.027582159624413145 0.0942622950819672
pmos 0.7186032863849765 0.38866120218579236 0.031103286384976527 0.09153005464480875
port 0.7963615023474179 0.22404371584699453 0.012910798122065728 0.030054644808743168
port 0.48532863849765256 0.6489071038251366 0.012910798122065728 0.030054644808743168
nmos 0.232981220657277 0.8176229508196722 0.028169014084507043 0.09699453551912568
capacitor 0.7717136150234741 0.6673497267759563 0.01643192488262911 0.020491803278688523
port 0.414612676056338 0.5771857923497268 0.01232394366197183 0.028688524590163935
port 0.02523474178403756 0.6495901639344263 0.014084507042253521 0.031420765027322405
port 0.6270539906103286 0.17896174863387979 0.013497652582159625 0.030054644808743168
resistor 0.2881455399061033 0.2185792349726776 0.017605633802816902 0.09289617486338798
vdd 0.25586854460093894 0.11133879781420765 0.03286384976525822 0.020491803278688523
pmos 0.5677816901408451 0.22199453551912568 0.031103286384976527 0.0942622950819672
pmos 0.82981220657277 0.22199453551912568 0.03051643192488263 0.08879781420765027
pmos 0.9348591549295775 0.60724043715847 0.03286384976525822 0.09699453551912568
port 0.09624413145539906 0.5771857923497268 0.012910798122065728 0.028688524590163935
resistor 0.7717136150234741 0.5949453551912568 0.012910798122065728 0.05874316939890711
npn 0.2934272300469484 0.6509562841530054 0.01995305164319249 0.1051912568306011
npn 0.21742957746478872 0.5061475409836066 0.01936619718309859 0.1051912568306011
npn 0.21684272300469484 0.6502732240437158 0.01936619718309859 0.10655737704918032
pmos 0.05721830985915493 0.3975409836065574 0.03227699530516432 0.09289617486338798
pmos 0.8571009389671361 0.6038251366120219 0.03227699530516432 0.09289617486338798
capacitor 0.6508215962441315 0.4959016393442623 0.005868544600938967 0.03551912568306011
gnd 0.25586854460093894 0.9576502732240437 0.035211267605633804 0.0273224043715847