pmos 0.23604651162790696 0.4619098712446352 0.05116279069767442 0.06974248927038626
nmos 0.9412790697674419 0.7086909871244635 0.04534883720930233 0.0740343347639485
port 0.9186046511627907 0.4844420600858369 0.02558139534883721 0.0203862660944206
vdd 0.39767441860465114 0.06545064377682404 0.020930232558139535 0.015021459227467811
pmos 0.05813953488372093 0.3546137339055794 0.053488372093023255 0.07188841201716738
capacitor 0.8744186046511628 0.5085836909871244 0.01627906976744186 0.04721030042918455
port 0.13546511627906976 0.5842274678111588 0.019767441860465116 0.0203862660944206
pmos 0.9383720930232559 0.35568669527896996 0.05116279069767442 0.06974248927038626
nmos 0.20116279069767443 0.7092274678111588 0.044186046511627906 0.07296137339055794
pmos 0.4186046511627907 0.29721030042918456 0.05116279069767442 0.06866952789699571
port 0.5087209302325582 0.13090128755364808 0.019767441860465116 0.02145922746781116
nmos 0.41511627906976745 0.8739270386266095 0.046511627906976744 0.0740343347639485
nmos 0.6127906976744186 0.8744635193133047 0.044186046511627906 0.07081545064377683
nmos 0.3808139534883721 0.7060085836909872 0.04302325581395349 0.07081545064377683
pmos 0.4174418604651163 0.16523605150214593 0.05116279069767442 0.06866952789699571
pmos 0.6087209302325581 0.16523605150214593 0.05232558139534884 0.06866952789699571
capacitor 0.12441860465116279 0.5091201716738197 0.018604651162790697 0.046137339055793994
nmos 0.4145348837209302 0.5831545064377682 0.04534883720930233 0.07188841201716738
pmos 0.608139534883721 0.2966738197424893 0.04883720930232558 0.06759656652360516
port 0.07034883720930232 0.4871244635193133 0.02441860465116279 0.02145922746781116
nmos 0.611046511627907 0.5842274678111588 0.04302325581395349 0.06974248927038626
nmos 0.9418604651162791 0.5879828326180258 0.044186046511627906 0.07296137339055794
nmos 0.056976744186046514 0.7097639484978541 0.046511627906976744 0.07618025751072961
port 0.8627906976744186 0.5847639484978541 0.020930232558139535 0.023605150214592276
port 0.5093023255813953 0.26394849785407726 0.020930232558139535 0.02145922746781116
nmos 0.05581395348837209 0.5874463519313304 0.046511627906976744 0.0740343347639485
nmos 0.7959302325581395 0.7086909871244635 0.04534883720930233 0.0740343347639485
port 0.516860465116279 0.8347639484978541 0.022093023255813953 0.02145922746781116
pmos 0.7616279069767442 0.4613733905579399 0.053488372093023255 0.07081545064377683
nmos 0.6459302325581395 0.7076180257510729 0.04302325581395349 0.07188841201716738
port 0.7191860465116279 0.7049356223175965 0.019767441860465116 0.02145922746781116
port 0.5151162790697674 0.5450643776824035 0.020930232558139535 0.02145922746781116
vdd 0.5104651162790698 0.024141630901287552 0.044186046511627906 0.013948497854077254
port 0.3081395348837209 0.7043991416309013 0.020930232558139535 0.022532188841201718