resistor 0.7688821752265861 0.7806652806652806 0.030211480362537766 0.08108108108108109
resistor 0.5800604229607251 0.2972972972972973 0.03625377643504532 0.10395010395010396
resistor 0.4622356495468278 0.6912681912681913 0.03625377643504532 0.10602910602910603
capacitor 0.824773413897281 0.3918918918918919 0.02416918429003021 0.07276507276507277
gnd 0.14652567975830816 0.9106029106029107 0.0513595166163142 0.033264033264033266
port 0.09365558912386707 0.658004158004158 0.021148036253776436 0.031185031185031187
inductor 0.23564954682779457 0.48440748440748443 0.08459214501510574 0.033264033264033266
npn 0.7447129909365559 0.49064449064449067 0.06042296072507553 0.11226611226611227
capacitor 0.40558912386706947 0.4916839916839917 0.0256797583081571 0.07276507276507277
port 0.9214501510574018 0.3908523908523909 0.02416918429003021 0.033264033264033266
gnd 0.3255287009063444 0.9116424116424117 0.04984894259818731 0.035343035343035345
capacitor 0.14954682779456194 0.606029106029106 0.054380664652567974 0.0395010395010395
resistor 0.32628398791540786 0.6943866943866944 0.03625377643504532 0.10395010395010396
gnd 0.6782477341389728 0.9771309771309772 0.0513595166163142 0.033264033264033266
gnd 0.45996978851963743 0.9116424116424117 0.04984894259818731 0.035343035343035345
resistor 0.7666163141993958 0.29521829521829523 0.0377643504531722 0.10395010395010396
vdd 0.6729607250755287 0.07796257796257797 0.03172205438066465 0.02286902286902287
capacitor 0.5800604229607251 0.7671517671517671 0.0513595166163142 0.029106029106029108
capacitor 0.5800604229607251 0.6174636174636174 0.0513595166163142 0.033264033264033266
capacitor 0.14577039274924472 0.7089397089397089 0.055891238670694864 0.04158004158004158