pmos 0.21291666666666667 0.14828080229226362 0.034166666666666665 0.08166189111747851
pmos 0.49333333333333335 0.30802292263610315 0.03333333333333333 0.0830945558739255
nmos 0.7 0.7478510028653295 0.035 0.0830945558739255
pmos 0.6308333333333334 0.5494269340974212 0.035 0.08166189111747851
pmos 0.08333333333333333 0.27722063037249284 0.03666666666666667 0.08452722063037249
nmos 0.415 0.7421203438395415 0.035 0.0830945558739255
pmos 0.9345833333333333 0.27722063037249284 0.034166666666666665 0.08452722063037249
resistor 0.31083333333333335 0.4376790830945559 0.03333333333333333 0.0329512893982808
pmos 0.8045833333333333 0.14828080229226362 0.034166666666666665 0.08166189111747851
nmos 0.3179166666666667 0.748567335243553 0.034166666666666665 0.08166189111747851
nmos 0.0825 0.8388252148997135 0.03666666666666667 0.08452722063037249
capacitor 0.11333333333333333 0.7729226361031518 0.015 0.03868194842406877
pmos 0.7825 0.580945558739255 0.035 0.08166189111747851
nmos 0.15291666666666667 0.6948424068767909 0.035833333333333335 0.0830945558739255
pmos 0.385 0.5494269340974212 0.035 0.08166189111747851
nmos 0.6008333333333333 0.7428366762177651 0.035 0.07879656160458452
resistor 0.4 0.8882521489971347 0.021666666666666667 0.06017191977077364
gnd 0.51 0.9677650429799427 0.021666666666666667 0.027220630372492838
pmos 0.23583333333333334 0.580945558739255 0.035 0.08166189111747851
port 0.8383333333333334 0.6941260744985673 0.006666666666666667 0.015759312320916905
capacitor 0.11291666666666667 0.49570200573065903 0.014166666666666666 0.04011461318051576
nmos 0.865 0.6934097421203438 0.03333333333333333 0.0830945558739255
cross-line-curved 0.82 0.4340974212034384 0.016666666666666666 0.02005730659025788
port 0.35625 0.5501432664756447 0.005833333333333334 0.014326647564469915
nmos 0.8058333333333333 0.8889684813753582 0.035 0.08166189111747851
capacitor 0.9054166666666666 0.7736389684813754 0.015833333333333335 0.03724928366762178
nmos 0.21208333333333335 0.8889684813753582 0.035833333333333335 0.08166189111747851
resistor 0.4508333333333333 0.4383954154727794 0.035 0.034383954154727794
capacitor 0.90625 0.49498567335243554 0.015833333333333335 0.04154727793696275
nmos 0.9345833333333333 0.8373925501432665 0.035833333333333335 0.08452722063037249
resistor 0.5679166666666666 0.4383954154727794 0.035833333333333335 0.034383954154727794
resistor 0.61625 0.8889684813753582 0.020833333333333332 0.06160458452722063
resistor 0.7020833333333333 0.4383954154727794 0.034166666666666665 0.034383954154727794
pmos 0.49416666666666664 0.14756446991404013 0.035 0.0830945558739255
port 0.18 0.6948424068767909 0.006666666666666667 0.017191977077363897
port 0.4683333333333333 0.3108882521489971 0.006666666666666667 0.017191977077363897
port 0.4675 0.14756446991404013 0.006666666666666667 0.017191977077363897
port 0.23916666666666667 0.1489971346704871 0.006666666666666667 0.017191977077363897
port 0.7783333333333333 0.14756446991404013 0.006666666666666667 0.017191977077363897
vdd 0.5079166666666667 0.07306590257879657 0.025833333333333333 0.022922636103151862
cross-line-curved 0.19708333333333333 0.4362464183381089 0.0175 0.02148997134670487
port 0.755 0.5816618911174785 0.006666666666666667 0.017191977077363897
port 0.6575 0.5515759312320917 0.006666666666666667 0.017191977077363897
port 0.6716666666666666 0.7492836676217765 0.006666666666666667 0.017191977077363897
port 0.7783333333333333 0.8911174785100286 0.006666666666666667 0.017191977077363897
port 0.3475 0.7507163323782235 0.006666666666666667 0.017191977077363897
port 0.26416666666666666 0.5830945558739254 0.006666666666666667 0.017191977077363897