capacitor 0.5603197674418605 0.47217068645640076 0.07412790697674419 0.05009276437847866
current 0.21875 0.15306122448979592 0.10610465116279069 0.13543599257884972
current 0.2877906976744186 0.8664192949907236 0.10465116279069768 0.12987012987012986
single-end-amp 0.7688953488372093 0.43413729128014844 0.14825581395348839 0.18923933209647495
diode 0.17369186046511628 0.32838589981447125 0.056686046511627904 0.04452690166975881
cross-line-curved 0.3546511627906977 0.2690166975881262 0.02616279069767442 0.022263450834879406
port 0.22093023255813954 0.05009276437847866 0.029069767441860465 0.03710575139146568
diode 0.4018895348837209 0.33116883116883117 0.056686046511627904 0.04638218923933209
nmos 0.19113372093023256 0.6641929499072357 0.07122093023255814 0.11131725417439703
current 0.3561046511627907 0.15398886827458255 0.10755813953488372 0.13358070500927643
diode 0.17587209302325582 0.44341372912801486 0.05232558139534884 0.04452690166975881
port 0.07194767441860465 0.38868274582560297 0.027616279069767442 0.03525046382189239
port 0.9135174418604651 0.4332096474953618 0.027616279069767442 0.03525046382189239
port 0.08866279069767442 0.6632653061224489 0.02616279069767442 0.03896103896103896
gnd 0.5603197674418605 0.5547309833024119 0.059593023255813955 0.04081632653061224
port 0.48401162790697677 0.6632653061224489 0.02616279069767442 0.03525046382189239
port 0.3561046511627907 0.04638218923933209 0.02616279069767442 0.03710575139146568
nmos 0.38372093023255816 0.6641929499072357 0.06686046511627906 0.11131725417439703
cross-line-curved 0.22020348837209303 0.5 0.027616279069767442 0.02411873840445269
diode 0.6104651162790697 0.5936920222634509 0.03488372093023256 0.07421150278293136
diode 0.6300872093023255 0.274582560296846 0.036337209302325583 0.07792207792207792
diode 0.40261627906976744 0.4452690166975881 0.05813953488372093 0.04452690166975881
port 0.2877906976744186 0.9675324675324676 0.02616279069767442 0.03525046382189239