cross-line-curved 0.29131175468483816 0.3505654281098546 0.030664395229982964 0.045234248788368334
gnd 0.06899488926746167 0.9264943457189014 0.03236797274275979 0.03715670436187399
capacitor 0.09880749574105621 0.840064620355412 0.027257240204429302 0.025848142164781908
gnd 0.9165247018739353 0.7124394184168013 0.030664395229982964 0.029079159935379646
nmos 0.20954003407155025 0.7310177705977383 0.03747870528109029 0.0888529886914378
pmos 0.49829642248722317 0.3473344103392569 0.03236797274275979 0.06785137318255251
gnd 0.29982964224872233 0.8109854604200323 0.02385008517887564 0.03231017770597738
current 0.11243611584327087 0.2358642972536349 0.04770017035775128 0.06462035541195477
nmos 0.3091993185689949 0.7431340872374798 0.03577512776831346 0.07431340872374798
current 0.03577512776831346 0.8190630048465266 0.044293015332197615 0.061389337641357025
pmos 0.9080068143100511 0.252827140549273 0.034071550255536626 0.06946688206785137
current 0.5059625212947189 0.18174474959612277 0.044293015332197615 0.05977382875605816
pmos 0.21039182282793867 0.44345718901453957 0.03577512776831346 0.07592891760904685
resistor 0.25298126064735943 0.9224555735056543 0.04258943781942078 0.035541195476575124
gnd 0.5059625212947189 0.821486268174475 0.034071550255536626 0.03715670436187399
nmos 0.5 0.7431340872374798 0.03236797274275979 0.061389337641357025
resistor 0.2223168654173765 0.20597738287560582 0.03236797274275979 0.08562197092084006
current 0.30068143100511074 0.25363489499192243 0.04599659284497445 0.05815831987075929
current 0.9173764906303237 0.555735056542811 0.04258943781942078 0.05815831987075929
gnd 0.21976149914821125 0.8206785137318255 0.027257240204429302 0.035541195476575124
port 0.14821124361158433 0.44507269789983844 0.020442930153321975 0.017770597738287562
cross-line-curved 0.5059625212947189 0.4862681744749596 0.05110732538330494 0.048465266558966075
port 0.8611584327086882 0.574313408723748 0.02555366269165247 0.030694668820678513