resistor 0.23492605233219568 0.1362781954887218 0.026166097838452786 0.09586466165413533
pmos 0.2224118316268487 0.40037593984962405 0.030716723549488054 0.08646616541353383
gnd 0.313424345847554 0.8073308270676691 0.02161547212741752 0.03571428571428571
cross-line-curved 0.5233219567690558 0.44642857142857145 0.04778156996587031 0.05075187969924812
pmos 0.515358361774744 0.7340225563909775 0.027303754266211604 0.07330827067669173
pmos 0.515358361774744 0.11278195488721804 0.02502844141069397 0.06390977443609022
current 0.12116040955631399 0.17011278195488722 0.048919226393629126 0.07330827067669173
gnd 0.23037542662116042 0.8176691729323309 0.026166097838452786 0.03759398496240601
pmos 0.5136518771331058 0.2951127819548872 0.026166097838452786 0.07894736842105263
gnd 0.5227531285551763 0.8195488721804511 0.030716723549488054 0.041353383458646614
nmos 0.3225255972696246 0.7321428571428571 0.02844141069397042 0.08458646616541353
pmos 0.9323094425483504 0.18984962406015038 0.02844141069397042 0.08270676691729323
current 0.042662116040955635 0.8167293233082706 0.04436860068259386 0.06954887218045112
port 0.8850967007963595 0.5451127819548872 0.01820250284414107 0.02631578947368421
capacitor 0.10693970420932879 0.8411654135338346 0.02502844141069397 0.02819548872180451
nmos 0.21899886234357224 0.7189849624060151 0.03299203640500569 0.09586466165413533
cross-line-curved 0.30489192263936293 0.29699248120300753 0.027303754266211604 0.05263157894736842
gnd 0.07679180887372014 0.9360902255639098 0.030716723549488054 0.041353383458646614
resistor 0.2645051194539249 0.9332706766917294 0.04209328782707622 0.039473684210526314
current 0.9419795221843004 0.525375939849624 0.040955631399317405 0.06578947368421052
gnd 0.9431171786120591 0.6983082706766918 0.02957906712172924 0.03195488721804511
current 0.31456200227531284 0.19078947368421054 0.04436860068259386 0.06578947368421052
port 0.43742889647326505 0.1099624060150376 0.019340159271899887 0.02819548872180451
port 0.15642775881683732 0.4050751879699248 0.019340159271899887 0.02819548872180451
port 0.006257110352673493 0.7208646616541353 0.012514220705346985 0.02819548872180451