pmos 0.2992957746478873 0.1547085201793722 0.0539906103286385 0.13452914798206278
port 0.6338028169014085 0.3778026905829596 0.018779342723004695 0.0515695067264574
gnd 0.3245305164319249 0.9013452914798207 0.036384976525821594 0.03139013452914798
pmos 0.06631455399061033 0.15582959641255606 0.05516431924882629 0.1412556053811659
single-end-amp 0.18192488262910797 0.33408071748878926 0.11267605633802817 0.2062780269058296
vdd 0.32511737089201875 0.04484304932735426 0.035211267605633804 0.026905829596412557
resistor2 0.5176056338028169 0.5728699551569507 0.03051643192488263 0.11434977578475336
gnd 0.5164319248826291 0.9024663677130045 0.035211267605633804 0.033632286995515695
pnp 0.49295774647887325 0.773542600896861 0.056338028169014086 0.15246636771300448
gnd 0.8615023474178404 0.9002242152466368 0.03755868544600939 0.033632286995515695
pnp 0.06572769953051644 0.7713004484304933 0.05868544600938967 0.15246636771300448
resistor2 0.8051643192488263 0.7511210762331838 0.028169014084507043 0.11210762331838565
nmos 0.8368544600938967 0.484304932735426 0.05868544600938967 0.13901345291479822
resistor2 0.8609154929577465 0.7522421524663677 0.029342723004694836 0.11434977578475336
resistor2 0.32511737089201875 0.5728699551569507 0.03051643192488263 0.11434977578475336
gnd 0.426056338028169 0.9013452914798207 0.035211267605633804 0.03139013452914798
gnd 0.04225352112676056 0.9024663677130045 0.035211267605633804 0.033632286995515695
pmos 0.8849765258215962 0.1547085201793722 0.0539906103286385 0.13452914798206278
vdd 0.8615023474178404 0.04484304932735426 0.03755868544600939 0.026905829596412557
gnd 0.23415492957746478 0.9013452914798207 0.036384976525821594 0.03139013452914798
vdd 0.5176056338028169 0.04484304932735426 0.03755868544600939 0.026905829596412557
cross-line-curved 0.3257042253521127 0.25672645739910316 0.01995305164319249 0.02466367713004484
pmos 0.4923708920187793 0.15582959641255606 0.05516431924882629 0.1367713004484305
port 0.971830985915493 0.1547085201793722 0.025821596244131457 0.03587443946188341
single-end-amp 0.7142018779342723 0.48318385650224216 0.11384976525821597 0.21300448430493274
gnd 0.13262910798122066 0.9002242152466368 0.03755868544600939 0.033632286995515695
vdd 0.041666666666666664 0.04596412556053812 0.036384976525821594 0.02914798206278027
pnp 0.301056338028169 0.7724215246636771 0.05985915492957746 0.1547085201793722
gnd 0.8051643192488263 0.9002242152466368 0.035211267605633804 0.033632286995515695