nmos 0.8414804469273743 0.2962962962962963 0.03770949720670391 0.09116809116809117
nmos 0.2115921787709497 0.6894586894586895 0.03770949720670391 0.09116809116809117
pmos 0.6480446927374302 0.21794871794871795 0.036312849162011177 0.09401709401709402
nmos 0.3240223463687151 0.3091168091168091 0.03910614525139665 0.09401709401709402
pmos 0.0914804469273743 0.3247863247863248 0.03770949720670391 0.09686609686609686
nmos 0.09217877094972067 0.8717948717948718 0.036312849162011177 0.09116809116809117
nmos 0.4196927374301676 0.5071225071225072 0.03770949720670391 0.09116809116809117
nmos 0.8414804469273743 0.7948717948717948 0.03770949720670391 0.09116809116809117
pmos 0.210195530726257 0.31196581196581197 0.03770949720670391 0.09401709401709402
nmos 0.7381284916201117 0.5071225071225072 0.03770949720670391 0.09116809116809117
nmos 0.9238826815642458 0.688034188034188 0.034916201117318434 0.08831908831908832
pmos 0.9231843575418994 0.2934472934472934 0.036312849162011177 0.09116809116809117
nmos 0.6766759776536313 0.7051282051282052 0.03770949720670391 0.08831908831908832
nmos 0.09217877094972067 0.5384615384615384 0.036312849162011177 0.09116809116809117
pmos 0.5111731843575419 0.21794871794871795 0.036312849162011177 0.09401709401709402
nmos 0.6473463687150838 0.5071225071225072 0.03770949720670391 0.09116809116809117
nmos 0.4825418994413408 0.7065527065527065 0.040502793296089384 0.09116809116809117
nmos 0.2925977653631285 0.7948717948717948 0.03770949720670391 0.09116809116809117
nmos 0.5118715083798883 0.5071225071225072 0.03770949720670391 0.09116809116809117
vdd 0.19692737430167598 0.10256410256410256 0.04748603351955307 0.039886039886039885
vdd 0.3100558659217877 0.10256410256410256 0.04748603351955307 0.039886039886039885
vdd 0.4972067039106145 0.09971509971509972 0.04748603351955307 0.039886039886039885
vdd 0.664804469273743 0.09971509971509972 0.04748603351955307 0.039886039886039885
vdd 0.723463687150838 0.09971509971509972 0.04748603351955307 0.039886039886039885
vdd 0.8561452513966481 0.10256410256410256 0.04748603351955307 0.039886039886039885
port 0.973463687150838 0.5056980056980057 0.0223463687150838 0.03133903133903134
port 0.1717877094972067 0.5085470085470085 0.0223463687150838 0.03133903133903134
port 0.5698324022346368 0.6595441595441596 0.0223463687150838 0.03133903133903134
vdd 0.43435754189944137 0.10256410256410256 0.04748603351955307 0.039886039886039885
port 0.055865921787709494 0.8703703703703703 0.0223463687150838 0.03133903133903134