port 0.9218134034165572 0.08814102564102565 0.01971090670170828 0.04807692307692308
gnd 0.5768725361366623 0.7932692307692307 0.04993429697766097 0.0673076923076923
port 0.9224704336399474 0.8733974358974359 0.02102496714848883 0.04807692307692308
gnd 0.035479632063074903 0.5753205128205128 0.052562417871222074 0.07371794871794872
pmos 0.316688567674113 0.6987179487179487 0.05781865965834428 0.20512820512820512
nmos 0.4204993429697766 0.2644230769230769 0.05781865965834428 0.20833333333333334
nmos 0.3180026281208936 0.2676282051282051 0.05781865965834428 0.20833333333333334
nmos 0.14060446780551905 0.2676282051282051 0.05781865965834428 0.20833333333333334
nmos 0.8186596583442839 0.2644230769230769 0.05781865965834428 0.20833333333333334
pmos 0.1445466491458607 0.7083333333333334 0.05781865965834428 0.20512820512820512
pmos 0.8160315374507228 0.7051282051282052 0.05781865965834428 0.20512820512820512
nmos 0.6859395532194481 0.26121794871794873 0.05781865965834428 0.20833333333333334
pmos 0.6452036793692509 0.6987179487179487 0.05781865965834428 0.20512820512820512