pmos 0.16820580474934038 0.300314465408805 0.07519788918205805 0.2169811320754717
pmos 0.5296833773087071 0.3018867924528302 0.07519788918205805 0.22012578616352202
gnd 0.2704485488126649 0.6871069182389937 0.055408970976253295 0.07232704402515723
port 0.037598944591029027 0.6022012578616353 0.01978891820580475 0.04716981132075472
port 0.7915567282321899 0.89937106918239 0.0158311345646438 0.0440251572327044
nmos 0.16886543535620052 0.6823899371069182 0.07387862796833773 0.22641509433962265
nmos 0.4023746701846966 0.6839622641509434 0.07387862796833773 0.22327044025157233
port 0.7856200527704486 0.3081761006289308 0.01978891820580475 0.05660377358490566
gnd 0.8007915567282322 0.7610062893081762 0.05804749340369393 0.08176100628930817
port 0.8007915567282322 0.6776729559748428 0.021108179419525065 0.04716981132075472
gnd 0.036939313984168866 0.6871069182389937 0.055408970976253295 0.07232704402515723
pmos 0.4017150395778364 0.29874213836477986 0.07519788918205805 0.2138364779874214
pmos 0.7005277044854882 0.3018867924528302 0.07387862796833773 0.22012578616352202
port 0.8007915567282322 0.4921383647798742 0.021108179419525065 0.05345911949685535
nmos 0.5290237467018469 0.6823899371069182 0.07387862796833773 0.22641509433962265
port 0.26978891820580475 0.6022012578616353 0.01978891820580475 0.04716981132075472
port 0.037598944591029027 0.4921383647798742 0.022427440633245383 0.05345911949685535
port 0.2704485488126649 0.41823899371069184 0.021108179419525065 0.050314465408805034
vdd 0.43601583113456466 0.08018867924528301 0.051451187335092345 0.0660377358490566
vdd 0.4967018469656992 0.08333333333333333 0.051451187335092345 0.0660377358490566
vdd 0.6695250659630607 0.08647798742138364 0.051451187335092345 0.0660377358490566
port 0.12203166226912929 0.9040880503144654 0.017150395778364115 0.04716981132075472
vdd 0.19722955145118734 0.08962264150943396 0.051451187335092345 0.0660377358490566