resistor 0.4020979020979021 0.32951482479784366 0.015384615384615385 0.06334231805929919
nmos 0.8618881118881119 0.6293800539083558 0.03146853146853147 0.0889487870619946
nmos 0.34615384615384615 0.717654986522911 0.032167832167832165 0.08490566037735849
port 0.941958041958042 0.39016172506738545 0.006993006993006993 0.014824797843665768
gnd 0.9129370629370629 0.8888140161725068 0.024475524475524476 0.022911051212938006
nmos 0.6066433566433567 0.5350404312668463 0.032867132867132866 0.08355795148247978
nmos 0.8216783216783217 0.7897574123989218 0.032167832167832165 0.0862533692722372
resistor 0.20034965034965035 0.32951482479784366 0.016083916083916083 0.06334231805929919
nmos 0.10839160839160839 0.5357142857142857 0.032167832167832165 0.08490566037735849
nmos 0.536013986013986 0.7169811320754716 0.03146853146853147 0.08355795148247978
resistor 0.5902097902097903 0.32951482479784366 0.015384615384615385 0.06334231805929919
nmos 0.4993006993006993 0.5357142857142857 0.032167832167832165 0.08490566037735849
resistor 0.3842657342657343 0.11185983827493262 0.03986013986013986 0.0646900269541779
vdd 0.3657342657342657 0.21900269541778974 0.025174825174825177 0.01752021563342318
nmos 0.06958041958041958 0.717654986522911 0.032867132867132866 0.08490566037735849
gnd 0.0534965034965035 0.816711590296496 0.024475524475524476 0.0215633423180593
gnd 0.36153846153846153 0.8173854447439353 0.023776223776223775 0.022911051212938006
gnd 0.16083916083916083 0.816711590296496 0.023776223776223775 0.0215633423180593
resistor 0.8468531468531468 0.32951482479784366 0.015384615384615385 0.06064690026954178
nmos 0.21573426573426574 0.5357142857142857 0.032867132867132866 0.08490566037735849
resistor 0.16783216783216784 0.4171159029649596 0.04195804195804196 0.06064690026954178
gnd 0.5513986013986014 0.816711590296496 0.023076923076923078 0.0215633423180593
nmos 0.8622377622377623 0.48450134770889486 0.032167832167832165 0.0876010781671159
resistor 0.5153846153846153 0.3308625336927224 0.015384615384615385 0.06334231805929919
nmos 0.8972027972027972 0.7904312668463612 0.032167832167832165 0.08490566037735849
resistor 0.37797202797202795 0.8807277628032345 0.038461538461538464 0.06334231805929919
nmos 0.75 0.6287061994609164 0.03146853146853147 0.0876010781671159
resistor 0.12412587412587413 0.3308625336927224 0.014685314685314685 0.06064690026954178
nmos 0.3104895104895105 0.5357142857142857 0.032167832167832165 0.08490566037735849
nmos 0.41748251748251747 0.5357142857142857 0.032167832167832165 0.08490566037735849
resistor 0.765034965034965 0.3288409703504043 0.015384615384615385 0.06199460916442048
port 0.056293706293706294 0.532345013477089 0.007692307692307693 0.016172506738544475
gnd 0.8062937062937063 0.8888140161725068 0.023776223776223775 0.022911051212938006
resistor 0.32622377622377624 0.330188679245283 0.014685314685314685 0.06199460916442048
nmos 0.7496503496503496 0.48450134770889486 0.032167832167832165 0.0876010781671159
nmos 0.14475524475524476 0.717654986522911 0.032167832167832165 0.08490566037735849
resistor 0.36993006993006994 0.4171159029649596 0.04055944055944056 0.06064690026954178
port 0.9122377622377622 0.6954177897574124 0.00909090909090909 0.018867924528301886
port 0.2493006993006993 0.5336927223719676 0.00909090909090909 0.018867924528301886