switch 0.5851648351648352 0.41442307692307695 0.029304029304029304 0.09423076923076923
port 0.9404761904761905 0.6826923076923077 0.016483516483516484 0.03461538461538462
port 0.9404761904761905 0.3211538461538462 0.016483516483516484 0.03461538461538462
switch 0.7202380952380952 0.7759615384615385 0.03021978021978022 0.10192307692307692
switch 0.6712454212454212 0.30096153846153845 0.047619047619047616 0.06346153846153846
capacitor 0.7678571428571429 0.6807692307692308 0.028388278388278388 0.1
switch 0.8937728937728938 0.12115384615384615 0.04945054945054945 0.06923076923076923
capacitor 0.7774725274725275 0.13942307692307693 0.027472527472527472 0.09807692307692308
capacitor 0.5993589743589743 0.6855769230769231 0.026556776556776556 0.10192307692307692
switch 0.22527472527472528 0.35192307692307695 0.047619047619047616 0.06538461538461539
switch 0.5357142857142857 0.6653846153846154 0.045787545787545784 0.06923076923076923
cross-line-curved 0.8539377289377289 0.31826923076923075 0.015567765567765568 0.025
port 0.038461538461538464 0.5384615384615384 0.016483516483516484 0.03461538461538462
switch 0.10256410256410256 0.5173076923076924 0.045787545787545784 0.06153846153846154
capacitor 0.5989010989010989 0.32019230769230766 0.02564102564102564 0.09807692307692308
switch 0.6423992673992674 0.4125 0.03021978021978022 0.09423076923076923
capacitor 0.7678571428571429 0.32211538461538464 0.028388278388278388 0.09807692307692308
gnd 0.23763736263736263 0.7173076923076923 0.039377289377289376 0.05
switch 0.864010989010989 0.23173076923076924 0.03021978021978022 0.09807692307692308
switch 0.2934981684981685 0.44134615384615383 0.05036630036630037 0.0673076923076923
gnd 0.5178571428571429 0.5567307692307693 0.039377289377289376 0.04807692307692308
switch 0.88507326007326 0.7740384615384616 0.028388278388278388 0.09807692307692308
capacitor 0.1794871794871795 0.5384615384615384 0.02564102564102564 0.09615384615384616
port 0.47527472527472525 0.6836538461538462 0.014652014652014652 0.032692307692307694
gnd 0.9326923076923077 0.1951923076923077 0.037545787545787544 0.04807692307692308
switch 0.5851648351648352 0.5913461538461539 0.031135531135531136 0.09038461538461538
capacitor 0.7861721611721612 0.8634615384615385 0.026556776556776556 0.1
switch 0.5357142857142857 0.3 0.047619047619047616 0.06538461538461539
switch 0.641941391941392 0.5894230769230769 0.031135531135531136 0.09423076923076923
gnd 0.6318681318681318 0.19615384615384615 0.038461538461538464 0.046153846153846156
switch 0.9043040293040293 0.8423076923076923 0.05036630036630037 0.06538461538461539
switch 0.6707875457875457 0.8403846153846154 0.04487179487179487 0.06153846153846154
single-end-amp 0.298992673992674 0.5826923076923077 0.09432234432234432 0.19615384615384615
switch 0.7206959706959707 0.2326923076923077 0.029304029304029304 0.09615384615384616
switch 0.6721611721611722 0.11730769230769231 0.047619047619047616 0.06153846153846154
cross-line-curved 0.8754578754578755 0.6778846153846154 0.014652014652014652 0.025
gnd 0.9473443223443223 0.9192307692307692 0.037545787545787544 0.046153846153846156
switch 0.6717032967032966 0.6615384615384615 0.048534798534798536 0.06538461538461539
gnd 0.6314102564102564 0.9192307692307692 0.039377289377289376 0.05
single-end-amp 0.7733516483516484 0.5019230769230769 0.09981684981684982 0.2
port 0.3933150183150183 0.5394230769230769 0.0173992673992674 0.03653846153846154
port 0.47619047619047616 0.32211538461538464 0.018315018315018316 0.03653846153846154