capacitor 0.3754889178617992 0.6691176470588235 0.04954367666232073 0.03991596638655462
inductor 0.29595827900912647 0.8613445378151261 0.07040417209908735 0.04201680672268908
inductor 0.1453715775749674 0.31932773109243695 0.06910039113428944 0.037815126050420166
inductor 0.21577574967405475 0.615546218487395 0.024771838331160364 0.1134453781512605
resistor 0.6890482398956975 0.32983193277310924 0.06388526727509779 0.046218487394957986
resistor 0.5052151238591917 0.47794117647058826 0.02998696219035202 0.10294117647058823
inductor 0.49934810951760106 0.6165966386554622 0.02607561929595828 0.11134453781512606
port 0.9745762711864406 0.32668067226890757 0.027379400260756193 0.05672268907563025
resistor 0.6883963494132985 0.8697478991596639 0.06779661016949153 0.046218487394957986
inductor 0.2953063885267275 0.32037815126050423 0.06910039113428944 0.03991596638655462
capacitor 0.22294654498044328 0.7384453781512605 0.04954367666232073 0.03991596638655462
port 0.9752281616688396 0.8676470588235294 0.02607561929595828 0.0546218487394958
resistor 0.8911342894393742 0.33088235294117646 0.06388526727509779 0.052521008403361345
inductor 0.14602346805736635 0.8623949579831933 0.07040417209908735 0.03571428571428571
resistor 0.22229465449804434 0.47689075630252103 0.02998696219035202 0.10504201680672269
inductor 0.5821382007822686 0.32037815126050423 0.06910039113428944 0.03991596638655462
capacitor 0.5052151238591917 0.7384453781512605 0.05084745762711865 0.03991596638655462
inductor 0.5834419817470665 0.8613445378151261 0.06910039113428944 0.04201680672268908
resistor 0.37614080834419816 0.5199579831932774 0.02998696219035202 0.10714285714285714
gnd 0.02607561929595828 0.9642857142857143 0.03389830508474576 0.04201680672268908
resistor 0.8878748370273793 0.8718487394957983 0.0651890482398957 0.0546218487394958