port 0.575682382133995 0.0856353591160221 0.04962779156327544 0.055248618784530384
port 0.9230769230769231 0.48204419889502764 0.04466501240694789 0.052486187845303865
capacitor 0.3424317617866005 0.8176795580110497 0.12903225806451613 0.07734806629834254
gnd 0.3411910669975186 0.9433701657458563 0.10669975186104218 0.06353591160220995
nmos 0.5260545905707196 0.6988950276243094 0.11910669975186104 0.16574585635359115
gnd 0.5744416873449132 0.9433701657458563 0.10173697270471464 0.06353591160220995
current 0.5744416873449132 0.30386740331491713 0.18114143920595532 0.19889502762430938
switch 0.31265508684863524 0.5870165745856354 0.08436724565756824 0.1464088397790055
port 0.05583126550868486 0.48204419889502764 0.04218362282878412 0.052486187845303865
switch 0.7183622828784119 0.4516574585635359 0.13647642679900746 0.09116022099447514
switch 0.2456575682382134 0.45027624309392267 0.13895781637717122 0.09392265193370165