switch 0.6333333333333333 0.37576687116564417 0.031292517006802724 0.06441717791411043
gnd 0.09795918367346938 0.977760736196319 0.04353741496598639 0.02607361963190184
gnd 0.6244897959183674 0.4708588957055215 0.04353741496598639 0.024539877300613498
switch 0.7598639455782313 0.6219325153374233 0.055782312925170066 0.03834355828220859
switch 0.3693877551020408 0.5812883435582822 0.031292517006802724 0.06441717791411043
switch 0.501360544217687 0.7331288343558282 0.031292517006802724 0.06441717791411043
capacitor 0.8891156462585034 0.22315950920245398 0.08571428571428572 0.04754601226993865
switch 0.3687074829931973 0.07592024539877301 0.029931972789115645 0.06288343558282208
capacitor 0.36054421768707484 0.7300613496932515 0.08435374149659863 0.049079754601226995
gnd 0.6244897959183674 0.977760736196319 0.04353741496598639 0.02607361963190184
voltage 0.09795918367346938 0.22315950920245398 0.08435374149659863 0.09355828220858896
capacitor 0.3598639455782313 0.22392638036809817 0.08299319727891157 0.046012269938650305
gnd 0.8891156462585034 0.4700920245398773 0.04217687074829932 0.023006134969325152
switch 0.23741496598639455 0.22699386503067484 0.031292517006802724 0.06134969325153374
capacitor 0.6238095238095238 0.22392638036809817 0.08299319727891157 0.046012269938650305
gnd 0.09795918367346938 0.4708588957055215 0.04353741496598639 0.024539877300613498
switch 0.6319727891156462 0.07592024539877301 0.031292517006802724 0.06288343558282208
switch 0.501360544217687 0.22622699386503067 0.031292517006802724 0.06288343558282208
switch 0.6333333333333333 0.5820552147239264 0.031292517006802724 0.06288343558282208
switch 0.7585034013605442 0.11579754601226994 0.055782312925170066 0.03834355828220859
gnd 0.36122448979591837 0.4708588957055215 0.04217687074829932 0.024539877300613498
gnd 0.36122448979591837 0.9769938650306749 0.044897959183673466 0.024539877300613498
gnd 0.8884353741496599 0.9769938650306749 0.04353741496598639 0.024539877300613498
voltage 0.09795918367346938 0.7300613496932515 0.08435374149659863 0.0950920245398773
switch 0.3693877551020408 0.375 0.031292517006802724 0.06288343558282208
switch 0.6333333333333333 0.8811349693251533 0.031292517006802724 0.06595092024539877
capacitor 0.8884353741496599 0.7292944785276073 0.08435374149659863 0.04754601226993865
capacitor 0.6244897959183674 0.7308282208588958 0.08163265306122448 0.04754601226993865
port 0.536734693877551 0.029141104294478526 0.017687074829931974 0.018404907975460124
port 0.6251700680272109 0.024539877300613498 0.017687074829931974 0.018404907975460124