npn 0.5578034682080925 0.39372599231754163 0.035838150289017344 0.08578745198463508
pnp 0.6774566473988439 0.293854033290653 0.03699421965317919 0.08322663252240717
resistor2 0.5705202312138729 0.22407170294494239 0.021965317919075144 0.06658130601792574
resistor2 0.5705202312138729 0.6056338028169014 0.021965317919075144 0.06914212548015365
capacitor 0.7716763005780347 0.23367477592829705 0.03352601156069364 0.026888604353393086
gnd 0.9606936416184971 0.18373879641485275 0.03236994219653179 0.026888604353393086
resistor2 0.32716763005780347 0.8860435339308579 0.020809248554913295 0.06914212548015365
resistor2 0.1260115606936416 0.5838668373879642 0.020809248554913295 0.06914212548015365
gnd 0.03121387283236994 0.8444302176696543 0.03236994219653179 0.029449423815621
resistor2 0.5699421965317919 0.8649167733674776 0.020809248554913295 0.0678617157490397
gnd 0.9601156069364162 0.9058898847631242 0.03352601156069364 0.029449423815621
resistor2 0.32774566473988437 0.28297055057618437 0.021965317919075144 0.06914212548015365
resistor2 0.63121387283237 0.7752880921895007 0.046242774566473986 0.024327784891165175
capacitor 0.5161849710982659 0.8738796414852753 0.03352601156069364 0.029449423815621
resistor2 0.44335260115606934 0.5153649167733675 0.047398843930635835 0.024327784891165175
gnd 0.7722543352601156 0.3437900128040973 0.03236994219653179 0.029449423815621
resistor2 0.8872832369942196 0.13380281690140844 0.047398843930635835 0.024327784891165175
port 0.9341040462427745 0.0851472471190781 0.016184971098265895 0.026888604353393086
npn 0.6774566473988439 0.293854033290653 0.03699421965317919 0.08322663252240717
capacitor 0.3947976878612717 0.6338028169014085 0.03352601156069364 0.020486555697823303
npn 0.315028901734104 0.6741357234314981 0.035838150289017344 0.08578745198463508
capacitor 0.07167630057803469 0.6741357234314981 0.016184971098265895 0.04737516005121639