switch 0.4395674300254453 0.3819599109131403 0.05216284987277354 0.060133630289532294
switch 0.7334605597964376 0.6759465478841871 0.05216284987277354 0.060133630289532294
switch 0.7315521628498728 0.9543429844097996 0.05343511450381679 0.0556792873051225
switch 0.7315521628498728 0.08908685968819599 0.05343511450381679 0.062360801781737196
voltage 0.06424936386768448 0.5467706013363028 0.06997455470737914 0.12249443207126949
switch 0.1494910941475827 0.6759465478841871 0.05216284987277354 0.060133630289532294
switch 0.6075063613231552 0.9543429844097996 0.054707379134860054 0.060133630289532294
capacitor 0.8562340966921119 0.5434298440979956 0.04834605597964377 0.035634743875278395
capacitor 0.3753180661577608 0.25278396436525613 0.04834605597964377 0.0334075723830735
switch 0.7309160305343512 0.3819599109131403 0.05216284987277354 0.060133630289532294
capacitor 0.6673027989821882 0.8240534521158129 0.04961832061068702 0.035634743875278395
capacitor 0.37659033078880405 0.5467706013363028 0.04834605597964377 0.0378619153674833
switch 0.4402035623409669 0.08797327394209355 0.05343511450381679 0.060133630289532294
switch 0.3155216284987277 0.955456570155902 0.05343511450381679 0.05790645879732739
switch 0.6068702290076335 0.08797327394209355 0.05343511450381679 0.060133630289532294
capacitor 0.6679389312977099 0.5456570155902004 0.04834605597964377 0.035634743875278395
capacitor 0.6666666666666666 0.2516703786191537 0.04834605597964377 0.035634743875278395
switch 0.44147582697201015 0.9543429844097996 0.05597964376590331 0.0645879732739421
switch 0.6081424936386769 0.6759465478841871 0.05343511450381679 0.060133630289532294
resistor 0.9402035623409669 0.5456570155902004 0.027989821882951654 0.08463251670378619
switch 0.31361323155216286 0.3830734966592428 0.05216284987277354 0.05790645879732739
switch 0.31361323155216286 0.08908685968819599 0.05216284987277354 0.05790645879732739
switch 0.44211195928753183 0.6759465478841871 0.05216284987277354 0.060133630289532294
switch 0.14821882951653945 0.3841870824053452 0.05216284987277354 0.060133630289532294
capacitor 0.37595419847328243 0.8240534521158129 0.04961832061068702 0.035634743875278395
switch 0.6062340966921119 0.38084632516703787 0.05216284987277354 0.05790645879732739
switch 0.31615776081424934 0.6759465478841871 0.05216284987277354 0.0556792873051225
port 0.8549618320610687 0.732739420935412 0.01272264631043257 0.022271714922048998
port 0.06361323155216285 0.7360801781737194 0.01272264631043257 0.0200445434298441