cross-line-curved 0.5698080279232112 0.23369565217391305 0.029668411867364748 0.02391304347826087
nmos 0.34467713787085513 0.6032608695652174 0.07504363001745201 0.11521739130434783
cross-line-curved 0.7652705061082025 0.7771739130434783 0.029668411867364748 0.02391304347826087
nmos 0.7949389179755671 0.6032608695652174 0.07155322862129145 0.11521739130434783
nmos 0.2111692844677138 0.6032608695652174 0.07329842931937172 0.11956521739130435
pmos 0.34642233856893545 0.2391304347826087 0.07504363001745201 0.12173913043478261
cross-line-curved 0.7643979057591623 0.41630434782608694 0.027923211169284468 0.02391304347826087
resistor 0.3760907504363002 0.782608695652174 0.05759162303664921 0.1391304347826087
gnd 0.4720767888307155 0.9576086956521739 0.06806282722513089 0.04565217391304348
pmos 0.21204188481675393 0.23804347826086958 0.07504363001745201 0.11521739130434783
nmos 0.5383944153577661 0.7847826086956522 0.07155322862129145 0.11739130434782609
pmos 0.6003490401396161 0.4217391304347826 0.07329842931937172 0.11304347826086956
pmos 0.7338568935427574 0.24021739130434783 0.07504363001745201 0.11521739130434783
vdd 0.5663176265270506 0.12173913043478261 0.04712041884816754 0.034782608695652174
port 0.9258289703315882 0.6010869565217392 0.029668411867364748 0.03695652173913044
port 0.9240837696335078 0.4206521739130435 0.029668411867364748 0.03695652173913044
port 0.9275741710296684 0.24021739130434783 0.029668411867364748 0.03695652173913044
vdd 0.3760907504363002 0.11956521739130435 0.04712041884816754 0.034782608695652174
port 0.9258289703315882 0.7858695652173913 0.029668411867364748 0.03695652173913044