port 0.9135864135864136 0.5379008746355685 0.012987012987012988 0.037900874635568516
nmos 0.34465534465534464 0.5408163265306123 0.04995004995004995 0.1836734693877551
nmos 0.5724275724275725 0.5379008746355685 0.04795204795204795 0.1836734693877551
nmos 0.25074925074925075 0.5422740524781341 0.04795204795204795 0.18075801749271136
nmos 0.44255744255744256 0.5408163265306123 0.04995004995004995 0.1836734693877551
port 0.08541458541458541 0.23323615160349853 0.02097902097902098 0.0641399416909621
port 0.9245754245754245 0.23177842565597667 0.01898101898101898 0.061224489795918366
nmos 0.15784215784215785 0.5379008746355685 0.04795204795204795 0.17784256559766765
port 0.3181818181818182 0.23323615160349853 0.01898101898101898 0.05830903790087463
nmos 0.7597402597402597 0.5422740524781341 0.04895104895104895 0.18075801749271136
nmos 0.6658341658341659 0.5408163265306123 0.04895104895104895 0.1836734693877551
nmos 0.8526473526473527 0.5379008746355685 0.04895104895104895 0.17784256559766765
port 0.6928071928071928 0.23323615160349853 0.01898101898101898 0.05830903790087463
port 0.504995004995005 0.18950437317784258 0.012987012987012988 0.04081632653061224
port 0.6923076923076923 0.9591836734693877 0.013986013986013986 0.04081632653061224
port 0.3166833166833167 0.9591836734693877 0.013986013986013986 0.04081632653061224
port 0.0959040959040959 0.5393586005830904 0.013986013986013986 0.04081632653061224