resistor 0.5620104438642297 0.14195979899497488 0.04569190600522193 0.16331658291457288
switch 0.22519582245430808 0.5778894472361809 0.04569190600522193 0.1407035175879397
resistor 0.0783289817232376 0.14321608040201006 0.044386422976501305 0.16080402010050251
gnd 0.6906005221932114 0.09170854271356783 0.05221932114882506 0.05778894472361809
resistor 0.4980417754569191 0.25879396984924624 0.08485639686684072 0.09045226130653267
port 0.3335509138381201 0.4836683417085427 0.014360313315926894 0.02763819095477387
switch 0.4471279373368146 0.5791457286432161 0.050913838120104436 0.14321608040201006
port 0.379242819843342 0.4824120603015075 0.014360313315926894 0.02512562814070352
resistor 0.7774151436031331 0.2613065326633166 0.08746736292428199 0.09045226130653267
port 0.3328981723237598 0.2613065326633166 0.013054830287206266 0.03015075376884422
port 0.4915143603133159 0.5314070351758794 0.022193211488250653 0.04271356783919598
port 0.6194516971279374 0.5314070351758794 0.022193211488250653 0.04271356783919598
current 0.5913838120104439 0.7600502512562815 0.08877284595300261 0.16834170854271358
resistor 0.6272845953002611 0.2613065326633166 0.08485639686684072 0.09045226130653267
switch 0.5783289817232375 0.5778894472361809 0.04960835509138381 0.1407035175879397
cross-line-curved 0.5620104438642297 0.47613065326633164 0.024804177545691905 0.02763819095477387
switch 0.09073107049608355 0.5766331658291457 0.06135770234986945 0.14321608040201006
cross-line-curved 0.4347258485639687 0.4748743718592965 0.02349869451697128 0.03015075376884422
current 0.10704960835509138 0.7587939698492462 0.08877284595300261 0.1658291457286432
resistor 0.27088772845953 0.2613065326633166 0.08485639686684072 0.09045226130653267
port 0.46344647519582244 0.9409547738693468 0.02349869451697128 0.04773869346733668
single-end-amp 0.7702349869451697 0.42839195979899497 0.1279373368146214 0.24371859296482412
cross-line-curved 0.206266318537859 0.47613065326633164 0.02610966057441253 0.032663316582914576
port 0.26370757180156656 0.5314070351758794 0.02349869451697128 0.04271356783919598
gnd 0.6906005221932114 0.6080402010050251 0.05221932114882506 0.06030150753768844
port 0.2349869451697128 0.9422110552763819 0.02349869451697128 0.05025125628140704
current 0.2349869451697128 0.757537688442211 0.08877284595300261 0.16834170854271358
resistor 0.206266318537859 0.14195979899497488 0.04699738903394256 0.16331658291457288
port 0.1077023498694517 0.9409547738693468 0.022193211488250653 0.04773869346733668
current 0.46344647519582244 0.7587939698492462 0.08877284595300261 0.1658291457286432
resistor 0.1422976501305483 0.2613065326633166 0.0835509138381201 0.09045226130653267
port 0.5913838120104439 0.9409547738693468 0.02349869451697128 0.04773869346733668
resistor 0.4347258485639687 0.14195979899497488 0.044386422976501305 0.16331658291457288
port 0.8988250652741514 0.2600502512562814 0.022193211488250653 0.04271356783919598
port 0.3785900783289817 0.26256281407035176 0.015665796344647518 0.02763819095477387
port 0.1377284595300261 0.5326633165829145 0.024804177545691905 0.04522613065326633