pnp 0.6906645569620253 0.6947368421052632 0.03639240506329114 0.08
resistor 0.8852848101265823 0.4936842105263158 0.020569620253164556 0.05263157894736842
resistor 0.7017405063291139 0.4936842105263158 0.020569620253164556 0.05263157894736842
pnp 0.43433544303797467 0.6926315789473684 0.03322784810126582 0.08
gnd 0.5735759493670886 0.8631578947368421 0.03955696202531646 0.029473684210526315
cross-line-curved 0.7017405063291139 0.2789473684210526 0.01740506329113924 0.014736842105263158
nmos 0.17088607594936708 0.48526315789473684 0.028481012658227847 0.04842105263157895
pmos 0.8734177215189873 0.18421052631578946 0.028481012658227847 0.05263157894736842
vdd 0.5332278481012658 0.09368421052631579 0.07278481012658228 0.031578947368421054
pmos 0.6906645569620253 0.18526315789473685 0.030063291139240507 0.05052631578947368
pmos 0.45806962025316456 0.18526315789473685 0.030063291139240507 0.05052631578947368
pmos 0.17088607594936708 0.18526315789473685 0.028481012658227847 0.05052631578947368
nmos 0.2444620253164557 0.3568421052631579 0.030063291139240507 0.04842105263157895
gnd 0.28718354430379744 0.3968421052631579 0.03639240506329114 0.02736842105263158
cross-line-curved 0.4477848101265823 0.2789473684210526 0.0189873417721519 0.014736842105263158
gnd 0.15981012658227847 0.5757894736842105 0.0379746835443038 0.02736842105263158
pnp 0.8734177215189873 0.6957894736842105 0.03481012658227848 0.08210526315789474
single-end-amp 0.5735759493670886 0.2631578947368421 0.09018987341772151 0.12210526315789473
port 0.9849683544303798 0.3568421052631579 0.020569620253164556 0.023157894736842106