capacitor 0.7909987669543773 0.27049180327868855 0.016029593094944512 0.08196721311475409
resistor 0.1997533908754624 0.6557377049180327 0.02219482120838471 0.14754098360655737
current 0.11775585696670776 0.6557377049180327 0.03822441430332922 0.13934426229508196
resistor 0.7422934648581998 0.2766393442622951 0.03945745992601726 0.06967213114754098
resistor 0.9827373612823674 0.5840163934426229 0.01972872996300863 0.14344262295081966
capacitor 0.9821208384710234 0.7663934426229508 0.025893958076448828 0.05737704918032787
capacitor 0.5443896424167695 0.6598360655737705 0.025893958076448828 0.05737704918032787
current 0.3908754623921085 0.6536885245901639 0.036991368680641186 0.13524590163934427
capacitor 0.2712700369913687 0.6577868852459017 0.029593094944512947 0.06147540983606557
resistor 0.8489519112207151 0.6536885245901639 0.02096177558569667 0.14344262295081966
current 0.6615289765721332 0.6618852459016393 0.03822441430332922 0.14344262295081966
resistor 0.4722564734895191 0.6557377049180327 0.02219482120838471 0.14754098360655737
current 0.7737361282367448 0.6536885245901639 0.03822441430332922 0.13524590163934427
capacitor 0.9149198520345253 0.6618852459016393 0.02466091245376079 0.05327868852459016
resistor 0.6485819975339088 0.07991803278688525 0.036991368680641186 0.06967213114754098
gnd 0.11775585696670776 0.9631147540983607 0.025893958076448828 0.05737704918032787
capacitor 0.6966707768187423 0.0778688524590164 0.014796547472256474 0.09836065573770492