cross-line-curved 0.31516587677725116 0.3317307692307692 0.04265402843601896 0.05576923076923077
resistor 0.14336492890995262 0.625 0.07819905213270142 0.15
single-end-amp 0.5367298578199052 0.5644230769230769 0.2677725118483412 0.19038461538461537
cross-line-curved 0.31516587677725116 0.7221153846153846 0.04265402843601896 0.051923076923076926
port 0.3033175355450237 0.1596153846153846 0.052132701421800945 0.04230769230769231
resistor 0.14454976303317535 0.8201923076923077 0.08056872037914692 0.1519230769230769
cross-line-curved 0.31516587677725116 0.5278846153846154 0.04265402843601896 0.051923076923076926
port 0.764218009478673 0.3730769230769231 0.04976303317535545 0.04230769230769231
resistor 0.14336492890995262 0.23365384615384616 0.07819905213270142 0.14807692307692308
port 0.764218009478673 0.5673076923076923 0.04976303317535545 0.04230769230769231
port 0.13744075829383887 0.10865384615384616 0.052132701421800945 0.05576923076923077
port 0.764218009478673 0.7625 0.04976303317535545 0.04038461538461539
gnd 0.919431279620853 0.5788461538461539 0.14218009478672985 0.06538461538461539
single-end-amp 0.5355450236966824 0.3663461538461538 0.27014218009478674 0.19807692307692307
resistor 0.14218009478672985 0.42980769230769234 0.07582938388625593 0.14807692307692308
single-end-amp 0.5379146919431279 0.7596153846153846 0.27014218009478674 0.19615384615384615
gnd 0.1457345971563981 0.9711538461538461 0.13507109004739337 0.05384615384615385