diode 0.6805324459234608 0.5763723150357996 0.0632279534109817 0.05489260143198091
port 0.5033277870216306 0.029236276849642005 0.03161397670549085 0.022673031026252982
capacitor 0.6738768718801996 0.26610978520286394 0.04991680532445923 0.06682577565632458
resistor 0.5008319467554077 0.8591885441527446 0.06655574043261231 0.0883054892601432
port 0.9234608985024958 0.4797136038186158 0.033277870216306155 0.026252983293556086
capacitor 0.6738768718801996 0.6933174224343676 0.04991680532445923 0.06443914081145585
resistor 0.5016638935108153 0.14439140811455847 0.06821963394342762 0.08591885441527446
capacitor 0.305324459234609 0.7720763723150358 0.051580698835274545 0.06682577565632458
capacitor 0.3369384359400998 0.2893794749403341 0.051580698835274545 0.06563245823389022
port 0.502495840266223 0.9779236276849642 0.033277870216306155 0.022673031026252982
capacitor 0.33610648918469216 0.6700477326968973 0.04991680532445923 0.06324582338902147
diode 0.6813643926788685 0.38365155131264916 0.064891846921797 0.05369928400954654
port 0.07570715474209651 0.4809069212410501 0.03161397670549085 0.02386634844868735
current 0.5016638935108153 0.4821002386634845 0.1048252911813644 0.09785202863961814