gnd 0.11074918566775244 0.9546632124352331 0.06840390879478828 0.05958549222797927
resistor 0.7638436482084691 0.6658031088082902 0.05863192182410423 0.14507772020725387
port 0.7255700325732899 0.8380829015544041 0.02768729641693811 0.04922279792746114
port 0.8102605863192183 0.8419689119170984 0.02768729641693811 0.05181347150259067
port 0.9413680781758957 0.5012953367875648 0.026058631921824105 0.04922279792746114
port 0.9397394136807817 0.7007772020725389 0.026058631921824105 0.04922279792746114
gnd 0.9381107491856677 0.8354922279792746 0.06840390879478828 0.05958549222797927
vdd 0.5439739413680782 0.16580310880829016 0.10097719869706841 0.06735751295336788
resistor 0.255700325732899 0.38341968911917096 0.09771986970684039 0.09844559585492228
npn 0.5187296416938111 0.3795336787564767 0.0732899022801303 0.24611398963730569
voltage 0.11237785016286644 0.5479274611398963 0.09446254071661238 0.14766839378238342
voltage-lines 0.11074918566775244 0.7953367875647669 0.08794788273615635 0.09844559585492228