resistor 0.7933823529411764 0.3455056179775281 0.054411764705882354 0.15730337078651685
gnd 0.7955882352941176 0.9367977528089888 0.061764705882352944 0.06460674157303371
resistor 0.7933823529411764 0.7303370786516854 0.054411764705882354 0.15730337078651685
current 0.625 0.3609550561797753 0.08529411764705883 0.1601123595505618
current 0.052941176470588235 0.3553370786516854 0.08529411764705883 0.1601123595505618
gnd 0.05 0.5828651685393258 0.061764705882352944 0.06460674157303371
resistor 0.4536764705882353 0.351123595505618 0.054411764705882354 0.15730337078651685
gnd 0.9470588235294117 0.25702247191011235 0.061764705882352944 0.06460674157303371
port 0.9522058823529411 0.5421348314606742 0.025 0.056179775280898875
gnd 0.24705882352941178 0.5800561797752809 0.061764705882352944 0.06460674157303371
gnd 0.9485294117647058 0.9311797752808989 0.061764705882352944 0.06460674157303371
port 0.9470588235294117 0.7626404494382022 0.023529411764705882 0.05337078651685393
port 0.25 0.38342696629213485 0.023529411764705882 0.05337078651685393