gnd 0.6131687242798354 0.09528487229862476 0.05761316872427984 0.04518664047151277
port 0.967764060356653 0.8644400785854617 0.023319615912208505 0.03929273084479371
port 0.03909465020576132 0.8654223968565815 0.023319615912208505 0.03732809430255403
gnd 0.9643347050754458 0.9656188605108055 0.05761316872427984 0.04518664047151277
gnd 0.04526748971193416 0.9656188605108055 0.05761316872427984 0.04518664047151277
gnd 0.4060356652949246 0.9774066797642437 0.05761316872427984 0.04518664047151277
resistor 0.5164609053497943 0.18467583497053044 0.05075445816186557 0.1100196463654224
resistor 0.8292181069958847 0.5618860510805501 0.05075445816186557 0.1100196463654224
resistor 0.29766803840877915 0.5618860510805501 0.04938271604938271 0.1100196463654224
resistor 0.4053497942386831 0.8290766208251473 0.05075445816186557 0.1100196463654224
port 0.967764060356653 0.43418467583497056 0.023319615912208505 0.03929273084479371
port 0.04252400548696845 0.4381139489194499 0.02194787379972565 0.03929273084479371
current 0.5212620027434842 0.5707269155206287 0.07956104252400549 0.11198428290766209