resistor 0.6622002820874471 0.16381766381766383 0.05782792665726375 0.08547008547008547
port 0.4097320169252468 0.3611111111111111 0.023977433004231313 0.027065527065527065
port 0.8053596614950634 0.36538461538461536 0.022566995768688293 0.027065527065527065
gnd 0.4083215796897038 0.43803418803418803 0.07475317348377997 0.04700854700854701
gnd 0.811706629055007 0.43447293447293445 0.07475317348377997 0.04843304843304843
vdd 0.6622002820874471 0.07407407407407407 0.04936530324400564 0.037037037037037035
vdd 0.2623413258110014 0.07407407407407407 0.05077574047954866 0.037037037037037035
port 0.806064880112835 0.2613960113960114 0.023977433004231313 0.027065527065527065
port 0.5070521861777151 0.9337606837606838 0.023977433004231313 0.027065527065527065
port 0.41819464033850495 0.9344729344729344 0.023977433004231313 0.02849002849002849
resistor 0.2644569816643159 0.16524216524216523 0.05782792665726375 0.08547008547008547
resistor 0.5634696755994358 0.7464387464387464 0.05782792665726375 0.08547008547008547
voltage 0.8801128349788434 0.6253561253561254 0.076163610719323 0.07692307692307693
voltage 0.05077574047954866 0.6267806267806267 0.076163610719323 0.07692307692307693
gnd 0.05077574047954866 0.801994301994302 0.05923836389280677 0.039886039886039885
gnd 0.8787023977433004 0.801994301994302 0.05923836389280677 0.039886039886039885
current 0.3688293370944993 0.7443019943019943 0.07757404795486601 0.07834757834757834
npn 0.6847672778561354 0.5185185185185185 0.08885754583921016 0.1396011396011396
npn 0.2383638928067701 0.5284900284900285 0.08744710860366714 0.1396011396011396
port 0.40691114245416077 0.26282051282051283 0.023977433004231313 0.027065527065527065