resistor 0.2871222076215506 0.17164179104477612 0.05387647831800263 0.08955223880597014
voltage 0.8948751642575559 0.5268656716417911 0.07095926412614981 0.08059701492537313
voltage 0.04730617608409987 0.5223880597014925 0.07095926412614981 0.08059701492537313
current 0.4763469119579501 0.8126865671641791 0.07227332457293036 0.08208955223880597
port 0.4211563731931669 0.2783582089552239 0.022339027595269383 0.028358208955223882
port 0.511826544021025 0.2738805970149254 0.022339027595269383 0.028358208955223882
gnd 0.8961892247043364 0.7082089552238806 0.05519053876478318 0.04029850746268657
gnd 0.04336399474375821 0.7119402985074627 0.05519053876478318 0.041791044776119404
vdd 0.2864651773981603 0.08059701492537313 0.04730617608409987 0.03880597014925373
vdd 0.6609724047306176 0.07164179104477612 0.04730617608409987 0.03880597014925373
resistor 0.28580814717477004 0.5850746268656717 0.05387647831800263 0.08955223880597014
resistor 0.6563731931668857 0.5843283582089552 0.05387647831800263 0.09104477611940298
port 0.5131406044678055 0.9261194029850747 0.022339027595269383 0.028358208955223882
port 0.42772667542706966 0.9216417910447762 0.022339027595269383 0.028358208955223882
npn 0.6780551905387647 0.417910447761194 0.08147174770039421 0.14626865671641792
resistor 0.6550591327201051 0.17761194029850746 0.05387647831800263 0.08955223880597014
npn 0.2680683311432326 0.4141791044776119 0.08147174770039421 0.14477611940298507