current 0.6138487680543755 0.5038387715930902 0.04672897196261682 0.10556621880998081
gnd 0.6907391673746814 0.1295585412667946 0.0356839422259983 0.05182341650671785
port 0.4243840271877655 0.42514395393474086 0.014443500424808835 0.036468330134357005
port 0.6847918436703483 0.42322456813819576 0.013593882752761258 0.036468330134357005
gnd 0.27697536108751064 0.1324376199616123 0.0356839422259983 0.053742802303262956
gnd 0.06711979609175871 0.7159309021113244 0.0356839422259983 0.053742802303262956
gnd 0.9116397621070518 0.710172744721689 0.0356839422259983 0.053742802303262956
gnd 0.4800339847068819 0.9712092130518234 0.0356839422259983 0.053742802303262956
voltage 0.06711979609175871 0.5719769673704415 0.045879354290569246 0.1036468330134357
voltage 0.9124893797790994 0.564299424184261 0.045879354290569246 0.1036468330134357
current 0.3521665250637213 0.5076775431861804 0.04672897196261682 0.10556621880998081
resistor 0.47875955819881055 0.8234165067178503 0.034834324553950725 0.11516314779270634
resistor 0.1822429906542056 0.5690978886756238 0.034834324553950725 0.11708253358925144
resistor 0.34791843670348344 0.15547024952015356 0.034834324553950725 0.11516314779270634
resistor 0.6112999150382328 0.15355086372360843 0.034834324553950725 0.11516314779270634
port 0.6860662701784197 0.2907869481765835 0.014443500424808835 0.036468330134357005
port 0.4243840271877655 0.2907869481765835 0.014443500424808835 0.036468330134357005
resistor 0.7956669498725574 0.5681381957773513 0.034834324553950725 0.11516314779270634
gnd 0.4256584536958369 0.5095969289827256 0.0356839422259983 0.05182341650671785
gnd 0.6856414613423959 0.5067178502879078 0.0356839422259983 0.053742802303262956