resistor 0.7791327913279132 0.40789473684210525 0.037037037037037035 0.12348178137651822
resistor 0.33739837398373984 0.18218623481781376 0.037037037037037035 0.1214574898785425
resistor 0.1991869918699187 0.40384615384615385 0.037037037037037035 0.12348178137651822
current 0.3392050587172538 0.4018218623481781 0.04968383017163505 0.11133603238866396
current 0.6183378500451672 0.4018218623481781 0.04968383017163505 0.11133603238866396
voltage 0.9051490514905149 0.4068825910931174 0.04878048780487805 0.10931174089068826
voltage 0.07046070460704607 0.39878542510121456 0.04878048780487805 0.10931174089068826
resistor 0.476513098464318 0.7388663967611336 0.037037037037037035 0.1214574898785425
gnd 0.6964769647696477 0.15587044534412955 0.037940379403794036 0.05668016194331984
gnd 0.4182475158084914 0.15688259109311742 0.037940379403794036 0.05465587044534413
gnd 0.06775067750677506 0.5566801619433198 0.037940379403794036 0.05668016194331984
gnd 0.47696476964769646 0.97165991902834 0.037940379403794036 0.05668016194331984
gnd 0.9060523938572719 0.548582995951417 0.037940379403794036 0.05668016194331984
resistor 0.6174345076784101 0.18319838056680163 0.037037037037037035 0.12348178137651822