port 0.9296610169491526 0.8709055876685935 0.0288135593220339 0.03468208092485549
npn 0.652542372881356 0.38246628131021193 0.08813559322033898 0.18304431599229287
npn 0.3474576271186441 0.2996146435452794 0.08813559322033898 0.18304431599229287
resistor 0.3864406779661017 0.5404624277456648 0.061016949152542375 0.10597302504816955
resistor 0.6796610169491526 0.8217726396917149 0.061016949152542375 0.10597302504816955
voltage-lines 0.06779661016949153 0.5924855491329479 0.09152542372881356 0.07129094412331406
voltage 0.06525423728813559 0.4094412331406551 0.09322033898305085 0.10597302504816955
port 0.7330508474576272 0.10308285163776493 0.01864406779661017 0.02119460500963391
port 0.6262711864406779 0.10115606936416185 0.01864406779661017 0.02119460500963391
port 0.9279661016949152 0.684971098265896 0.0288135593220339 0.03275529865125241
gnd 0.6822033898305084 0.964354527938343 0.06949152542372881 0.04431599229287091
gnd 0.06864406779661017 0.708092485549133 0.06949152542372881 0.04431599229287091
gnd 0.9279661016949152 0.9682080924855492 0.06949152542372881 0.04431599229287091