port 0.9521345407503234 0.3411854103343465 0.02328589909443726 0.025835866261398176
port 0.03428201811125485 0.2887537993920973 0.02199223803363519 0.02735562310030395
vdd 0.3693402328589909 0.07750759878419453 0.045278137128072445 0.03951367781155015
current 0.370633893919793 0.18617021276595744 0.07632600258732213 0.08054711246200608
npn 0.38939197930142305 0.4430091185410334 0.06727037516170763 0.14437689969604864
npn 0.6908150064683053 0.44148936170212766 0.06727037516170763 0.14437689969604864
npn 0.6830530401034929 0.7469604863221885 0.06727037516170763 0.14437689969604864
npn 0.38809831824062097 0.7591185410334347 0.06727037516170763 0.14437689969604864
gnd 0.5349288486416559 0.9718844984802432 0.05304010349288486 0.034954407294832825
port 0.032988357050452784 0.9027355623100304 0.02199223803363519 0.02735562310030395
port 0.9521345407503234 0.9027355623100304 0.02328589909443726 0.02735562310030395
port 0.7056921086675291 0.25 0.02199223803363519 0.025835866261398176