port 0.9756838905775076 0.3269230769230769 0.02735562310030395 0.038461538461538464
gnd 0.5357142857142857 0.07126696832579185 0.06231003039513678 0.05203619909502263
gnd 0.4521276595744681 0.9649321266968326 0.06231003039513678 0.05203619909502263
current 0.5349544072948328 0.4581447963800905 0.0851063829787234 0.1244343891402715
current 0.5319148936170213 0.21153846153846154 0.0851063829787234 0.1244343891402715
current 0.1717325227963526 0.7319004524886877 0.0851063829787234 0.1244343891402715
resistor 0.44832826747720367 0.7364253393665159 0.0547112462006079 0.1244343891402715
resistor 0.3601823708206687 0.4423076923076923 0.0547112462006079 0.1244343891402715
port 0.9810030395136778 0.8789592760180995 0.025835866261398176 0.038461538461538464
resistor 0.07142857142857142 0.7296380090497737 0.0547112462006079 0.1244343891402715
resistor 0.8419452887537994 0.4468325791855204 0.0547112462006079 0.1244343891402715