port 0.06304347826086956 0.8924802110817942 0.02463768115942029 0.022427440633245383
port 0.9253623188405797 0.5171503957783641 0.02463768115942029 0.023746701846965697
port 0.06159420289855073 0.6339050131926122 0.02463768115942029 0.022427440633245383
gnd 0.060144927536231886 0.3529023746701847 0.059420289855072465 0.030343007915567283
gnd 0.7094202898550724 0.07849604221635884 0.059420289855072465 0.030343007915567283
gnd 0.5949275362318841 0.9729551451187335 0.059420289855072465 0.030343007915567283
resistor 0.8579710144927536 0.2974934036939314 0.05217391304347826 0.07255936675461741
resistor 0.3347826086956522 0.300131926121372 0.05217391304347826 0.07255936675461741
resistor 0.336231884057971 0.7618733509234829 0.05217391304347826 0.07255936675461741
resistor 0.7420289855072464 0.7592348284960422 0.05217391304347826 0.07255936675461741
current 0.5942028985507246 0.7605540897097626 0.08115942028985507 0.07255936675461741
current 0.5927536231884057 0.30145118733509235 0.08115942028985507 0.07255936675461741
gnd 0.9253623188405797 0.9729551451187335 0.059420289855072465 0.030343007915567283
gnd 0.0644927536231884 0.9729551451187335 0.059420289855072465 0.030343007915567283
port 0.9231884057971015 0.8898416886543535 0.02608695652173913 0.022427440633245383