gnd 0.44037940379403795 0.07162534435261708 0.037037037037037035 0.027548209366391185
voltage 0.9345076784101174 0.7327823691460055 0.04968383017163505 0.07713498622589532
voltage 0.06820234869015357 0.7382920110192838 0.04968383017163505 0.07713498622589532
current 0.25700090334236675 0.7348484848484849 0.051490514905149054 0.07575757575757576
current 0.7556458897922312 0.7307162534435262 0.051490514905149054 0.07575757575757576
current 0.6499548328816621 0.2527548209366391 0.051490514905149054 0.07575757575757576
resistor 0.2529358626919603 0.24311294765840222 0.032520325203252036 0.07575757575757576
resistor 0.8292682926829268 0.7320936639118457 0.032520325203252036 0.07575757575757576
resistor 0.6485998193315267 0.7334710743801653 0.032520325203252036 0.07575757575757576
resistor 0.16892502258355918 0.7307162534435262 0.032520325203252036 0.07575757575757576
resistor 0.3721770551038844 0.7293388429752066 0.032520325203252036 0.07575757575757576
resistor 0.45076784101174344 0.9028925619834711 0.032520325203252036 0.07575757575757576
gnd 0.450316169828365 0.9807162534435262 0.037037037037037035 0.027548209366391185
gnd 0.06820234869015357 0.8319559228650137 0.037037037037037035 0.027548209366391185
gnd 0.9336043360433605 0.8319559228650137 0.037037037037037035 0.027548209366391185
gnd 0.9372177055103884 0.44077134986225897 0.037037037037037035 0.027548209366391185