nmos 0.6833872707659115 0.5358931552587646 0.061488673139158574 0.11352253756260434
nmos 0.081445523193096 0.6636060100166945 0.061488673139158574 0.11519198664440734
nmos 0.2745415318230852 0.6636060100166945 0.061488673139158574 0.11519198664440734
nmos 0.4622437971952535 0.66110183639399 0.061488673139158574 0.11352253756260434
vdd 0.8985976267529665 0.08597662771285476 0.032362459546925564 0.05509181969949917
vdd 0.7103559870550162 0.07929883138564274 0.03344120819848975 0.05509181969949917
vdd 0.44228694714131606 0.08430717863105175 0.032362459546925564 0.05509181969949917
pmos 0.2702265372168285 0.19616026711185308 0.06364617044228695 0.11519198664440734
pmos 0.8737864077669902 0.19616026711185308 0.06472491909385113 0.11519198664440734
nmos 0.8743257820927723 0.6602671118530885 0.061488673139158574 0.11519198664440734
cross-line-curved 0.4401294498381877 0.3105175292153589 0.038834951456310676 0.04006677796327212
cross-line-curved 0.3651564185544768 0.3121869782971619 0.037756202804746494 0.04006677796327212
cross-line-curved 0.2459546925566343 0.31385642737896496 0.038834951456310676 0.04006677796327212
cross-line-curved 0.44228694714131606 0.8005008347245409 0.038834951456310676 0.041736227045075125
resistor 0.709277238403452 0.7813021702838063 0.039913700107874865 0.09348914858096828
pmos 0.6833872707659115 0.19616026711185308 0.06364617044228695 0.11519198664440734
pmos 0.4627831715210356 0.19782971619365608 0.06472491909385113 0.11519198664440734
port 0.9007551240560949 0.32387312186978295 0.019417475728155338 0.03005008347245409
port 0.9288025889967637 0.8989983305509182 0.019417475728155338 0.028380634390651086
port 0.8980582524271845 0.5258764607679466 0.018338727076591153 0.03005008347245409
gnd 0.7087378640776699 0.9666110183639399 0.045307443365695796 0.04006677796327212