pnp 0.17282321899736147 0.7649700598802395 0.07387862796833773 0.1467065868263473
port 0.579155672823219 0.8944610778443114 0.023746701846965697 0.025449101796407185
gnd 0.36213720316622694 0.9708083832335329 0.05408970976253298 0.0344311377245509
pmos 0.8383905013192612 0.18338323353293412 0.07783641160949868 0.10329341317365269
pmos 0.5032981530343008 0.18338323353293412 0.07783641160949868 0.10329341317365269
pmos 0.2170184696569921 0.18038922155688622 0.07783641160949868 0.10329341317365269
nmos 0.22229551451187335 0.5808383233532934 0.07519788918205805 0.10179640718562874
nmos 0.4967018469656992 0.5823353293413174 0.07519788918205805 0.10179640718562874
resistor 0.5329815303430079 0.7365269461077845 0.047493403693931395 0.08383233532934131
port 0.8720316622691293 0.31961077844311375 0.023746701846965697 0.025449101796407185
vdd 0.19195250659630606 0.08308383233532934 0.040897097625329816 0.03143712574850299
vdd 0.8700527704485488 0.07784431137724551 0.040897097625329816 0.03293413173652695
vdd 0.5277044854881267 0.08308383233532934 0.0395778364116095 0.03143712574850299
port 0.027704485488126648 0.8974550898203593 0.023746701846965697 0.025449101796407185