port 0.017543859649122806 0.9343649946638207 0.024291497975708502 0.01814300960512273
gnd 0.35560053981106615 0.983991462113127 0.0553306342780027 0.025613660618996798
pnp 0.15654520917678813 0.8132337246531484 0.07557354925775979 0.10458911419423693
pnp 0.5465587044534413 0.8217716115261473 0.07557354925775979 0.10458911419423693
resistor 0.529689608636977 0.6862326574172892 0.04993252361673414 0.05976520811099253
nmos 0.21997300944669365 0.5736392742796158 0.07557354925775979 0.0736392742796158
nmos 0.49865047233468285 0.5720384204909285 0.07692307692307693 0.07257203842049093
nmos 0.49460188933873145 0.4242262540021345 0.07692307692307693 0.0736392742796158
nmos 0.21997300944669365 0.4252934898612593 0.07557354925775979 0.0736392742796158
pmos 0.4973009446693657 0.12753468516542155 0.07692307692307693 0.06937033084311633
pmos 0.2165991902834008 0.12753468516542155 0.07692307692307693 0.06937033084311633
pmos 0.21929824561403508 0.27801494130202775 0.07692307692307693 0.06937033084311633
pmos 0.4959514170040486 0.2737459978655283 0.07692307692307693 0.06937033084311633
pmos 0.8360323886639676 0.27694770544290287 0.07692307692307693 0.06937033084311633
pmos 0.840080971659919 0.1264674493062967 0.07692307692307693 0.06937033084311633
vdd 0.5310391363022942 0.056029882604055496 0.04183535762483131 0.022411953041622197
vdd 0.868421052631579 0.056029882604055496 0.04183535762483131 0.022411953041622197
vdd 0.18353576248313092 0.05816435432230523 0.04048582995951417 0.022411953041622197
port 0.868421052631579 0.3863393810032017 0.022941970310391364 0.0192102454642476
port 0.7017543859649122 0.9348986125933831 0.024291497975708502 0.0192102454642476