port 0.9069940476190477 0.9178343949044586 0.025297619047619048 0.02165605095541401
port 0.03869047619047619 0.35477707006369424 0.026785714285714284 0.02165605095541401
resistor 0.5453869047619048 0.44203821656050957 0.05505952380952381 0.07133757961783439
resistor 0.1949404761904762 0.4445859872611465 0.05357142857142857 0.07133757961783439
current 0.8169642857142857 0.16178343949044585 0.08630952380952381 0.07133757961783439
vdd 0.5944940476190477 0.08789808917197452 0.052083333333333336 0.033121019108280254
vdd 0.8139880952380952 0.08789808917197452 0.05357142857142857 0.033121019108280254
port 0.9099702380952381 0.3554140127388535 0.025297619047619048 0.022929936305732482
npn 0.5215773809523809 0.6636942675159235 0.07886904761904762 0.11464968152866242
npn 0.7931547619047619 0.5401273885350318 0.08333333333333333 0.12484076433121019
npn 0.625 0.2356687898089172 0.08333333333333333 0.12484076433121019
npn 0.21800595238095238 0.6700636942675159 0.07886904761904762 0.11464968152866242
port 0.03869047619047619 0.9159235668789809 0.026785714285714284 0.022929936305732482
cross-line-curved 0.8162202380952381 0.3490445859872611 0.049107142857142856 0.02802547770700637
resistor 0.5461309523809523 0.824203821656051 0.05357142857142857 0.07133757961783439
gnd 0.6800595238095238 0.9770700636942675 0.0625 0.030573248407643312