port 0.020581113801452784 0.9332977588046958 0.01694915254237288 0.01814300960512273
port 0.8833736884584342 0.9343649946638207 0.01694915254237288 0.01814300960512273
port 0.8535108958837773 0.47705442902881534 0.01694915254237288 0.017075773745997867
gnd 0.45883777239709445 0.9829242262540021 0.03470540758676352 0.029882604055496264
pnp 0.10492332526230831 0.8228388473852721 0.04519774011299435 0.11099252934898612
pnp 0.3333333333333333 0.8228388473852721 0.04519774011299435 0.11099252934898612
pnp 0.5403551251008878 0.8185699039487727 0.04600484261501211 0.11099252934898612
single-end-amp 0.7389023405972559 0.6013874066168623 0.07990314769975787 0.11419423692636073
resistor 0.8535108958837773 0.8100320170757738 0.02986279257465698 0.05976520811099253
resistor 0.3228410008071025 0.687299893276414 0.029055690072639227 0.05976520811099253
resistor 0.5266343825665859 0.6862326574172892 0.02986279257465698 0.05976520811099253
vdd 0.1234866828087167 0.056029882604055496 0.02744148506860371 0.0288153681963714
vdd 0.5230024213075061 0.059231590181430094 0.02744148506860371 0.0288153681963714
vdd 0.321226795803067 0.061899679829242264 0.02744148506860371 0.02774813233724653
nmos 0.8349475383373689 0.5992529348986126 0.05084745762711865 0.06937033084311633
nmos 0.30548829701372077 0.5683030949839915 0.05084745762711865 0.06937033084311633
nmos 0.13236481033091202 0.5693703308431163 0.0516545601291364 0.06937033084311633
pmos 0.13155770782889428 0.12753468516542155 0.0516545601291364 0.06937033084311633
pmos 0.30548829701372077 0.12753468516542155 0.052461662631154156 0.06937033084311633
nmos 0.1343825665859564 0.4242262540021345 0.05084745762711865 0.06937033084311633
pmos 0.5092816787732042 0.12540021344717184 0.0516545601291364 0.06937033084311633
nmos 0.3030669895076675 0.4242262540021345 0.05084745762711865 0.06937033084311633
pmos 0.3026634382566586 0.2726787620064034 0.0516545601291364 0.06937033084311633
pmos 0.5076674737691687 0.275880469583778 0.0516545601291364 0.06937033084311633
pmos 0.13236481033091202 0.27481323372465316 0.0516545601291364 0.06937033084311633