npn 0.13755458515283842 0.7035647279549718 0.08296943231441048 0.18386491557223264
port 0.7285298398835517 0.3808630393996248 0.024745269286754003 0.03377110694183865
npn 0.5596797671033479 0.6923076923076923 0.08296943231441048 0.18386491557223264
npn 0.7023289665211062 0.6866791744840526 0.08296943231441048 0.18386491557223264
npn 0.8362445414847162 0.6848030018761726 0.08296943231441048 0.18386491557223264
vdd 0.11572052401746726 0.0975609756097561 0.050946142649199416 0.04878048780487805
port 0.9556040756914119 0.8902439024390244 0.024745269286754003 0.03189493433395872
port 0.9585152838427947 0.49530956848030017 0.024745269286754003 0.03377110694183865
resistor 0.11426491994177583 0.26172607879924953 0.053857350800582245 0.10694183864915573
gnd 0.19141193595342068 0.9784240150093808 0.05967976710334789 0.043151969981238276
gnd 0.7285298398835517 0.9765478424015009 0.05967976710334789 0.043151969981238276
npn 0.28748180494905384 0.6969981238273921 0.08296943231441048 0.18574108818011256