resistor 0.33948339483394835 0.5430839002267573 0.05904059040590406 0.1383219954648526
pnp 0.3145756457564576 0.7970521541950113 0.06457564575645756 0.15192743764172337
gnd 0.33948339483394835 0.9727891156462585 0.07011070110701106 0.04081632653061224
single-end-amp 0.683579335793358 0.35374149659863946 0.22324723247232472 0.2675736961451247
port 0.6964944649446494 0.20975056689342403 0.027675276752767528 0.03854875283446712
pnp 0.11162361623616236 0.7913832199546486 0.06457564575645756 0.15873015873015872
port 0.9169741697416974 0.9217687074829932 0.02952029520295203 0.03854875283446712
resistor 0.13376383763837638 0.16326530612244897 0.06088560885608856 0.1360544217687075
cross-line-curved 0.3404059040590406 0.41156462585034015 0.03136531365313653 0.024943310657596373
port 0.915129151291513 0.3526077097505669 0.02952029520295203 0.03854875283446712
resistor 0.3385608856088561 0.1621315192743764 0.06088560885608856 0.1383219954648526
voltage 0.47878228782287824 0.2891156462585034 0.1014760147601476 0.12018140589569161