gnd 0.256011315417256 0.5320610687022901 0.0594059405940594 0.035114503816793895
resistor 0.3564356435643564 0.5282442748091603 0.05091937765205092 0.08549618320610687
resistor 0.35855728429985856 0.8030534351145038 0.05233380480905234 0.08549618320610687
resistor 0.5898161244695899 0.8045801526717558 0.05091937765205092 0.08549618320610687
resistor 0.9123055162659123 0.565648854961832 0.05091937765205092 0.08702290076335878
gnd 0.9087694483734088 0.7061068702290076 0.05799151343705799 0.035114503816793895
vdd 0.5876944837340877 0.08702290076335878 0.04950495049504951 0.03969465648854962
port 0.10678925035360678 0.3564885496183206 0.021216407355021217 0.025954198473282442
gnd 0.1074964639321075 0.45267175572519086 0.0594059405940594 0.035114503816793895
diode 0.3564356435643564 0.6870229007633588 0.05091937765205092 0.051908396946564885
port 0.29349363507779347 0.9320610687022901 0.021216407355021217 0.025954198473282442
port 0.6471004243281471 0.9320610687022901 0.021216407355021217 0.025954198473282442
port 0.10678925035360678 0.26106870229007634 0.021216407355021217 0.02748091603053435
npn 0.5678925035360679 0.616793893129771 0.08062234794908062 0.13129770992366413
npn 0.5693069306930693 0.2595419847328244 0.08062234794908062 0.13129770992366413