resistor 0.8902439024390244 0.6245791245791246 0.06941838649155722 0.09427609427609428
port 0.5656660412757973 0.9183501683501684 0.03189493433395872 0.03198653198653199
port 0.40619136960600377 0.914983164983165 0.03189493433395872 0.03198653198653199
gnd 0.8902439024390244 0.7769360269360269 0.07692307692307693 0.03872053872053872
npn 0.4634146341463415 0.32491582491582494 0.10881801125703565 0.1447811447811448
current 0.2448405253283302 0.20622895622895623 0.10318949343339587 0.09595959595959595
port 0.08161350844277673 0.0968013468013468 0.03189493433395872 0.03198653198653199
port 0.07223264540337711 0.7702020202020202 0.039399624765478425 0.02861952861952862
port 0.9183864915572233 0.09511784511784512 0.03189493433395872 0.03198653198653199
port 0.07223264540337711 0.6877104377104377 0.03189493433395872 0.03198653198653199
gnd 0.07223264540337711 0.8392255892255892 0.07692307692307693 0.03872053872053872
pnp 0.4549718574108818 0.6835016835016835 0.10694183864915573 0.1447811447811448
diode 0.24390243902439024 0.4377104377104377 0.0675422138836773 0.05723905723905724
diode 0.24390243902439024 0.5547138047138047 0.0675422138836773 0.058922558922558925