resistor 0.9239130434782609 0.5780386740331491 0.04891304347826087 0.07596685082872928
npn 0.6066576086956522 0.35842541436464087 0.06657608695652174 0.13121546961325967
pnp 0.6100543478260869 0.6070441988950276 0.07880434782608696 0.12016574585635359
resistor 0.2391304347826087 0.21132596685082872 0.04891304347826087 0.07734806629834254
npn 0.2139945652173913 0.7658839779005525 0.06657608695652174 0.13121546961325967
gnd 0.9211956521739131 0.7037292817679558 0.057065217391304345 0.031767955801104975
port 0.7452445652173914 0.9261049723756906 0.02309782608695652 0.026243093922651933
port 0.050951086956521736 0.9261049723756906 0.02309782608695652 0.026243093922651933
port 0.04823369565217391 0.768646408839779 0.02309782608695652 0.026243093922651933
port 0.17323369565217392 0.07113259668508287 0.02309782608695652 0.026243093922651933
port 0.8648097826086957 0.06975138121546962 0.02309782608695652 0.026243093922651933