pmos 0.7419354838709677 0.1887966804979253 0.07741935483870968 0.0954356846473029
port 0.921505376344086 0.9190871369294605 0.02795698924731183 0.024896265560165973
gnd 0.46559139784946235 0.9740663900414938 0.07096774193548387 0.03941908713692946
resistor 0.7752688172043011 0.5570539419087137 0.05806451612903226 0.10580912863070539
pmos 0.4978494623655914 0.1887966804979253 0.07526881720430108 0.0954356846473029
port 0.9387096774193548 0.4854771784232365 0.02795698924731183 0.029045643153526972
gnd 0.9204301075268817 0.975103734439834 0.06881720430107527 0.03734439834024896
npn 0.4881720430107527 0.7313278008298755 0.06881720430107527 0.12240663900414937
pmos 0.4989247311827957 0.3381742738589212 0.07741935483870968 0.0954356846473029
npn 0.7505376344086021 0.7313278008298755 0.06451612903225806 0.12240663900414937
pmos 0.7408602150537634 0.3360995850622407 0.07526881720430108 0.0954356846473029
voltage-lines 0.310752688172043 0.22302904564315354 0.07956989247311828 0.06431535269709543
resistor 0.46881720430107526 0.8807053941908713 0.060215053763440864 0.10995850622406639
gnd 0.7731182795698924 0.9740663900414938 0.07096774193548387 0.035269709543568464
cross-line-curved 0.6204301075268818 0.3350622406639004 0.023655913978494623 0.01867219917012448
vdd 0.46774193548387094 0.0912863070539419 0.023655913978494623 0.024896265560165973