npn 0.6331557922769641 0.7828854314002829 0.06524633821571238 0.13437057991513437
resistor 0.9254327563249002 0.5884016973125884 0.047936085219707054 0.07920792079207921
resistor 0.10918774966711052 0.32531824611032534 0.047936085219707054 0.07920792079207921
gnd 0.1085219707057257 0.43422913719943423 0.05459387483355526 0.033946251768033946
port 0.9221038615179761 0.08132956152758133 0.022636484687083888 0.026874115983026876
port 0.021970705725699067 0.08415841584158416 0.022636484687083888 0.026874115983026876
diode 0.10719041278295606 0.16195190947666196 0.04660452729693742 0.04950495049504951
diode 0.31158455392809586 0.49787835926449786 0.047936085219707054 0.04809052333804809
diode 0.6564580559254327 0.5671852899575672 0.047936085219707054 0.04809052333804809
port 0.19906790945406125 0.7842998585572843 0.022636484687083888 0.026874115983026876
port 0.013981358189081226 0.92998585572843 0.022636484687083888 0.026874115983026876
port 0.9274300932090546 0.9292786421499293 0.022636484687083888 0.02545968882602546
gnd 0.9254327563249002 0.6831683168316832 0.0559254327563249 0.033946251768033946
pnp 0.2956058588548602 0.23055162659123055 0.07723035952063914 0.12164073550212164
npn 0.6344873501997337 0.3613861386138614 0.06524633821571238 0.13437057991513437