port 0.037122969837587005 0.9324487334137516 0.018561484918793503 0.019300361881785282
resistor 0.10904872389791183 0.2943305186972256 0.04176334106728538 0.06755126658624849
gnd 0.935614849187935 0.6574185765983113 0.04756380510440835 0.028950542822677925
diode 0.30974477958236657 0.5922798552472859 0.04176334106728538 0.04101326899879373
port 0.9489559164733179 0.9360675512665863 0.018561484918793503 0.019300361881785282
port 0.10672853828306264 0.7889022919179735 0.018561484918793503 0.019300361881785282
port 0.018561484918793503 0.06031363088057901 0.018561484918793503 0.019300361881785282
port 0.9454756380510441 0.06031363088057901 0.018561484918793503 0.019300361881785282
pnp 0.2923433874709977 0.20566948130277443 0.06728538283062645 0.10494571773220748
diode 0.30974477958236657 0.46139927623642946 0.04176334106728538 0.04221954161640531
diode 0.10788863109048724 0.1411338962605549 0.04176334106728538 0.04101326899879373
gnd 0.1136890951276102 0.4149577804583836 0.048723897911832945 0.028950542822677925
pnp 0.49013921113689096 0.729794933655006 0.06612529002320186 0.1037394451145959
npn 0.6676334106728539 0.7919179734620024 0.0568445475638051 0.11459589867310012
npn 0.2906032482598608 0.7967430639324488 0.0568445475638051 0.11459589867310012
npn 0.6664733178654292 0.3335343787696019 0.0568445475638051 0.11459589867310012
resistor 0.9361948955916474 0.5464414957780458 0.04176334106728538 0.06755126658624849