diode 0.3081805359661495 0.3648363252375924 0.04936530324400564 0.03695881731784583
pnp 0.7270803949224259 0.7624076029567054 0.08039492242595205 0.0908130939809926
pnp 0.28702397743300423 0.16684266103484688 0.08039492242595205 0.0908130939809926
diode 0.30888575458392104 0.4350580781414995 0.05077574047954866 0.03590285110876452
resistor 0.7447108603667136 0.4625131995776135 0.05077574047954866 0.059134107708553325
resistor 0.7475317348377997 0.6441393875395988 0.05077574047954866 0.059134107708553325
resistor 0.9111424541607899 0.6441393875395988 0.05077574047954866 0.059134107708553325
gnd 0.9104372355430184 0.7317845828933475 0.05782792665726375 0.025343189017951427
pnp 0.28843441466854725 0.8521647307286166 0.08039492242595205 0.0908130939809926
port 0.25105782792665726 0.054910242872228086 0.022566995768688293 0.01689545934530095
port 0.8081805359661495 0.05385427666314678 0.022566995768688293 0.01689545934530095
port 0.12411847672778561 0.1689545934530095 0.022566995768688293 0.01689545934530095
port 0.12411847672778561 0.8511087645195353 0.022566995768688293 0.01689545934530095
port 0.12834978843441466 0.9472016895459345 0.022566995768688293 0.01689545934530095
port 0.8067700987306065 0.9482576557550159 0.022566995768688293 0.01689545934530095
npn 0.7214386459802539 0.2845828933474129 0.0691114245416079 0.1003167898627244
npn 0.5719322990126939 0.3996832101372756 0.0691114245416079 0.1003167898627244