gnd 0.07870837537840565 0.6690821256038647 0.04238143289606458 0.037037037037037035
vdd 0.7921291624621595 0.09178743961352658 0.034308779011099896 0.03864734299516908
port 0.08072653884964683 0.9259259259259259 0.016145307769929364 0.02576489533011272
vdd 0.3773965691220989 0.08856682769726248 0.034308779011099896 0.03864734299516908
vdd 0.20282542885973764 0.08695652173913043 0.03632694248234107 0.03864734299516908
port 0.8304742684157417 0.9227053140096618 0.016145307769929364 0.02576489533011272
port 0.07870837537840565 0.8035426731078905 0.016145307769929364 0.02576489533011272
port 0.08274470232088799 0.21578099838969403 0.016145307769929364 0.02576489533011272
port 0.08173562058526741 0.48470209339774556 0.016145307769929364 0.02576489533011272
gnd 0.9460141271442987 0.7544283413848631 0.04137235116044399 0.037037037037037035
resistor 0.9455095862764884 0.6312399355877617 0.03632694248234107 0.09017713365539452
cross-line-curved 0.37184661957618564 0.4806763285024155 0.039354187689202826 0.043478260869565216
cross-line-curved 0.43693239152371344 0.5265700483091788 0.03834510595358224 0.04508856682769726
voltage 0.5116044399596368 0.7206119162640902 0.056508577194752774 0.09822866344605476
voltage 0.5095862764883956 0.2890499194847021 0.056508577194752774 0.09822866344605476
nmos 0.7679112008072654 0.6513687600644122 0.060544904137235116 0.10789049919484701
nmos 0.3546922300706357 0.3743961352657005 0.05953582240161453 0.10789049919484701
nmos 0.22754793138244198 0.3776167471819646 0.05953582240161453 0.10789049919484701
nmos 0.17759838546922302 0.8059581320450886 0.060544904137235116 0.10789049919484701
pmos 0.22401614530776992 0.6288244766505636 0.060544904137235116 0.10789049919484701
pmos 0.3511604439959637 0.6368760064412239 0.060544904137235116 0.10789049919484701
pmos 0.17759838546922302 0.21497584541062803 0.060544904137235116 0.10789049919484701
pmos 0.768920282542886 0.34541062801932365 0.060544904137235116 0.10789049919484701
single-end-amp 0.6342078708375378 0.6545893719806763 0.11402623612512613 0.20450885668276972
single-end-amp 0.6357214934409687 0.34863123993558776 0.11503531786074672 0.20450885668276972
port 0.07870837537840565 0.6119162640901772 0.016145307769929364 0.02576489533011272