nmos 0.18293991416309013 0.5938511326860841 0.0611587982832618 0.10679611650485436
vdd 0.6282188841201717 0.07928802588996764 0.02467811158798283 0.038834951456310676
port 0.9747854077253219 0.7702265372168284 0.018240343347639486 0.025889967637540454
port 0.050965665236051505 0.7605177993527508 0.018240343347639486 0.025889967637540454
gnd 0.05203862660944206 0.8381877022653722 0.046137339055793994 0.038834951456310676
port 0.050965665236051505 0.5970873786407767 0.018240343347639486 0.025889967637540454
port 0.9812231759656652 0.6003236245954693 0.018240343347639486 0.025889967637540454
port 0.4050429184549356 0.9336569579288025 0.018240343347639486 0.025889967637540454
port 0.3374463519313305 0.9288025889967637 0.018240343347639486 0.025889967637540454
nmos 0.5488197424892703 0.6003236245954693 0.0611587982832618 0.10679611650485436
pmos 0.4957081545064378 0.25161812297734626 0.06437768240343347 0.10841423948220065
pmos 0.23605150214592274 0.2532362459546926 0.06437768240343347 0.10841423948220065
current 0.6266094420600858 0.22896440129449838 0.055793991416309016 0.09870550161812297
current 0.1072961373390558 0.2297734627831715 0.05793991416309013 0.0970873786407767
current 0.3642703862660944 0.8179611650485437 0.059012875536480686 0.10517799352750809
pmos 0.8610515021459227 0.4587378640776699 0.06330472103004292 0.10841423948220065
cross-line-curved 0.5209227467811158 0.45792880258899676 0.04184549356223176 0.045307443365695796
vdd 0.20708154506437768 0.08818770226537216 0.02575107296137339 0.040453074433656956
vdd 0.10300429184549356 0.08737864077669903 0.02575107296137339 0.038834951456310676
vdd 0.5241416309012875 0.08414239482200647 0.02467811158798283 0.038834951456310676
vdd 0.884656652360515 0.08333333333333333 0.02467811158798283 0.040453074433656956
gnd 0.9726394849785408 0.8236245954692557 0.046137339055793994 0.038834951456310676