port 0.9518867924528301 0.9173553719008265 0.024528301886792454 0.024793388429752067
cross-line-curved 0.4877358490566038 0.3347107438016529 0.020754716981132074 0.01652892561983471
diode 0.6226415094339622 0.893595041322314 0.06037735849056604 0.03925619834710744
nmos 0.38113207547169814 0.6652892561983471 0.06792452830188679 0.09504132231404959
nmos 0.5943396226415094 0.6652892561983471 0.06792452830188679 0.09504132231404959
gnd 0.8028301886792453 0.9710743801652892 0.062264150943396226 0.0371900826446281
pmos 0.5933962264150944 0.3357438016528926 0.06981132075471698 0.09710743801652892
pmos 0.38113207547169814 0.3357438016528926 0.06792452830188679 0.09710743801652892
gnd 0.35377358490566035 0.9710743801652892 0.062264150943396226 0.04132231404958678
voltage-lines 0.2632075471698113 0.22210743801652894 0.06981132075471698 0.06818181818181818
pmos 0.5943396226415094 0.1890495867768595 0.06792452830188679 0.09710743801652892
diode 0.8028301886792453 0.8450413223140496 0.05849056603773585 0.04132231404958678
pmos 0.7745283018867924 0.18698347107438015 0.06981132075471698 0.09297520661157024
resistor 0.8028301886792453 0.7024793388429752 0.0509433962264151 0.1115702479338843
port 0.9471698113207547 0.5330578512396694 0.026415094339622643 0.028925619834710745
pmos 0.7735849056603774 0.3347107438016529 0.06792452830188679 0.09504132231404959
pmos 0.38113207547169814 0.18801652892561985 0.06792452830188679 0.09504132231404959
diode 0.35283018867924526 0.8088842975206612 0.06037735849056604 0.03925619834710744
gnd 0.6216981132075472 0.9710743801652892 0.05849056603773585 0.0371900826446281
gnd 0.9518867924528301 0.9721074380165289 0.062264150943396226 0.03512396694214876
resistor 0.6226415094339622 0.7861570247933884 0.052830188679245285 0.11363636363636363
vdd 0.6216981132075472 0.09504132231404959 0.020754716981132074 0.024793388429752067
vdd 0.35 0.09090909090909091 0.020754716981132074 0.024793388429752067