port 0.017973856209150325 0.9448909299655568 0.018518518518518517 0.018369690011481057
current 0.07952069716775599 0.42996555683122845 0.06318082788671024 0.06544202066590127
voltage 0.3937908496732026 0.7893226176808267 0.06209150326797386 0.06544202066590127
gnd 0.9330065359477124 0.6923076923076923 0.046840958605664486 0.027554535017221583
gnd 0.3937908496732026 0.8610792192881745 0.046840958605664486 0.027554535017221583
gnd 0.07788671023965142 0.5109070034443168 0.046840958605664486 0.027554535017221583
gnd 0.23474945533769062 0.43283582089552236 0.046840958605664486 0.027554535017221583
port 0.01906318082788671 0.0642939150401837 0.018518518518518517 0.018369690011481057
resistor 0.08061002178649238 0.13662456946039037 0.0392156862745098 0.0642939150401837
resistor 0.394880174291939 0.13432835820895522 0.03812636165577342 0.0642939150401837
resistor 0.3954248366013072 0.6647531572904707 0.0392156862745098 0.0642939150401837
resistor 0.6928104575163399 0.8679678530424799 0.0392156862745098 0.0642939150401837
resistor 0.9389978213507625 0.6073478760045924 0.0392156862745098 0.0642939150401837
npn 0.5087145969498911 0.5987370838117106 0.04793028322440087 0.10677382319173363
npn 0.7995642701525054 0.8008036739380023 0.04793028322440087 0.10677382319173363
npn 0.673202614379085 0.38920780711825487 0.04793028322440087 0.10562571756601608
port 0.7380174291938998 0.06544202066590127 0.018518518518518517 0.018369690011481057
pnp 0.3747276688453159 0.25947187141216993 0.04793028322440087 0.10562571756601608
pmos 0.21296296296296297 0.3530424799081516 0.06862745098039216 0.07233065442020666
pmos 0.3720043572984749 0.5206659012629162 0.06862745098039216 0.07233065442020666
pnp 0.09749455337690632 0.2606199770378875 0.049019607843137254 0.10562571756601608
pmos 0.6688453159041394 0.7238805970149254 0.06753812636165578 0.07233065442020666