gnd 0.03882725832012678 0.5042662116040956 0.061806656101426306 0.03583617747440273
gnd 0.7060221870047544 0.507679180887372 0.061806656101426306 0.03583617747440273
port 0.9595879556259905 0.439419795221843 0.020602218700475437 0.02218430034129693
port 0.9595879556259905 0.6356655290102389 0.020602218700475437 0.02218430034129693
port 0.8454833597464342 0.9325938566552902 0.020602218700475437 0.02218430034129693
port 0.1386687797147385 0.9325938566552902 0.020602218700475437 0.02218430034129693
vdd 0.3613312202852615 0.0674061433447099 0.08240887480190175 0.032423208191126277
gnd 0.9247226624405706 0.12372013651877133 0.061806656101426306 0.03583617747440273
resistor 0.8145800316957211 0.18686006825938567 0.05388272583201268 0.08703071672354949
resistor 0.3629160063391442 0.18686006825938567 0.05388272583201268 0.08703071672354949
pmos 0.5879556259904913 0.44283276450511944 0.08557844690966719 0.1075085324232082
pmos 0.15213946117274169 0.44283276450511944 0.08557844690966719 0.1075085324232082
nmos 0.2202852614896989 0.7969283276450512 0.08557844690966719 0.10580204778156997
nmos 0.5229793977812995 0.7969283276450512 0.08557844690966719 0.10580204778156997
nmos 0.7765451664025357 0.7952218430034129 0.08557844690966719 0.10580204778156997
gnd 0.9580031695721077 0.7158703071672355 0.061806656101426306 0.03583617747440273
gnd 0.5570522979397782 0.9863481228668942 0.061806656101426306 0.027303754266211604