gnd 0.2458079268292683 0.5901001112347052 0.03125 0.025583982202447165
gnd 0.4035823170731707 0.5889877641824249 0.03125 0.025583982202447165
gnd 0.2381859756097561 0.37652947719688545 0.03125 0.025583982202447165
gnd 0.13071646341463414 0.1885428253615128 0.03125 0.025583982202447165
gnd 0.024009146341463415 0.3743047830923248 0.03125 0.025583982202447165
gnd 0.32926829268292684 0.027808676307007785 0.03201219512195122 0.024471635150166853
gnd 0.48666158536585363 0.027808676307007785 0.03125 0.024471635150166853
pmos 0.6909298780487805 0.3604004449388209 0.04649390243902439 0.07563959955506118
pmos 0.8323170731707317 0.39154616240266965 0.04573170731707317 0.07563959955506118
pmos 0.8323170731707317 0.25917686318131256 0.04573170731707317 0.07563959955506118
pmos 0.4721798780487805 0.27474972191323693 0.04649390243902439 0.07563959955506118
pmos 0.4725609756097561 0.12013348164627363 0.04573170731707317 0.07563959955506118
pmos 0.3433689024390244 0.11902113459399333 0.04649390243902439 0.07563959955506118
cross-line-curved 0.32621951219512196 0.6312569521690767 0.03048780487804878 0.034482758620689655
voltage 0.946265243902439 0.5255839822024472 0.040396341463414635 0.06117908787541713
voltage 0.5895579268292683 0.46162402669632924 0.040396341463414635 0.06229143492769744
nmos 0.8307926829268293 0.7130144605116796 0.04573170731707317 0.07563959955506118
nmos 0.833079268292683 0.5528364849833148 0.04573170731707317 0.07563959955506118
nmos 0.4737042682926829 0.8209121245828699 0.04649390243902439 0.07563959955506118
nmos 0.3128810975609756 0.8231368186874305 0.04649390243902439 0.07563959955506118
nmos 0.4717987804878049 0.5494994438264739 0.04573170731707317 0.07563959955506118
nmos 0.31440548780487804 0.5472747497219133 0.04649390243902439 0.07563959955506118
pmos 0.06745426829268293 0.3331479421579533 0.04649390243902439 0.07452725250278086
pmos 0.19588414634146342 0.3348164627363737 0.04573170731707317 0.07563959955506118
pmos 0.34260670731707316 0.27474972191323693 0.04649390243902439 0.07563959955506118
gnd 0.8475609756097561 0.19410456062291434 0.03201219512195122 0.025583982202447165
gnd 0.7785823170731707 0.3031145717463849 0.03125 0.025583982202447165
gnd 0.6741615853658537 0.289210233592881 0.03125 0.024471635150166853
gnd 0.7439024390243902 0.40155728587319245 0.03201219512195122 0.024471635150166853
gnd 0.7816310975609756 0.43659621802002224 0.03125 0.025583982202447165
gnd 0.7808689024390244 0.5912124582869855 0.03125 0.025583982202447165
gnd 0.9470274390243902 0.585650723025584 0.03125 0.025583982202447165
gnd 0.8471798780487805 0.7847608453837598 0.03125 0.025583982202447165
gnd 0.7793445121951219 0.7547274749721913 0.03125 0.025583982202447165
gnd 0.5903201219512195 0.5255839822024472 0.03125 0.025583982202447165
gnd 0.48589939024390244 0.9182424916573971 0.03125 0.025583982202447165
gnd 0.40472560975609756 0.8620689655172413 0.03201219512195122 0.024471635150166853
gnd 0.3273628048780488 0.9165739710789766 0.03125 0.024471635150166853
gnd 0.24657012195121952 0.8626251390433816 0.03125 0.025583982202447165