pnp 0.2444933920704846 0.5279146141215106 0.10572687224669604 0.1330049261083744
port 0.11784140969162996 0.5221674876847291 0.03303964757709251 0.026272577996715927
port 0.7522026431718062 0.20853858784893267 0.03303964757709251 0.026272577996715927
port 0.9041850220264317 0.5221674876847291 0.03303964757709251 0.026272577996715927
pnp 0.788546255506608 0.5270935960591133 0.10572687224669604 0.13136288998357964
pnp 0.5495594713656388 0.2110016420361248 0.10792951541850221 0.1330049261083744
port 0.5803964757709251 0.09523809523809523 0.03303964757709251 0.026272577996715927
port 0.4460352422907489 0.09688013136288999 0.03303964757709251 0.026272577996715927
npn 0.32268722466960353 0.80623973727422 0.09911894273127753 0.13464696223316913
npn 0.7004405286343612 0.8111658456486043 0.09691629955947137 0.13464696223316913
port 0.8094713656387665 0.9195402298850575 0.03303964757709251 0.026272577996715927
port 0.21255506607929514 0.922824302134647 0.03303964757709251 0.026272577996715927