resistor 0.7753036437246964 0.18740031897926634 0.06882591093117409 0.09409888357256778
port 0.30870445344129555 0.07496012759170653 0.03441295546558704 0.028708133971291867
resistor 0.35526315789473684 0.18740031897926634 0.0708502024291498 0.09409888357256778
resistor 0.7742914979757085 0.8046251993620415 0.0708502024291498 0.09409888357256778
pnp 0.3734817813765182 0.3333333333333333 0.09109311740890688 0.13078149920255183
pnp 0.7540485829959515 0.3365231259968102 0.09109311740890688 0.13078149920255183
npn 0.7540485829959515 0.671451355661882 0.09109311740890688 0.13078149920255183
npn 0.3856275303643725 0.6682615629984051 0.09109311740890688 0.13078149920255183
port 0.8178137651821862 0.9106858054226475 0.03643724696356275 0.028708133971291867
port 0.3117408906882591 0.916267942583732 0.03643724696356275 0.030303030303030304
port 0.2074898785425101 0.6578947368421053 0.03441295546558704 0.030303030303030304
port 0.20951417004048584 0.3293460925039872 0.03441295546558704 0.030303030303030304
port 0.8147773279352226 0.07496012759170653 0.03441295546558704 0.028708133971291867