cross-line-curved 0.8124519600307456 0.32280701754385965 0.03689469638739431 0.02631578947368421
cross-line-curved 0.8124519600307456 0.38333333333333336 0.03689469638739431 0.02631578947368421
cross-line-curved 0.42121445042275174 0.387719298245614 0.03689469638739431 0.02631578947368421
cross-line-curved 0.3212913143735588 0.38859649122807016 0.03689469638739431 0.02631578947368421
cross-line-curved 0.4196771714066103 0.506140350877193 0.03689469638739431 0.02631578947368421
cross-line-curved 0.32436587240584164 0.8254385964912281 0.03689469638739431 0.02631578947368421
port 0.9773251345119139 0.506578947368421 0.013066871637202153 0.016666666666666666
port 0.9342813220599538 0.04473684210526316 0.013066871637202153 0.015789473684210527
port 0.10876249039200615 0.04912280701754386 0.013066871637202153 0.015789473684210527
port 0.08378170637970792 0.26228070175438595 0.013835511145272867 0.015789473684210527
port 0.180630284396618 0.3894736842105263 0.013835511145272867 0.015789473684210527
port 0.11029976940814758 0.9578947368421052 0.013066871637202153 0.015789473684210527
port 0.931206764027671 0.9596491228070175 0.013066871637202153 0.015789473684210527
port 0.6594926979246734 0.7649122807017544 0.013835511145272867 0.015789473684210527
npn 0.8036126056879324 0.6938596491228071 0.034588777863182166 0.07192982456140351
npn 0.9073789392774788 0.6903508771929825 0.034588777863182166 0.07192982456140351
npn 0.6883166794773251 0.7662280701754386 0.034588777863182166 0.07280701754385965
npn 0.6944657955418908 0.6333333333333333 0.034588777863182166 0.07192982456140351
npn 0.36933128362797846 0.7701754385964912 0.034588777863182166 0.07192982456140351
npn 0.22252113758647193 0.7662280701754386 0.034588777863182166 0.07280701754385965
npn 0.1372021521906226 0.7701754385964912 0.034588777863182166 0.07192982456140351
npn 0.2202152190622598 0.393859649122807 0.034588777863182166 0.07192982456140351
pnp 0.8589546502690238 0.6337719298245614 0.04996156802459646 0.035964912280701755
pnp 0.8597232897770946 0.3785087719298246 0.045349730976172176 0.03245614035087719
pnp 0.9069946195234435 0.3280701754385965 0.033820138355111454 0.07192982456140351
pnp 0.7667179093005381 0.21929824561403508 0.034588777863182166 0.07192982456140351
pnp 0.4081475787855496 0.32894736842105265 0.033820138355111454 0.07192982456140351
pnp 0.313989239046887 0.5114035087719299 0.034588777863182166 0.07192982456140351
pnp 0.12029208301306688 0.26666666666666666 0.034588777863182166 0.07192982456140351
resistor 0.41852421214450425 0.8934210526315789 0.026902382782475018 0.05175438596491228
resistor 0.22867025365103766 0.8951754385964912 0.026902382782475018 0.05175438596491228
resistor 0.1256725595695619 0.8960526315789473 0.026902382782475018 0.05175438596491228
resistor 0.8124519600307456 0.8960526315789473 0.026133743274404306 0.05175438596491228
resistor 0.12490392006149116 0.10833333333333334 0.02997694081475788 0.05701754385964912
resistor 0.3239815526518063 0.11052631578947368 0.02997694081475788 0.056140350877192984
resistor 0.8136049192928516 0.11008771929824561 0.02997694081475788 0.05701754385964912
resistor 0.5222905457340508 0.4486842105263158 0.04688700999231361 0.034210526315789476
resistor 0.5211375864719446 0.5675438596491228 0.04611837048424289 0.03333333333333333
capacitor 0.610684089162183 0.4482456140350877 0.0207532667179093 0.0456140350877193
capacitor 0.3662567255956956 0.5087719298245614 0.0207532667179093 0.0456140350877193
capacitor 0.6114527286702537 0.5679824561403509 0.0207532667179093 0.04649122807017544
capacitor 0.727901614142967 0.5684210526315789 0.0415065334358186 0.02631578947368421
cross-line-curved 0.8124519600307456 0.5035087719298246 0.03689469638739431 0.02631578947368421
cross-line-curved 0.808608762490392 0.6192982456140351 0.03689469638739431 0.02631578947368421
cross-line-curved 0.6994619523443505 0.5052631578947369 0.03689469638739431 0.02631578947368421
cross-line-curved 0.7002305918524212 0.387719298245614 0.03689469638739431 0.02631578947368421
cross-line-curved 0.7017678708685626 0.3219298245614035 0.03689469638739431 0.02631578947368421