cross-line-curved 0.23181049069373943 0.6412078152753108 0.04060913705583756 0.02664298401420959
port 0.077834179357022 0.7522202486678508 0.015228426395939087 0.015985790408525755
port 0.07741116751269035 0.6465364120781527 0.014382402707275803 0.015985790408525755
port 0.10279187817258884 0.047957371225577264 0.014382402707275803 0.015985790408525755
port 0.8409475465313029 0.050621669626998225 0.015228426395939087 0.015985790408525755
port 0.8752115059221658 0.2633214920071048 0.014382402707275803 0.016873889875666074
port 0.8769035532994924 0.32460035523978686 0.014382402707275803 0.016873889875666074
port 0.5989847715736041 0.4928952042628774 0.015228426395939087 0.015985790408525755
port 0.5397631133671743 0.49644760213143874 0.015228426395939087 0.015985790408525755
port 0.10617597292724196 0.9564831261101243 0.014382402707275803 0.015985790408525755
port 0.881979695431472 0.9529307282415631 0.014382402707275803 0.015985790408525755
port 0.9082064297800339 0.7633214920071048 0.014382402707275803 0.016873889875666074
port 0.9098984771573604 0.6882770870337478 0.014382402707275803 0.015985790408525755
cross-line-curved 0.12436548223350254 0.6429840142095915 0.04060913705583756 0.02664298401420959
resistor 0.821912013536379 0.1127886323268206 0.03299492385786802 0.056838365896980464
resistor 0.7009306260575296 0.11412078152753108 0.03299492385786802 0.05772646536412078
resistor 0.34560067681895096 0.11767317939609236 0.03299492385786802 0.05772646536412078
resistor 0.2356175972927242 0.11500888099467141 0.03299492385786802 0.05772646536412078
resistor 0.12055837563451777 0.11500888099467141 0.03299492385786802 0.05772646536412078
resistor 0.5397631133671743 0.6025754884547069 0.032148900169204735 0.05772646536412078
resistor 0.6015228426395939 0.6079040852575488 0.032148900169204735 0.05772646536412078
resistor 0.7009306260575296 0.8920959147424512 0.03299492385786802 0.05772646536412078
pnp 0.21869712351945855 0.26287744227353466 0.03807106598984772 0.07282415630550622
pnp 0.1311336717428088 0.2673179396092362 0.03722504230118443 0.07282415630550622
pnp 0.36082910321489003 0.26287744227353466 0.03807106598984772 0.07282415630550622
pnp 0.7127749576988156 0.3268206039076377 0.03807106598984772 0.07282415630550622
pnp 0.8312182741116751 0.25488454706927177 0.03807106598984772 0.07282415630550622
pnp 0.8752115059221658 0.6909413854351687 0.03807106598984772 0.07282415630550622
pnp 0.7711505922165821 0.6909413854351687 0.03807106598984772 0.07282415630550622
npn 0.4272419627749577 0.6052397868561279 0.03722504230118443 0.07371225577264653
npn 0.33375634517766495 0.7557726465364121 0.03807106598984772 0.07282415630550622
npn 0.24492385786802032 0.7531083481349912 0.03807106598984772 0.07282415630550622
npn 0.10744500846023688 0.7557726465364121 0.03722504230118443 0.07282415630550622
npn 0.5799492385786802 0.7717584369449378 0.03807106598984772 0.07282415630550622
npn 0.689932318104907 0.7047069271758437 0.03807106598984772 0.07371225577264653
pnp 0.4259729272419628 0.7482238010657194 0.03807106598984772 0.07371225577264653
npn 0.612098138747885 0.5390763765541741 0.03807106598984772 0.07282415630550622
npn 0.5304568527918782 0.5386323268206039 0.03722504230118443 0.0630550621669627
cross-line-curved 0.8223350253807107 0.3206039076376554 0.04060913705583756 0.02664298401420959
cross-line-curved 0.6979695431472082 0.2566607460035524 0.04060913705583756 0.02664298401420959
cross-line-curved 0.8637901861252115 0.7602131438721137 0.04060913705583756 0.02664298401420959
cross-line-curved 0.7013536379018612 0.7624333925399644 0.04060913705583756 0.027531083481349913
cross-line-curved 0.7829949238578681 0.7593250444049734 0.04145516074450085 0.02664298401420959
cross-line-curved 0.7013536379018612 0.5319715808170515 0.04060913705583756 0.02664298401420959
cross-line-curved 0.34517766497461927 0.6403197158081705 0.04060913705583756 0.02664298401420959