port 0.7469278033794163 0.49029754204398446 0.013056835637480798 0.02328589909443726
port 0.92357910906298 0.2988357050452781 0.013056835637480798 0.02328589909443726
port 0.6931643625192012 0.5950840879689522 0.013056835637480798 0.02328589909443726
port 0.6182795698924731 0.5963777490297542 0.013824884792626729 0.02328589909443726
port 0.5679723502304147 0.5937904269081501 0.013056835637480798 0.02328589909443726
port 0.4915514592933948 0.5963777490297542 0.013824884792626729 0.02328589909443726
port 0.43740399385560674 0.4890038809831824 0.013056835637480798 0.02328589909443726
port 0.8917050691244239 0.9327296248382924 0.013824884792626729 0.02328589909443726
port 0.17012288786482335 0.9327296248382924 0.013056835637480798 0.02328589909443726
port 0.03571428571428571 0.4890038809831824 0.013056835637480798 0.02328589909443726
port 0.09024577572964669 0.3848641655886158 0.013056835637480798 0.02457956015523933
port 0.16589861751152074 0.3868046571798189 0.013824884792626729 0.02328589909443726
port 0.21927803379416283 0.3868046571798189 0.013056835637480798 0.02328589909443726
port 0.29185867895545314 0.3848641655886158 0.013824884792626729 0.02457956015523933
port 0.34639016897081415 0.4890038809831824 0.013824884792626729 0.02328589909443726
npn 0.22772657450076805 0.49029754204398446 0.03456221198156682 0.10608020698576973
npn 0.30376344086021506 0.4948253557567917 0.03456221198156682 0.10478654592496765
npn 0.15360983102918588 0.4922380336351876 0.03533026113671275 0.10478654592496765
npn 0.07795698924731183 0.4948253557567917 0.03456221198156682 0.10478654592496765
npn 0.804915514592934 0.704398447606727 0.03533026113671275 0.10478654592496765
npn 0.8809523809523809 0.7056921086675291 0.03533026113671275 0.10478654592496765
npn 0.20391705069124424 0.704398447606727 0.03456221198156682 0.10478654592496765
pnp 0.47887864823348697 0.49417852522639066 0.03456221198156682 0.10608020698576973
pnp 0.554147465437788 0.49417852522639066 0.03456221198156682 0.10608020698576973
pnp 0.6363287250384024 0.4909443725743855 0.03456221198156682 0.1073738680465718
pnp 0.7046850998463902 0.4909443725743855 0.03456221198156682 0.1073738680465718
pnp 0.8314132104454686 0.48771021992238034 0.03456221198156682 0.10608020698576973
pnp 0.881336405529954 0.3027166882276843 0.03456221198156682 0.10608020698576973
pnp 0.7046850998463902 0.3040103492884864 0.03456221198156682 0.10608020698576973
resistor 0.1923963133640553 0.8725743855109961 0.029953917050691243 0.08408796895213454
resistor 0.8198924731182796 0.8661060802069858 0.029953917050691243 0.08408796895213454
resistor 0.870583717357911 0.8725743855109961 0.029953917050691243 0.08408796895213454
resistor 0.8682795698924731 0.1313065976714101 0.029953917050691243 0.08408796895213454
resistor 0.6939324116743472 0.13001293661060803 0.029953917050691243 0.08408796895213454
port 0.8932411674347158 0.0685640362225097 0.013824884792626729 0.02328589909443726
port 0.6693548387096774 0.06727037516170763 0.013056835637480798 0.02328589909443726