gnd 0.2859054415700268 0.5938271604938271 0.0383586083853702 0.056790123456790124
resistor 0.5017841213202497 0.4728395061728395 0.03479036574487065 0.16049382716049382
resistor 0.28679750223015166 0.4703703703703704 0.03479036574487065 0.16049382716049382
resistor 0.17975022301516502 0.21604938271604937 0.03479036574487065 0.16049382716049382
resistor 0.39250669045495096 0.22592592592592592 0.03389830508474576 0.16049382716049382
gnd 0.5013380909901873 0.11975308641975309 0.039250669045495096 0.056790123456790124
gnd 0.34210526315789475 0.4740740740740741 0.0383586083853702 0.05925925925925926
gnd 0.11552185548617305 0.9209876543209876 0.0383586083853702 0.05925925925925926
gnd 0.8862622658340767 0.9234567901234568 0.0383586083853702 0.05925925925925926
voltage 0.11552185548617305 0.7814814814814814 0.04906333630686887 0.1308641975308642
voltage 0.8862622658340767 0.782716049382716 0.04906333630686887 0.13333333333333333
npn 0.16681534344335414 0.6777777777777778 0.04103479036574487 0.2
npn 0.3849241748438894 0.6901234567901234 0.04014272970561998 0.2
npn 0.6159678858162355 0.6777777777777778 0.04014272970561998 0.2
npn 0.8354148082069581 0.6901234567901234 0.04014272970561998 0.2
port 0.8438893844781445 0.04691358024691358 0.016057091882247992 0.044444444444444446
port 0.16101694915254236 0.04814814814814815 0.015165031222123104 0.04691358024691358
gnd 0.5008920606601249 0.5901234567901235 0.0383586083853702 0.05925925925925926