voltage-lines 0.9358407079646017 0.6207584830339321 0.09882005899705015 0.08383233532934131
resistor 0.5243362831858407 0.7774451097804391 0.05752212389380531 0.12974051896207583
port 0.7802359882005899 0.09780439121756487 0.02654867256637168 0.03592814371257485
port 0.01696165191740413 0.09580838323353294 0.025073746312684365 0.03592814371257485
port 0.4778761061946903 0.8782435129740519 0.02654867256637168 0.03592814371257485
port 0.9815634218289085 0.8762475049900199 0.025073746312684365 0.03592814371257485
cross-line-curved 0.523598820058997 0.5479041916167665 0.06489675516224189 0.0499001996007984
current 0.3185840707964602 0.42714570858283435 0.07964601769911504 0.10778443113772455
current 0.06563421828908554 0.42714570858283435 0.07817109144542773 0.10778443113772455
npn 0.5508849557522124 0.4301397205588822 0.06637168141592921 0.16167664670658682
npn 0.7551622418879056 0.4341317365269461 0.06784660766961652 0.16167664670658682
resistor 0.7293510324483776 0.7764471057884231 0.05752212389380531 0.1277445109780439