port 0.4597924773022049 0.9110294117647059 0.02204928664072633 0.027941176470588237
current 0.3132295719844358 0.55 0.06874189364461739 0.07941176470588235
resistor 0.5077821011673151 0.8272058823529411 0.05058365758754864 0.09558823529411764
resistor 0.7503242542153048 0.825735294117647 0.05058365758754864 0.09558823529411764
voltage-lines 0.9429312581063554 0.7029411764705882 0.08560311284046693 0.061764705882352944
cross-line-curved 0.5025940337224384 0.6477941176470589 0.06614785992217899 0.04264705882352941
current 0.5090791180285343 0.1801470588235294 0.06874189364461739 0.08088235294117647
current 0.7490272373540856 0.17794117647058824 0.06874189364461739 0.07941176470588235
port 0.027885862516212712 0.06911764705882353 0.02204928664072633 0.026470588235294117
port 0.7924773022049286 0.06911764705882353 0.023346303501945526 0.026470588235294117
port 0.9902723735408561 0.9066176470588235 0.019455252918287938 0.027941176470588237
npn 0.5350194552529183 0.5507352941176471 0.058365758754863814 0.11911764705882352
npn 0.7775616083009079 0.5507352941176471 0.058365758754863814 0.11911764705882352
current 0.07068741893644617 0.5514705882352942 0.06874189364461739 0.07941176470588235