current 0.42446709916589437 0.333011583011583 0.05004633920296571 0.10231660231660232
capacitor 0.4235403151065802 0.8243243243243243 0.024096385542168676 0.10038610038610038
capacitor 0.8790546802594995 0.5135135135135135 0.04911955514365153 0.04633204633204633
current 0.5792400370713624 0.33494208494208494 0.05004633920296571 0.10231660231660232
resistor 0.727062094531974 0.33204633204633205 0.03243744207599629 0.11969111969111969
port 0.5787766450417052 0.9092664092664092 0.013901760889712697 0.03088803088803089
port 0.42400370713623725 0.6621621621621622 0.013901760889712697 0.03088803088803089
capacitor 0.3443002780352178 0.15444015444015444 0.025023169601482854 0.10038610038610038
port 0.9545875810936052 0.1525096525096525 0.014828544949026877 0.03088803088803089
port 0.04911955514365153 0.1525096525096525 0.014828544949026877 0.03088803088803089
capacitor 0.5778498609823911 0.6640926640926641 0.04911955514365153 0.04633204633204633
capacitor 0.2710843373493976 0.3301158301158301 0.04911955514365153 0.04633204633204633