pnp 0.19760479041916168 0.1968365553602812 0.08383233532934131 0.13708260105448156
port 0.0688622754491018 0.6291739894551845 0.02694610778443114 0.03163444639718805
port 0.12874251497005987 0.9147627416520211 0.02694610778443114 0.033391915641476276
port 0.8158682634730539 0.9112478031634447 0.02694610778443114 0.033391915641476276
port 0.8832335329341318 0.6265377855887522 0.02694610778443114 0.033391915641476276
port 0.8832335329341318 0.19507908611599298 0.02694610778443114 0.03163444639718805
port 0.12874251497005987 0.08172231985940245 0.02694610778443114 0.033391915641476276
port 0.8143712574850299 0.07820738137082602 0.02694610778443114 0.033391915641476276
pnp 0.49925149700598803 0.19507908611599298 0.08532934131736528 0.13708260105448156
pnp 0.7889221556886228 0.19332161687170474 0.08383233532934131 0.13708260105448156
pnp 0.7919161676646707 0.6274165202108963 0.08383233532934131 0.13708260105448156
pnp 0.6467065868263473 0.5114235500878734 0.08383233532934131 0.13708260105448156
pnp 0.3023952095808383 0.5061511423550088 0.08383233532934131 0.13708260105448156
pnp 0.15119760479041916 0.6291739894551845 0.08383233532934131 0.13708260105448156
npn 0.34655688622754494 0.8022847100175747 0.07934131736526946 0.13884007029876977
npn 0.594311377245509 0.8066783831282952 0.08083832335329341 0.13708260105448156