resistor 0.8009516256938938 0.422874671340929 0.02696272799365583 0.04995617879053462
resistor 0.7997620935765266 0.09684487291849254 0.02775574940523394 0.04995617879053462
resistor 0.4004758128469469 0.7217353198948291 0.02696272799365583 0.04995617879053462
resistor 0.5249801744647106 0.8742331288343558 0.02696272799365583 0.04995617879053462
resistor 0.8469468675654243 0.7208588957055214 0.02696272799365583 0.04995617879053462
gnd 0.5666137985725614 0.4316389132340053 0.03251387787470262 0.018404907975460124
gnd 0.7997620935765266 0.5008764241893077 0.03251387787470262 0.018404907975460124
gnd 0.4262490087232355 0.4465381244522349 0.03251387787470262 0.018404907975460124
gnd 0.29540047581284695 0.4973707274320771 0.03251387787470262 0.018404907975460124
gnd 0.06106264869151467 0.42813321647677477 0.0317208564631245 0.018404907975460124
gnd 0.4254559873116574 0.28264680105170903 0.03251387787470262 0.018404907975460124
gnd 0.9314036478984933 0.28615249780893953 0.03251387787470262 0.018404907975460124
gnd 0.9310071371927042 0.4500438212094654 0.0317208564631245 0.018404907975460124
gnd 0.9210943695479777 0.06529360210341806 0.03251387787470262 0.018404907975460124
gnd 0.8465503568596352 0.8120070113935145 0.03251387787470262 0.018404907975460124
gnd 0.6237113402061856 0.9504820333041192 0.03251387787470262 0.018404907975460124
gnd 0.5253766851704996 0.9504820333041192 0.03251387787470262 0.018404907975460124
gnd 0.1542426645519429 0.8137598597721297 0.03251387787470262 0.018404907975460124
npn 0.2839016653449643 0.2567922874671341 0.045995241871530534 0.08238387379491674
gnd 0.4159397303727201 0.06091148115687993 0.03251387787470262 0.018404907975460124
port 0.42585249801744646 0.16652059596844873 0.014274385408406027 0.015775635407537247
port 0.4290245836637589 0.21954425942156003 0.014274385408406027 0.016652059596844872
port 0.9329896907216495 0.21779141104294478 0.01506740681998414 0.016652059596844872
port 0.9302141157811261 0.16958808063102543 0.014274385408406027 0.016652059596844872
capacitor 0.47700237906423476 0.7234881682734443 0.040444091990483745 0.021910604732690624
capacitor 0.42664551942902457 0.39176161262050835 0.041237113402061855 0.022787028921998246
capacitor 0.9325931800158604 0.39570552147239263 0.041237113402061855 0.021910604732690624
capacitor 0.5717684377478192 0.642418930762489 0.0190325138778747 0.04732690622261174
current 0.6736716891356067 0.7261174408413672 0.04361617763679619 0.04645048203330412
voltage 0.5678033306899286 0.34312007011393514 0.045995241871530534 0.04995617879053462
voltage 0.061855670103092786 0.3409290096406661 0.045995241871530534 0.05083260297984225
voltage 0.15305313243457574 0.7252410166520596 0.045995241871530534 0.04995617879053462
nmos 0.7831086439333862 0.2589833479404032 0.04837430610626487 0.060473269062226116
capacitor 0.6225218080888184 0.8773006134969326 0.041237113402061855 0.022787028921998246
resistor 0.18992862807295796 0.2581069237510955 0.046788263283108644 0.03242769500438212
resistor 0.6942902458366376 0.26117440841367223 0.046788263283108644 0.033304119193689745
resistor 0.32791435368754956 0.642418930762489 0.046788263283108644 0.033304119193689745
resistor 0.22878667724028548 0.6446099912357581 0.046788263283108644 0.03242769500438212
resistor 0.2950039651070579 0.0915863277826468 0.02696272799365583 0.04995617879053462
resistor 0.29540047581284695 0.4193689745836985 0.02775574940523394 0.04995617879053462