gnd 0.41005291005291006 0.06319514661274014 0.04338624338624339 0.021233569261880688
gnd 0.8947089947089947 0.06420626895854398 0.04338624338624339 0.021233569261880688
gnd 0.5666666666666667 0.3483316481294237 0.04338624338624339 0.021233569261880688
gnd 0.8142857142857143 0.4737108190091001 0.04338624338624339 0.021233569261880688
gnd 0.9603174603174603 0.4737108190091001 0.04338624338624339 0.021233569261880688
gnd 0.44497354497354497 0.4747219413549039 0.04338624338624339 0.021233569261880688
gnd 0.32857142857142857 0.4737108190091001 0.04338624338624339 0.021233569261880688
gnd 0.08095238095238096 0.3483316481294237 0.04338624338624339 0.021233569261880688
gnd 0.09153439153439154 0.8063700707785642 0.04338624338624339 0.021233569261880688
gnd 0.6661375661375661 0.9691607684529828 0.04338624338624339 0.021233569261880688
gnd 0.9507936507936507 0.6486349848331648 0.04338624338624339 0.021233569261880688
resistor 0.1873015873015873 0.15369059656218403 0.061375661375661375 0.03842264914054601
resistor 0.6714285714285714 0.15217391304347827 0.06243386243386243 0.03741152679474216
resistor 0.16507936507936508 0.5793731041456016 0.061375661375661375 0.03842264914054601
resistor 0.31164021164021166 0.5783619817997978 0.06243386243386243 0.03842264914054601
resistor 0.8148148148148148 0.37259858442871585 0.03597883597883598 0.057633973710819006
resistor 0.3296296296296296 0.3746208291203236 0.037037037037037035 0.057633973710819006
resistor 0.3873015873015873 0.69211324570273 0.03597883597883598 0.057633973710819006
resistor 0.6671957671957672 0.8913043478260869 0.037037037037037035 0.057633973710819006
port 0.9608465608465608 0.27856420626895856 0.01904761904761905 0.019211324570273004
port 0.9619047619047619 0.4352881698685541 0.01904761904761905 0.019211324570273004
port 0.4444444444444444 0.27856420626895856 0.01904761904761905 0.019211324570273004
current 0.7878306878306879 0.6895854398382204 0.0582010582010582 0.054600606673407485
voltage 0.08994708994708994 0.7062689585439839 0.061375661375661375 0.057633973710819006
voltage 0.0835978835978836 0.2487360970677452 0.061375661375661375 0.05864509605662285
voltage 0.5682539682539682 0.2462082912032356 0.061375661375661375 0.057633973710819006
port 0.44232804232804235 0.4362992922143579 0.01904761904761905 0.019211324570273004
capacitor 0.5534391534391534 0.6890798786653185 0.05502645502645503 0.025278058645096056
npn 0.31375661375661373 0.15015166835187058 0.06031746031746032 0.09403437815975733
nmos 0.792063492063492 0.1552072800808898 0.06455026455026455 0.06976744186046512