gnd 0.6977900552486188 0.8032994923857868 0.045303867403314914 0.0532994923857868
gnd 0.8337016574585635 0.800761421319797 0.045303867403314914 0.0532994923857868
port 0.9707182320441989 0.7576142131979695 0.01878453038674033 0.04314720812182741
nmos 0.6729281767955801 0.26649746192893403 0.06408839779005525 0.15736040609137056
port 0.9707182320441989 0.07233502538071065 0.01878453038674033 0.04314720812182741
nmos 0.3414364640883978 0.4733502538071066 0.06408839779005525 0.1598984771573604
voltage 0.07624309392265194 0.7119289340101523 0.06408839779005525 0.1446700507614213
resistor 0.2 0.4746192893401015 0.06408839779005525 0.09644670050761421
resistor 0.5066298342541437 0.5063451776649747 0.03867403314917127 0.1446700507614213
resistor 0.8342541436464088 0.4073604060913706 0.03756906077348066 0.1446700507614213
gnd 0.505524861878453 0.8032994923857868 0.045303867403314914 0.0532994923857868
gnd 0.3696132596685083 0.800761421319797 0.045303867403314914 0.0532994923857868
gnd 0.07513812154696133 0.9657360406091371 0.04419889502762431 0.0532994923857868