npn 0.3180291153415454 0.583743842364532 0.05375139977603583 0.11822660098522167
voltage 0.06382978723404255 0.7050492610837439 0.06494960806270997 0.07019704433497537
port 0.3057110862262038 0.058497536945812806 0.01791713325867861 0.020935960591133004
port 0.8225083986562151 0.05603448275862069 0.019036954087346025 0.020935960591133004
port 0.654535274356103 0.23830049261083744 0.019036954087346025 0.020935960591133004
port 0.4753639417693169 0.2395320197044335 0.019036954087346025 0.020935960591133004
port 0.30627099664053753 0.9427339901477833 0.019036954087346025 0.020935960591133004
port 0.8236282194848824 0.9415024630541872 0.019036954087346025 0.020935960591133004
resistor 0.9356103023516238 0.6816502463054187 0.03919372900335946 0.07019704433497537
resistor 0.5683090705487122 0.8245073891625616 0.03919372900335946 0.07019704433497537
resistor 0.5302351623740201 0.44519704433497537 0.03919372900335946 0.07019704433497537
resistor 0.7917133258678611 0.145935960591133 0.03807390817469205 0.07019704433497537
resistor 0.5313549832026876 0.14470443349753695 0.03919372900335946 0.07019704433497537
resistor 0.3381858902575588 0.14100985221674878 0.03807390817469205 0.07019704433497537
resistor 0.4339305711086226 0.7253694581280788 0.06606942889137737 0.046798029556650245
resistor 0.6791713325867861 0.7278325123152709 0.06606942889137737 0.046798029556650245
resistor 0.14613661814109744 0.5886699507389163 0.06606942889137737 0.046798029556650245
gnd 0.06326987681970885 0.8072660098522167 0.04591265397536394 0.02586206896551724
gnd 0.9356103023516238 0.8084975369458128 0.04591265397536394 0.02586206896551724
npn 0.3538633818589026 0.3380541871921182 0.05375139977603583 0.11699507389162561
npn 0.7726763717805151 0.34051724137931033 0.05375139977603583 0.11699507389162561
npn 0.8107502799552072 0.5979064039408867 0.05375139977603583 0.11699507389162561