pmos 0.330188679245283 0.2547043010752688 0.10062893081761007 0.08736559139784947
port 0.07861635220125786 0.5638440860215054 0.025157232704402517 0.0228494623655914
port 0.3577044025157233 0.9495967741935484 0.026729559748427674 0.0228494623655914
port 0.6878930817610063 0.946236559139785 0.026729559748427674 0.021505376344086023
port 0.9221698113207547 0.5625 0.026729559748427674 0.0228494623655914
port 0.8844339622641509 0.3864247311827957 0.026729559748427674 0.0228494623655914
nmos 0.7665094339622641 0.5625 0.09905660377358491 0.08736559139784947
nmos 0.27122641509433965 0.5645161290322581 0.09905660377358491 0.08602150537634409
pmos 0.6973270440251572 0.2560483870967742 0.09905660377358491 0.08736559139784947
vdd 0.7342767295597484 0.07526881720430108 0.04716981132075472 0.03763440860215054
vdd 0.3018867924528302 0.07190860215053764 0.04716981132075472 0.038978494623655914
current 0.5165094339622641 0.8514784946236559 0.08962264150943396 0.07661290322580645