gnd 0.3951292246520875 0.7051122194513716 0.040755467196819085 0.028678304239401497
nmos 0.12475149105367793 0.5174563591022444 0.06063618290258449 0.08478802992518704
vdd 0.0989065606361829 0.08042394014962594 0.03876739562624255 0.03615960099750624
vdd 0.5193836978131213 0.08354114713216958 0.05069582504970179 0.034912718204488775
vdd 0.15009940357852883 0.08104738154613467 0.041749502982107355 0.034912718204488775
vdd 0.8315109343936382 0.08042394014962594 0.036779324055666 0.028678304239401497
vdd 0.8757455268389662 0.0816708229426434 0.0437375745526839 0.026184538653366583
nmos 0.17047713717693838 0.18453865336658354 0.06063618290258449 0.08478802992518704
nmos 0.4995029821073559 0.5236907730673317 0.06262425447316103 0.08728179551122195
nmos 0.8106361829025845 0.6851620947630923 0.06262425447316103 0.0885286783042394
nmos 0.49353876739562624 0.8541147132169576 0.06262425447316103 0.08728179551122195
nmos 0.16650099403578528 0.8516209476309227 0.06262425447316103 0.08728179551122195
nmos 0.8066600397614314 0.18453865336658354 0.06063618290258449 0.08478802992518704
port 0.9622266401590457 0.5835411471321695 0.019880715705765408 0.022443890274314215
port 0.9652087475149106 0.7992518703241895 0.019880715705765408 0.022443890274314215
gnd 0.1466202783300199 0.9781795511221946 0.040755467196819085 0.028678304239401497
voltage 0.3951292246520875 0.6084788029925187 0.05864811133200795 0.07231920199501247
gnd 0.518389662027833 0.976932668329177 0.040755467196819085 0.028678304239401497
gnd 0.8295228628230616 0.9781795511221946 0.040755467196819085 0.028678304239401497
gnd 0.9627236580516899 0.976932668329177 0.040755467196819085 0.028678304239401497