nmos 0.6955922865013774 0.6695238095238095 0.07988980716253444 0.13904761904761906
gnd 0.5296143250688705 0.9723809523809523 0.07851239669421488 0.05523809523809524
nmos 0.4345730027548209 0.6695238095238095 0.07851239669421488 0.13904761904761906
port 0.40082644628099173 0.037142857142857144 0.024793388429752067 0.03619047619047619
nmos 0.43526170798898073 0.3933333333333333 0.07988980716253444 0.13904761904761906
port 0.9276859504132231 0.19047619047619047 0.028925619834710745 0.0419047619047619
nmos 0.696969696969697 0.3933333333333333 0.08264462809917356 0.13904761904761906
nmos 0.18457300275482094 0.3933333333333333 0.07988980716253444 0.13904761904761906
port 0.9290633608815427 0.8923809523809524 0.028925619834710745 0.04380952380952381
port 0.15289256198347106 0.03619047619047619 0.024793388429752067 0.03428571428571429
port 0.06955922865013774 0.8895238095238095 0.028925619834710745 0.030476190476190476