npn 0.23097112860892388 0.3384615384615385 0.045494313210848646 0.1675213675213675
resistor 0.6671041119860017 0.2982905982905983 0.03237095363079615 0.09401709401709402
resistor 0.9514435695538058 0.2247863247863248 0.03237095363079615 0.09401709401709402
resistor 0.3810148731408574 0.3769230769230769 0.03237095363079615 0.09401709401709402
resistor 0.24715660542432197 0.6128205128205129 0.03237095363079615 0.09401709401709402
resistor 0.8175853018372703 0.6128205128205129 0.03237095363079615 0.09401709401709402
gnd 0.531933508311461 0.4478632478632479 0.03849518810148731 0.041025641025641026
gnd 0.6649168853893264 0.4444444444444444 0.03849518810148731 0.041025641025641026
gnd 0.9501312335958005 0.37264957264957266 0.03849518810148731 0.041025641025641026
gnd 0.8188976377952756 0.9658119658119658 0.03849518810148731 0.041025641025641026
gnd 0.3805774278215223 0.5213675213675214 0.03849518810148731 0.041025641025641026
gnd 0.24759405074365703 0.9641025641025641 0.03849518810148731 0.041025641025641026
gnd 0.04111986001749781 0.6854700854700855 0.03849518810148731 0.041025641025641026
resistor 0.12773403324584426 0.34273504273504274 0.05074365704286964 0.06666666666666667
voltage 0.044181977252843396 0.4965811965811966 0.048118985126859144 0.09401709401709402
voltage 0.2489063867016623 0.8102564102564103 0.048118985126859144 0.09230769230769231
voltage 0.8202099737532809 0.8094017094017094 0.048118985126859144 0.09401709401709402
npn 0.8048993875765529 0.19316239316239317 0.045494313210848646 0.1675213675213675
npn 0.5170603674540682 0.2564102564102564 0.045494313210848646 0.1675213675213675