current 0.7306149732620321 0.3 0.07620320855614973 0.12643678160919541
gnd 0.9064171122994652 0.2206896551724138 0.058823529411764705 0.05517241379310345
gnd 0.6577540106951871 0.8494252873563218 0.058823529411764705 0.052873563218390804
gnd 0.0855614973262032 0.5333333333333333 0.058823529411764705 0.05517241379310345
resistor 0.660427807486631 0.6022988505747127 0.05080213903743316 0.13333333333333333
resistor 0.2339572192513369 0.14597701149425288 0.08021390374331551 0.0896551724137931
port 0.4405080213903743 0.4494252873563218 0.03074866310160428 0.04367816091954023
port 0.9204545454545454 0.4528735632183908 0.03074866310160428 0.04597701149425287
port 0.9258021390374331 0.7494252873563219 0.03074866310160428 0.04597701149425287
port 0.44184491978609625 0.7551724137931034 0.03074866310160428 0.04367816091954023
port 0.35561497326203206 0.14367816091954022 0.029411764705882353 0.04367816091954023
voltage 0.08823529411764706 0.34022988505747126 0.0748663101604278 0.13333333333333333