gnd 0.26583850931677017 0.7818181818181819 0.0546583850931677 0.05454545454545454
resistor 0.22795031055900622 0.14431818181818182 0.07329192546583851 0.08863636363636364
resistor 0.7055900621118012 0.5954545454545455 0.04720496894409938 0.1318181818181818
voltage 0.07950310559006211 0.33181818181818185 0.06956521739130435 0.1318181818181818
voltage 0.2683229813664596 0.6 0.06956521739130435 0.1318181818181818
current 0.7062111801242236 0.29545454545454547 0.07080745341614907 0.12727272727272726
port 0.9366459627329192 0.44431818181818183 0.02732919254658385 0.04318181818181818
port 0.9329192546583851 0.7375 0.02732919254658385 0.04318181818181818
port 0.34968944099378885 0.3306818181818182 0.02857142857142857 0.04318181818181818
port 0.34596273291925467 0.13977272727272727 0.02857142857142857 0.04318181818181818
gnd 0.8782608695652174 0.21818181818181817 0.0546583850931677 0.05454545454545454
gnd 0.7068322981366459 0.8295454545454546 0.0546583850931677 0.05454545454545454
gnd 0.08074534161490683 0.5181818181818182 0.0546583850931677 0.05454545454545454