gnd 0.4142857142857143 0.47874720357941836 0.03697478991596639 0.053691275167785234
gnd 0.18067226890756302 0.6778523489932886 0.03697478991596639 0.053691275167785234
npn 0.6945378151260504 0.34563758389261745 0.04285714285714286 0.203579418344519
npn 0.5449579831932773 0.15100671140939598 0.04285714285714286 0.203579418344519
npn 0.16554621848739495 0.24496644295302014 0.043697478991596636 0.203579418344519
resistor 0.9512605042016806 0.7695749440715883 0.031932773109243695 0.1297539149888143
port 0.7945378151260504 0.6185682326621924 0.019327731092436976 0.042505592841163314
gnd 0.9504201680672268 0.9574944071588367 0.03697478991596639 0.053691275167785234
resistor 0.17899159663865546 0.4899328859060403 0.031932773109243695 0.1297539149888143
resistor 0.4134453781512605 0.28859060402684567 0.031932773109243695 0.1297539149888143
resistor 0.561344537815126 0.46756152125279643 0.031932773109243695 0.1297539149888143
port 0.03571428571428571 0.24272930648769575 0.019327731092436976 0.042505592841163314
gnd 0.7941176470588235 0.3579418344519016 0.03697478991596639 0.053691275167785234
gnd 0.6470588235294118 0.16331096196868009 0.03697478991596639 0.053691275167785234