port 0.06830238726790451 0.4521857923497268 0.03050397877984085 0.05191256830601093
port 0.07758620689655173 0.8128415300546448 0.03050397877984085 0.05191256830601093
port 0.9820954907161804 0.44672131147540983 0.03050397877984085 0.05191256830601093
port 0.9860742705570292 0.8128415300546448 0.027851458885941646 0.05191256830601093
gnd 0.20424403183023873 0.9590163934426229 0.058355437665782495 0.06557377049180328
resistor 0.20822281167108753 0.6338797814207651 0.050397877984084884 0.15846994535519127
resistor 0.669761273209549 0.639344262295082 0.050397877984084884 0.15846994535519127
resistor 0.8554376657824934 0.6366120218579235 0.050397877984084884 0.15846994535519127
resistor 0.4297082228116711 0.16939890710382513 0.07957559681697612 0.1092896174863388
current 0.4383289124668435 0.6338797814207651 0.07559681697612732 0.15300546448087432
gnd 0.7599469496021221 0.9562841530054644 0.058355437665782495 0.06557377049180328