port 0.9582843713278496 0.6632329635499208 0.02702702702702703 0.030110935023771792
gnd 0.5898942420681551 0.7416798732171157 0.05170387779083431 0.03803486529318542
gnd 0.9600470035252644 0.7416798732171157 0.05170387779083431 0.03803486529318542
gnd 0.07403055229142186 0.6909667194928685 0.05170387779083431 0.03803486529318542
gnd 0.31609870740305523 0.7432646592709984 0.05170387779083431 0.03803486529318542
resistor 0.4018801410105758 0.5578446909667195 0.04465334900117509 0.0919175911251981
resistor 0.6615746180963572 0.4508716323296355 0.0681551116333725 0.06814580031695722
resistor 0.2009400705052879 0.4508716323296355 0.0681551116333725 0.06814580031695722
resistor 0.6257344300822562 0.098256735340729 0.06698002350176263 0.06973058637083994
voltage 0.0746180963572268 0.554675118858954 0.07403055229142186 0.0919175911251981
voltage 0.5940070505287897 0.554675118858954 0.07403055229142186 0.0919175911251981
port 0.9524089306698003 0.4548335974643423 0.02702702702702703 0.03169572107765452