nmos 0.2580952380952381 0.5369565217391304 0.11619047619047619 0.10579710144927536
current 0.21523809523809523 0.2536231884057971 0.13333333333333333 0.10434782608695652
port 0.9504761904761905 0.6427536231884058 0.022857142857142857 0.015942028985507246
gnd 0.44857142857142857 0.9782608695652174 0.10857142857142857 0.04057971014492753
nmos 0.700952380952381 0.7471014492753624 0.11428571428571428 0.10869565217391304
nmos 0.7028571428571428 0.5362318840579711 0.11428571428571428 0.1072463768115942
nmos 0.259047619047619 0.7471014492753624 0.11428571428571428 0.10579710144927536
port 0.18 0.06666666666666667 0.024761904761904763 0.017391304347826087
port 0.7819047619047619 0.06666666666666667 0.024761904761904763 0.017391304347826087
port 0.13047619047619047 0.9159420289855073 0.024761904761904763 0.017391304347826087
port 0.9495238095238095 0.9173913043478261 0.024761904761904763 0.017391304347826087