cross-line-curved 0.5375626043405676 0.2820143884892086 0.08347245409015025 0.04892086330935252
port 0.6410684474123539 0.08057553956834532 0.03005008347245409 0.02302158273381295
port 0.41986644407345575 0.07985611510791367 0.03171953255425709 0.02446043165467626
port 0.07846410684474124 0.28633093525179854 0.03005008347245409 0.02302158273381295
port 0.08180300500834725 0.47697841726618706 0.03005008347245409 0.02446043165467626
port 0.9833055091819699 0.6194244604316547 0.03005008347245409 0.02446043165467626
port 0.8614357262103506 0.9165467625899281 0.03005008347245409 0.02302158273381295
port 0.2020033388981636 0.9179856115107914 0.03005008347245409 0.02302158273381295
npn 0.34390651085141904 0.7561151079136691 0.09348914858096828 0.13956834532374102
npn 0.7212020033388982 0.7561151079136691 0.09348914858096828 0.13956834532374102
pnp 0.7779632721202003 0.47553956834532374 0.09348914858096828 0.13956834532374102
npn 0.2838063439065108 0.47553956834532374 0.09348914858096828 0.13956834532374102
resistor 0.4240400667779633 0.41294964028776976 0.10684474123539232 0.05755395683453238
resistor 0.6444073455759599 0.4115107913669065 0.10684474123539232 0.05755395683453238
current 0.5350584307178631 0.18489208633093526 0.09849749582637729 0.08489208633093526