nmos 0.54 0.6814345991561181 0.11238095238095239 0.10267229254571027
nmos 0.8419047619047619 0.6814345991561181 0.11047619047619048 0.10267229254571027
resistor 0.12857142857142856 0.5921237693389592 0.08571428571428572 0.11533052039381153
pmos 0.17523809523809525 0.18917018284106893 0.11047619047619048 0.10267229254571027
pmos 0.5419047619047619 0.18917018284106893 0.11238095238095239 0.10267229254571027
nmos 0.1742857142857143 0.7538677918424754 0.10857142857142857 0.10126582278481013
gnd 0.30857142857142855 0.9781997187060478 0.11047619047619048 0.04360056258790436
port 0.058095238095238096 0.08579465541490858 0.024761904761904763 0.016877637130801686
port 0.9780952380952381 0.919831223628692 0.024761904761904763 0.016877637130801686
port 0.04285714285714286 0.9170182841068917 0.024761904761904763 0.016877637130801686
port 0.8904761904761904 0.5330520393811533 0.024761904761904763 0.016877637130801686
port 0.6676190476190477 0.08438818565400844 0.024761904761904763 0.016877637130801686