npn 0.6171967020023557 0.2655426765015806 0.06595995288574794 0.1095890410958904
npn 0.4299175500588928 0.2708113804004215 0.06595995288574794 0.1095890410958904
npn 0.22202591283863368 0.44678609062170704 0.06478209658421673 0.1095890410958904
npn 0.839811542991755 0.4546891464699684 0.06595995288574794 0.10853530031612224
npn 0.8374558303886925 0.7128556375131717 0.06595995288574794 0.10853530031612224
npn 0.1702002355712603 0.7170706006322445 0.06478209658421673 0.10853530031612224
gnd 0.5259128386336867 0.9857744994731296 0.05535924617196702 0.02845100105374078
gnd 0.9469964664310954 0.4214963119072708 0.05418138987043581 0.029504741833508957
gnd 0.693168433451119 0.5700737618545838 0.05535924617196702 0.029504741833508957
gnd 0.36336866902237924 0.5679662802950474 0.05535924617196702 0.029504741833508957
current 0.6955241460541813 0.5094836670179136 0.06949352179034157 0.06217070600632244
current 0.3657243816254417 0.5147523709167545 0.06949352179034157 0.06217070600632244
resistor 0.8568904593639576 0.8319283456269758 0.043580683156654886 0.06217070600632244
resistor 0.19846878680800942 0.8361433087460485 0.043580683156654886 0.06217070600632244
resistor 0.196113074204947 0.13593256059009484 0.043580683156654886 0.06322444678609063
resistor 0.8580683156654888 0.13382507903055849 0.043580683156654886 0.06322444678609063
port 0.9493521790341578 0.26765015806111697 0.02120141342756184 0.01685985247629083
port 0.9493521790341578 0.36880927291886195 0.02120141342756184 0.01685985247629083
port 0.06595995288574794 0.71390937829294 0.02120141342756184 0.01791359325605901
capacitor 0.5270906949352179 0.5974710221285564 0.03651354534746761 0.0505795574288725
diode 0.32332155477031804 0.1380400421496312 0.048292108362779744 0.037934668071654375
diode 0.7302709069493521 0.13487881981032665 0.04711425206124853 0.037934668071654375