voltage 0.5633874239350912 0.5251238499646143 0.059837728194726165 0.04246284501061571
current 0.24797160243407707 0.36836518046709127 0.059837728194726165 0.04175513092710545
current 0.6698782961460447 0.25583864118895966 0.059837728194726165 0.04175513092710545
current 0.672920892494929 0.7154989384288747 0.059837728194726165 0.04246284501061571
current 0.25050709939148075 0.8227176220806794 0.060851926977687626 0.04175513092710545
port 0.9447261663286004 0.9363057324840764 0.02129817444219067 0.01556970983722576
port 0.9447261663286004 0.7133757961783439 0.02129817444219067 0.01556970983722576
port 0.05831643002028398 0.7126680820948337 0.02129817444219067 0.01556970983722576
port 0.056795131845841784 0.9341825902335457 0.02028397565922921 0.01556970983722576
port 0.05730223123732252 0.5789101203113942 0.02129817444219067 0.01556970983722576
port 0.9421906693711968 0.5771408351026185 0.02028397565922921 0.014861995753715499
port 0.9442190669371197 0.2597310686482661 0.02028397565922921 0.01556970983722576
port 0.05831643002028398 0.26043878273177634 0.02129817444219067 0.01556970983722576
port 0.2601419878296146 0.13481953290870488 0.02129817444219067 0.014861995753715499
port 0.7378296146044625 0.13234253361641896 0.02129817444219067 0.01556970983722576
port 0.2581135902636917 0.020877565463552725 0.02129817444219067 0.014861995753715499
port 0.7358012170385395 0.021585279547062988 0.02129817444219067 0.014861995753715499
resistor 0.40212981744421905 0.3167020523708422 0.04158215010141988 0.043170559094125975
resistor 0.5679513184584178 0.4267515923566879 0.04056795131845842 0.04246284501061571
resistor 0.4061866125760649 0.7707006369426752 0.04158215010141988 0.04246284501061571
resistor 0.5654158215010142 0.8814578910120311 0.04158215010141988 0.043170559094125975
voltage 0.15567951318458417 0.7108987968860581 0.059837728194726165 0.04175513092710545
npn 0.4898580121703854 0.03467799009200283 0.11764705882352941 0.03821656050955414
capacitor 0.5633874239350912 0.3170559094125973 0.057809330628803245 0.02264685067232838
capacitor 0.783975659229209 0.31634819532908703 0.056795131845841784 0.02264685067232838
capacitor 0.5623732251521298 0.7692852087756546 0.057809330628803245 0.02264685067232838
capacitor 0.7870182555780934 0.7692852087756546 0.056795131845841784 0.02264685067232838