gnd 0.08571428571428572 0.9482288828337875 0.03428571428571429 0.0653950953678474
resistor 0.4253061224489796 0.37057220708446864 0.029387755102040815 0.18528610354223432
port 0.018775510204081632 0.7615803814713896 0.014693877551020407 0.051771117166212535
resistor 0.4240816326530612 0.7016348773841962 0.030204081632653063 0.18256130790190736
port 0.9636734693877551 0.8705722070844687 0.015510204081632653 0.051771117166212535
port 0.12163265306122449 0.5694822888283378 0.0163265306122449 0.05449591280653951
nmos 0.06938775510204082 0.7629427792915532 0.037551020408163265 0.16348773841961853
port 0.18693877551020407 0.8692098092643051 0.017959183673469388 0.05994550408719346
resistor 0.7163265306122449 0.6989100817438693 0.03183673469387755 0.1880108991825613
gnd 0.7163265306122449 0.9482288828337875 0.03346938775510204 0.0653950953678474
gnd 0.45755102040816326 0.28337874659400547 0.03346938775510204 0.07084468664850137
port 0.4559183673469388 0.8692098092643051 0.015510204081632653 0.05449591280653951
pmos 0.06979591836734694 0.3310626702997275 0.03836734693877551 0.16076294277929154
port 0.4559183673469388 0.5354223433242506 0.015510204081632653 0.051771117166212535
port 0.08530612244897959 0.14850136239782016 0.015510204081632653 0.051771117166212535
port 0.9628571428571429 0.5367847411444142 0.015510204081632653 0.05449591280653951
port 0.5383673469387755 0.8719346049046321 0.015510204081632653 0.05449591280653951
resistor 0.9028571428571428 0.7002724795640327 0.029387755102040815 0.18528610354223432
gnd 0.3497959183673469 0.9482288828337875 0.03346938775510204 0.0653950953678474
current 0.6404081632653061 0.7057220708446866 0.0563265306122449 0.2452316076294278
current 0.8281632653061225 0.7002724795640327 0.0563265306122449 0.2452316076294278
current 0.3489795918367347 0.37057220708446864 0.0563265306122449 0.2452316076294278
current 0.34775510204081633 0.7057220708446866 0.05551020408163265 0.2452316076294278