port 0.4920152091254753 0.4211563731931669 0.015209125475285171 0.02759526938239159
port 0.6038022813688213 0.3291721419185282 0.015209125475285171 0.02759526938239159
port 0.16197718631178706 0.42247043363994746 0.015209125475285171 0.02759526938239159
port 0.1714828897338403 0.9434954007884363 0.014448669201520912 0.026281208935611037
port 0.9414448669201521 0.8370565045992115 0.015209125475285171 0.026281208935611037
port 0.9437262357414449 0.9454664914586071 0.015209125475285171 0.02759526938239159
port 0.6281368821292775 0.8396846254927727 0.015209125475285171 0.026281208935611037
nmos 0.6901140684410646 0.8377135348226018 0.04790874524714829 0.08541392904073587
nmos 0.8802281368821293 0.8363994743758213 0.04790874524714829 0.08541392904073587
port 0.9513307984790874 0.13272010512483573 0.015209125475285171 0.026281208935611037
nmos 0.42433460076045626 0.8396846254927727 0.048669201520912544 0.08409986859395532
port 0.049429657794676805 0.3291721419185282 0.015209125475285171 0.02759526938239159
nmos 0.23079847908745246 0.8403416557161629 0.04790874524714829 0.08541392904073587
nmos 0.344106463878327 0.69053876478318 0.04790874524714829 0.08541392904073587
nmos 0.42167300380228134 0.4231274638633377 0.04790874524714829 0.08409986859395532
nmos 0.22699619771863117 0.42247043363994746 0.04790874524714829 0.08541392904073587
pmos 0.42243346007604565 0.17805519053876478 0.04790874524714829 0.08541392904073587
pmos 0.2634980988593156 0.17674113009198422 0.04790874524714829 0.08541392904073587
pmos 0.8053231939163498 0.17674113009198422 0.048669201520912544 0.08541392904073587
vdd 0.24752851711026616 0.07293035479632064 0.02053231939163498 0.03810775295663601
vdd 0.40418250950570345 0.07227332457293036 0.02053231939163498 0.03679369250985545
vdd 0.7874524714828898 0.06767411300919843 0.02053231939163498 0.03810775295663601
cross-line-curved 0.40608365019011405 0.2575558475689882 0.03193916349809886 0.03942181340341656
cross-line-curved 0.7889733840304183 0.25624178712220763 0.03269961977186312 0.03942181340341656
cross-line-curved 0.5581749049429657 0.6898817345597897 0.03193916349809886 0.03942181340341656
nmos 0.7692015209125476 0.6892247043363995 0.04790874524714829 0.08541392904073587
port 0.9064638783269962 0.13009198423127463 0.015209125475285171 0.026281208935611037