port 0.9040632054176072 0.5362637362637362 0.022573363431151242 0.04395604395604396
gnd 0.39334085778781036 0.14065934065934066 0.05304740406320542 0.05274725274725275
gnd 0.8194130925507901 0.189010989010989 0.05191873589164785 0.05274725274725275
gnd 0.9001128668171557 0.6274725274725275 0.05304740406320542 0.05054945054945055
gnd 0.6879232505643341 0.9054945054945055 0.05304740406320542 0.05274725274725275
gnd 0.2737020316027088 0.9626373626373627 0.05304740406320542 0.05274725274725275
gnd 0.11230248306997742 0.7065934065934066 0.05304740406320542 0.05054945054945055
port 0.11399548532731377 0.610989010989011 0.022573363431151242 0.04395604395604396
port 0.11399548532731377 0.4593406593406593 0.022573363431151242 0.04395604395604396
port 0.11286681715575621 0.20659340659340658 0.022573363431151242 0.04395604395604396
port 0.11286681715575621 0.056043956043956046 0.022573363431151242 0.046153846153846156
pmos 0.2466139954853273 0.2032967032967033 0.07110609480812641 0.14285714285714285
pmos 0.24774266365688488 0.46483516483516485 0.07110609480812641 0.14285714285714285
nmos 0.6630925507900677 0.7098901098901099 0.07110609480812641 0.14065934065934066
resistor 0.2748306997742664 0.7912087912087912 0.04853273137697517 0.13186813186813187
resistor 0.6890519187358917 0.23186813186813188 0.04853273137697517 0.13406593406593406
capacitor 0.5869074492099323 0.5131868131868131 0.03160270880361174 0.12527472527472527
port 0.8967268623024831 0.3813186813186813 0.02144469525959368 0.046153846153846156