gnd 0.028925619834710745 0.2992623814541623 0.04315886134067952 0.02528977871443625
gnd 0.41276400367309457 0.9199157007376185 0.04315886134067952 0.02528977871443625
port 0.3002754820936639 0.8661749209694415 0.018365472910927456 0.02107481559536354
port 0.3007346189164371 0.7191780821917808 0.017447199265381085 0.022128556375131718
port 0.29935720844811753 0.46628029504741836 0.018365472910927456 0.022128556375131718
port 0.30165289256198347 0.321390937829294 0.017447199265381085 0.02107481559536354
capacitor 0.10560146923783287 0.6469968387776607 0.025711662075298437 0.059009483667017915
capacitor 0.10606060606060606 0.24236037934668073 0.02662993572084481 0.059009483667017915
capacitor 0.6115702479338843 0.26343519494204426 0.025711662075298437 0.059009483667017915
capacitor 0.6078971533516988 0.6649104320337197 0.025711662075298437 0.059009483667017915
capacitor 0.5642791551882461 0.9652265542676501 0.02662993572084481 0.059009483667017915
capacitor 0.8094582185491277 0.5964172813487882 0.050505050505050504 0.03371970495258166
capacitor 0.8080808080808081 0.3266596417281349 0.049586776859504134 0.03371970495258166
capacitor 0.5004591368227732 0.08008429926238145 0.025711662075298437 0.059009483667017915
resistor 0.6808999081726355 0.1928345626975764 0.03948576675849403 0.06322444678609063
resistor 0.41460055096418735 0.3898840885142255 0.03948576675849403 0.06322444678609063
resistor 0.6818181818181818 0.5943097997892518 0.03948576675849403 0.06322444678609063
resistor 0.4100091827364555 0.7903055848261328 0.03948576675849403 0.06322444678609063
nmos 0.6597796143250688 0.7760800842992623 0.05785123966942149 0.0684931506849315
pmos 0.3925619834710744 0.6448893572181243 0.05785123966942149 0.06743940990516333
pmos 0.391643709825528 0.24499473129610116 0.05785123966942149 0.0684931506849315
nmos 0.6579430670339761 0.3724973656480506 0.05785123966942149 0.0684931506849315
cross-line-curved 0.17768595041322313 0.2434141201264489 0.02662993572084481 0.040042149631190724
cross-line-curved 0.2125803489439853 0.6454162276080084 0.02662993572084481 0.03898840885142255
port 0.9430670339761249 0.6675447839831401 0.018365472910927456 0.022128556375131718
port 0.9302112029384757 0.2629083245521602 0.018365472910927456 0.022128556375131718
gnd 0.7405876951331497 0.5495258166491043 0.04315886134067952 0.02423603793466807
gnd 0.8673094582185491 0.5495258166491043 0.04315886134067952 0.02423603793466807
gnd 0.6818181818181818 0.44204425711275025 0.04315886134067952 0.02423603793466807
gnd 0.8076216712580349 0.40569020021074814 0.04315886134067952 0.02528977871443625
gnd 0.7405876951331497 0.1506849315068493 0.04315886134067952 0.02528977871443625
gnd 0.4733700642791552 0.20337197049525815 0.04315886134067952 0.02528977871443625
gnd 0.41276400367309457 0.5194942044257113 0.04315886134067952 0.02528977871443625
gnd 0.027548209366391185 0.6986301369863014 0.04224058769513315 0.02528977871443625
gnd 0.4738292011019284 0.6059009483667018 0.04224058769513315 0.02528977871443625
gnd 0.6836547291092746 0.8408851422550052 0.04315886134067952 0.02528977871443625