port 0.5236728837876614 0.27631578947368424 0.028694404591104734 0.023923444976076555
vdd 0.6800573888091822 0.061004784688995214 0.043041606886657105 0.03588516746411483
vdd 0.321377331420373 0.06339712918660287 0.043041606886657105 0.03588516746411483
cross-line-curved 0.3199426111908178 0.2230861244019139 0.054519368723098996 0.03229665071770335
port 0.04375896700143472 0.13995215311004786 0.027259684361549498 0.023923444976076555
port 0.10760401721664276 0.13636363636363635 0.028694404591104734 0.023923444976076555
nmos 0.4569583931133429 0.840311004784689 0.09038737446197992 0.07775119617224881
nmos 0.2769010043041607 0.6692583732057417 0.09182209469153516 0.07775119617224881
nmos 0.3680057388809182 0.5394736842105263 0.09038737446197992 0.07655502392344497
nmos 0.7288378766140603 0.6656698564593302 0.09182209469153516 0.07775119617224881
nmos 0.6362984218077475 0.5370813397129187 0.09038737446197992 0.07655502392344497
pmos 0.6348637015781923 0.16686602870813397 0.09038737446197992 0.07775119617224881
pmos 0.2747489239598278 0.1674641148325359 0.09038737446197992 0.07655502392344497
pmos 0.36872309899569583 0.31638755980861244 0.09182209469153516 0.07775119617224881
pmos 0.6348637015781923 0.31519138755980863 0.09038737446197992 0.07775119617224881
port 0.47058823529411764 0.2769138755980861 0.028694404591104734 0.025119617224880382
port 0.4634146341463415 0.4958133971291866 0.028694404591104734 0.025119617224880382
port 0.5329985652797704 0.4958133971291866 0.027259684361549498 0.025119617224880382
port 0.5272596843615495 0.9431818181818182 0.027259684361549498 0.025119617224880382
port 0.46700143472022954 0.9461722488038278 0.027259684361549498 0.023923444976076555
port 0.3615494978479197 0.8361244019138756 0.028694404591104734 0.023923444976076555
port 0.18651362984218078 0.6626794258373205 0.028694404591104734 0.023923444976076555
port 0.8106169296987088 0.6626794258373205 0.028694404591104734 0.023923444976076555
port 0.9189383070301291 0.423444976076555 0.027259684361549498 0.023923444976076555
port 0.07317073170731707 0.4276315789473684 0.028694404591104734 0.025119617224880382