port 0.21076923076923076 0.4047244094488189 0.015384615384615385 0.031496062992125984
capacitor 0.15461538461538463 0.584251968503937 0.021538461538461538 0.08818897637795275
capacitor 0.8469230769230769 0.584251968503937 0.021538461538461538 0.08818897637795275
pmos 0.5623076923076923 0.40551181102362205 0.04923076923076923 0.10236220472440945
pmos 0.42846153846153845 0.4094488188976378 0.04923076923076923 0.10078740157480315
pmos 0.2742307692307692 0.41023622047244096 0.04846153846153846 0.10236220472440945
pmos 0.7173076923076923 0.40708661417322833 0.04846153846153846 0.10236220472440945
resistor 0.7707692307692308 0.5889763779527559 0.04461538461538461 0.07874015748031496
resistor 0.22192307692307692 0.5858267716535434 0.045384615384615384 0.07874015748031496
current 0.3515384615384615 0.18188976377952756 0.046153846153846156 0.09291338582677165
current 0.6438461538461538 0.18503937007874016 0.046153846153846156 0.09291338582677165
current 0.9023076923076923 0.18188976377952756 0.046153846153846156 0.09291338582677165
current 0.7038461538461539 0.8275590551181102 0.046153846153846156 0.09291338582677165
current 0.28884615384615386 0.8259842519685039 0.04692307692307692 0.09291338582677165
current 0.09692307692307692 0.17716535433070865 0.046153846153846156 0.09291338582677165
port 0.04461538461538461 0.4590551181102362 0.015384615384615385 0.03307086614173228
port 0.2076923076923077 0.2803149606299213 0.015384615384615385 0.031496062992125984
port 0.04384615384615385 0.9354330708661417 0.015384615384615385 0.031496062992125984
port 0.7861538461538462 0.2826771653543307 0.015384615384615385 0.03307086614173228
port 0.7873076923076923 0.4086614173228346 0.014615384615384615 0.03307086614173228
port 0.9511538461538461 0.45984251968503936 0.014615384615384615 0.031496062992125984
port 0.9453846153846154 0.9338582677165355 0.015384615384615385 0.031496062992125984
nmos 0.885 0.7149606299212599 0.04846153846153846 0.10078740157480315
nmos 0.1076923076923077 0.7149606299212599 0.04923076923076923 0.10078740157480315
vdd 0.09076923076923077 0.07244094488188976 0.023076923076923078 0.047244094488188976
vdd 0.35384615384615387 0.07874015748031496 0.023076923076923078 0.047244094488188976
vdd 0.6430769230769231 0.08031496062992126 0.023076923076923078 0.047244094488188976
vdd 0.9015384615384615 0.07874015748031496 0.023076923076923078 0.047244094488188976
cross-line-curved 0.3496153846153846 0.27244094488188975 0.02846153846153846 0.04094488188976378
cross-line-curved 0.6423076923076924 0.2763779527559055 0.02923076923076923 0.04251968503937008
cross-line-curved 0.5776923076923077 0.6559055118110236 0.02923076923076923 0.04251968503937008