port 0.5244783306581059 0.941717791411043 0.015248796147672551 0.025766871165644172
cross-line-curved 0.3611556982343499 0.4441717791411043 0.030497592295345103 0.03190184049079755
capacitor 0.26565008025682185 0.4503067484662577 0.02247191011235955 0.0687116564417178
capacitor 0.2845104333868379 0.5858895705521472 0.044141252006420544 0.07239263803680981
capacitor 0.7178972712680578 0.5920245398773006 0.044141252006420544 0.07239263803680981
capacitor 0.7431781701444623 0.4920245398773006 0.02247191011235955 0.0687116564417178
current 0.6388443017656501 0.13374233128834356 0.048154093097913325 0.07116564417177915
current 0.3651685393258427 0.13680981595092023 0.048154093097913325 0.07239263803680981
nmos 0.3792134831460674 0.37239263803680983 0.05056179775280899 0.07975460122699386
cross-line-curved 0.6428571428571429 0.48957055214723927 0.030497592295345103 0.03190184049079755
nmos 0.622792937399679 0.36871165644171777 0.051364365971107544 0.07975460122699386
nmos 0.3430979133226324 0.7085889570552147 0.05056179775280899 0.07975460122699386
nmos 0.6601123595505618 0.7067484662576687 0.05056179775280899 0.0785276073619632
vdd 0.35914927768860355 0.06012269938650307 0.023274478330658106 0.03680981595092025
vdd 0.6404494382022472 0.06503067484662577 0.024077046548956663 0.03680981595092025
current 0.5040128410914928 0.8558282208588958 0.048154093097913325 0.07239263803680981
port 0.41813804173354735 0.2196319018404908 0.016051364365971106 0.024539877300613498
port 0.5834670947030498 0.2196319018404908 0.016051364365971106 0.024539877300613498
port 0.5280898876404494 0.3061349693251534 0.016051364365971106 0.025766871165644172
port 0.47592295345104335 0.3030674846625767 0.016051364365971106 0.024539877300613498
port 0.887239165329053 0.7073619631901841 0.015248796147672551 0.025766871165644172
port 0.11316211878009631 0.7073619631901841 0.016051364365971106 0.025766871165644172
port 0.478330658105939 0.9386503067484663 0.016051364365971106 0.024539877300613498