port 0.30597680642283676 0.8547595682041217 0.01784121320249777 0.019627085377821395
port 0.9420160570918823 0.14474975466143278 0.01784121320249777 0.020608439646712464
vdd 0.47992863514719003 0.06084396467124632 0.021409455842997322 0.019627085377821395
vdd 0.8492417484388939 0.058881256133464184 0.021409455842997322 0.019627085377821395
vdd 0.12934879571810884 0.058881256133464184 0.021409455842997322 0.019627085377821395
pmos 0.10035682426404996 0.15014720314033367 0.06155218554861731 0.07262021589793916
pmos 0.44826048171275645 0.1481844946025515 0.06155218554861731 0.07262021589793916
pmos 0.8180196253345228 0.14622178606476938 0.060660124888492414 0.07262021589793916
pmos 0.4491525423728814 0.28949950932286556 0.06155218554861731 0.07262021589793916
port 0.6913470115967886 0.5019627085377821 0.01784121320249777 0.020608439646712464
pmos 0.8184656556645852 0.2855740922473013 0.06155218554861731 0.07262021589793916
pmos 0.15655664585191792 0.28900883218842 0.07404103479036575 0.07948969578017664
pmos 0.09812667261373774 0.4322865554465162 0.07314897413024085 0.07948969578017664
port 0.9455842997323818 0.5986261040235525 0.01784121320249777 0.019627085377821395
nmos 0.4513826940231936 0.43277723258096173 0.0695807314897413 0.07262021589793916
nmos 0.4473684210526316 0.5755642787046124 0.0704727921498662 0.07360157016683022
nmos 0.8175735950044603 0.6732090284592738 0.0704727921498662 0.07262021589793916
nmos 0.5053523639607493 0.7139352306182531 0.0704727921498662 0.07360157016683022
port 0.9429081177520071 0.28410206084396467 0.01784121320249777 0.020608439646712464
nmos 0.45405887600356826 0.8557409224730128 0.0695807314897413 0.07262021589793916
pmos 0.09500446030330062 0.718351324828263 0.07404103479036575 0.07850834151128558
current 0.1239964317573595 0.8694798822374877 0.05173951828724353 0.05691854759568204
gnd 0.5115967885816235 0.9892051030421982 0.04192685102586976 0.021589793915603533