gnd 0.25989304812834224 0.798876404494382 0.04919786096256684 0.024719101123595506
port 0.0748663101604278 0.6168539325842697 0.0213903743315508 0.02247191011235955
port 0.6203208556149733 0.6617977528089888 0.0213903743315508 0.02247191011235955
port 0.6235294117647059 0.8297752808988764 0.0213903743315508 0.02359550561797753
port 0.9187165775401069 0.5556179775280898 0.0213903743315508 0.02359550561797753
port 0.6203208556149733 0.15730337078651685 0.0213903743315508 0.02247191011235955
port 0.6245989304812835 0.40168539325842695 0.0213903743315508 0.02359550561797753
pmos 0.6935828877005348 0.16292134831460675 0.08877005347593583 0.0898876404494382
pmos 0.6903743315508022 0.40561797752808987 0.08877005347593583 0.0898876404494382
nmos 0.6935828877005348 0.6601123595505618 0.08877005347593583 0.09101123595505618
nmos 0.6925133689839572 0.8280898876404494 0.08877005347593583 0.0898876404494382
nmos 0.2229946524064171 0.6157303370786517 0.08877005347593583 0.0898876404494382
gnd 0.725668449197861 0.9837078651685394 0.05026737967914439 0.025842696629213482
gnd 0.8481283422459893 0.755056179775281 0.04919786096256684 0.024719101123595506
capacitor 0.8497326203208556 0.6550561797752809 0.052406417112299465 0.02696629213483146
vdd 0.7229946524064171 0.058426966292134834 0.025668449197860963 0.02247191011235955