port 0.07393715341959335 0.6036513545347467 0.018484288354898338 0.024734982332155476
port 0.8909426987060998 0.535924617196702 0.018484288354898338 0.023557126030624265
gnd 0.4584103512014787 0.6790341578327445 0.07578558225508318 0.03180212014134275
gnd 0.4611829944547135 0.8580683156654888 0.07578558225508318 0.03180212014134275
gnd 0.6243068391866913 0.9846878680800942 0.07486136783733827 0.030624263839811542
gnd 0.8442698706099815 0.6466431095406361 0.07486136783733827 0.03297997644287397
gnd 0.4565619223659889 0.40518256772673733 0.07578558225508318 0.03297997644287397
gnd 0.4588724584103512 0.1513545347467609 0.07486136783733827 0.03180212014134275
gnd 0.6760628465804066 0.04534746760895171 0.07486136783733827 0.03180212014134275
gnd 0.22412199630314233 0.7956419316843345 0.07486136783733827 0.03180212014134275
nmos 0.1954713493530499 0.6007067137809188 0.0767097966728281 0.09422850412249706
nmos 0.5961182994454713 0.6489988221436984 0.07578558225508318 0.09422850412249706
nmos 0.5984288354898336 0.8280329799764429 0.0767097966728281 0.09422850412249706
pmos 0.5965804066543438 0.38044758539458184 0.0767097966728281 0.09422850412249706
voltage 0.5254158964879853 0.3739693757361602 0.054528650646950096 0.06949352179034157
voltage 0.12523105360443623 0.6024734982332155 0.054528650646950096 0.06949352179034157
voltage 0.5226432532347505 0.643698468786808 0.054528650646950096 0.06949352179034157
voltage 0.5235674676524954 0.8203769140164899 0.054528650646950096 0.06949352179034157
voltage 0.5231053604436229 0.12073027090694935 0.05545286506469501 0.06949352179034157
pmos 0.6002772643253235 0.12249705535924617 0.0767097966728281 0.09422850412249706