nmos 0.7790519877675841 0.4618055555555556 0.07186544342507645 0.13657407407407407
nmos 0.4288990825688073 0.46296296296296297 0.07186544342507645 0.1388888888888889
nmos 0.4288990825688073 0.46296296296296297 0.07186544342507645 0.1388888888888889
voltage-lines 0.676605504587156 0.7615740740740741 0.0779816513761468 0.09259259259259259
port 0.6039755351681957 0.08101851851851852 0.027522935779816515 0.05092592592592592
nmos 0.5030581039755352 0.7523148148148148 0.07339449541284404 0.1388888888888889
port 0.8983180428134556 0.4618055555555556 0.0290519877675841 0.04398148148148148
gnd 0.5313455657492355 0.9606481481481481 0.06574923547400612 0.05092592592592592
cross-line-curved 0.6804281345565749 0.6053240740740741 0.021406727828746176 0.04398148148148148
port 0.3058103975535168 0.4618055555555556 0.03058103975535168 0.04398148148148148
nmos 0.06116207951070336 0.7523148148148148 0.07339449541284404 0.14351851851851852
port 0.03058103975535168 0.47337962962962965 0.024464831804281346 0.05324074074074074