port 0.2579092159559835 0.7376543209876543 0.026134800550206328 0.025925925925925925
port 0.09284731774415406 0.4 0.026134800550206328 0.024691358024691357
port 0.8995873452544704 0.39814814814814814 0.027510316368638238 0.025925925925925925
port 0.905777166437414 0.5728395061728395 0.026134800550206328 0.024691358024691357
port 0.0969738651994498 0.5740740740740741 0.026134800550206328 0.024691358024691357
port 0.40440165061898214 0.9395061728395062 0.027510316368638238 0.024691358024691357
port 0.5900962861072903 0.9382716049382716 0.027510316368638238 0.024691358024691357
port 0.3184319119669876 0.7351851851851852 0.026134800550206328 0.025925925925925925
pmos 0.3218707015130674 0.22962962962962963 0.0907840440165062 0.08641975308641975
pmos 0.6781292984869326 0.23333333333333334 0.0907840440165062 0.08641975308641975
nmos 0.7386519944979367 0.5746913580246914 0.0907840440165062 0.08518518518518518
nmos 0.2627235213204952 0.5753086419753086 0.0907840440165062 0.08641975308641975
nmos 0.4649243466299862 0.7839506172839507 0.0907840440165062 0.08641975308641975
resistor 0.39614855570839064 0.4 0.08253094910591471 0.044444444444444446
resistor 0.6017881705639615 0.4 0.08390646492434663 0.044444444444444446
vdd 0.2922971114167813 0.06172839506172839 0.05089408528198074 0.037037037037037035
vdd 0.7049518569463549 0.05802469135802469 0.05089408528198074 0.037037037037037035