nmos 0.7405017921146954 0.8518312985571587 0.047311827956989246 0.07658157602663707
port 0.9781362007168459 0.9483906770255272 0.013620071684587814 0.023307436182019976
port 0.4960573476702509 0.3551609322974473 0.014336917562724014 0.022197558268590455
port 0.27956989247311825 0.3551609322974473 0.014336917562724014 0.022197558268590455
port 0.7354838709677419 0.5332963374028857 0.014336917562724014 0.023307436182019976
port 0.7799283154121864 0.5299667036625971 0.014336917562724014 0.023307436182019976
nmos 0.4867383512544803 0.8523862375138734 0.047311827956989246 0.07769145394006659
nmos 0.28745519713261647 0.8540510543840177 0.047311827956989246 0.07658157602663707
nmos 0.06093189964157706 0.853496115427303 0.047311827956989246 0.07769145394006659
nmos 0.2917562724014337 0.7014428412874584 0.047311827956989246 0.07769145394006659
nmos 0.3874551971326165 0.6614872364039955 0.04659498207885305 0.07769145394006659
nmos 0.45340501792114696 0.5016648168701443 0.04659498207885305 0.07769145394006659
nmos 0.2924731182795699 0.5061043285238623 0.047311827956989246 0.07769145394006659
pmos 0.5620071684587814 0.41120976692563815 0.047311827956989246 0.07658157602663707
pmos 0.6974910394265234 0.4117647058823529 0.047311827956989246 0.07769145394006659
pmos 0.8161290322580645 0.40621531631520535 0.04659498207885305 0.07769145394006659
pmos 0.9448028673835125 0.416204217536071 0.047311827956989246 0.07769145394006659
pmos 0.8637992831541219 0.20865704772475027 0.047311827956989246 0.07769145394006659
pmos 0.6136200716845878 0.206992230854606 0.047311827956989246 0.07658157602663707
pmos 0.4544802867383513 0.20477247502774695 0.047311827956989246 0.07658157602663707
pmos 0.2910394265232975 0.2025527192008879 0.047311827956989246 0.07658157602663707
pmos 0.17849462365591398 0.206992230854606 0.047311827956989246 0.07658157602663707
pmos 0.06093189964157706 0.206992230854606 0.047311827956989246 0.07658157602663707
vdd 0.04767025089605735 0.048834628190899 0.026523297491039426 0.033296337402885685
vdd 0.1982078853046595 0.049944506104328525 0.026523297491039426 0.033296337402885685
vdd 0.307168458781362 0.04772475027746948 0.026523297491039426 0.033296337402885685
vdd 0.4691756272401434 0.05438401775804662 0.026523297491039426 0.033296337402885685
vdd 0.6340501792114696 0.05216426193118757 0.026523297491039426 0.033296337402885685
vdd 0.878494623655914 0.04661487236403995 0.026523297491039426 0.033296337402885685
current 0.04695340501792115 0.6076581576026637 0.03942652329749104 0.06770255271920089
cross-line-curved 0.1924731182795699 0.12375138734739179 0.02939068100358423 0.03440621531631521
cross-line-curved 0.3078853046594982 0.1220865704772475 0.02939068100358423 0.03551609322974473
cross-line-curved 0.47275985663082437 0.12486126526082131 0.02939068100358423 0.03440621531631521
cross-line-curved 0.6318996415770609 0.12541620421753608 0.02939068100358423 0.03551609322974473
cross-line-curved 0.8799283154121864 0.2913429522752497 0.02939068100358423 0.03440621531631521
cross-line-curved 0.6318996415770609 0.2952275249722531 0.02939068100358423 0.03551609322974473
cross-line-curved 0.4698924731182796 0.29245283018867924 0.02939068100358423 0.03440621531631521
cross-line-curved 0.3057347670250896 0.41731409544950054 0.02939068100358423 0.03551609322974473
cross-line-curved 0.5810035842293907 0.8462819089900111 0.02939068100358423 0.03440621531631521
nmos 0.4845878136200717 0.7014428412874584 0.047311827956989246 0.07769145394006659
port 0.004659498207885305 0.9517203107658158 0.00931899641577061 0.023307436182019976
port 0.22365591397849463 0.7036625971143174 0.014336917562724014 0.022197558268590455
port 0.5293906810035842 0.7014428412874584 0.013620071684587814 0.022197558268590455