cross-line-curved 0.5048491379310345 0.6175972927241963 0.04418103448275862 0.05414551607445008
port 0.4240301724137931 0.7385786802030457 0.020474137931034482 0.03553299492385787
port 0.057112068965517244 0.9213197969543148 0.021551724137931036 0.03553299492385787
port 0.06896551724137931 0.45685279187817257 0.021551724137931036 0.0338409475465313
nmos 0.15625 0.8071065989847716 0.07112068965517242 0.11844331641285956
vdd 0.12984913793103448 0.09475465313028765 0.03987068965517242 0.050761421319796954
nmos 0.4849137931034483 0.7986463620981388 0.07112068965517242 0.11844331641285956
nmos 0.8609913793103449 0.8003384094754653 0.07112068965517242 0.11844331641285956
vdd 0.8798491379310345 0.08967851099830795 0.03987068965517242 0.050761421319796954
nmos 0.6411637931034483 0.45854483925549916 0.07112068965517242 0.11844331641285956
nmos 0.3739224137931034 0.4619289340101523 0.07112068965517242 0.11844331641285956
pmos 0.3706896551724138 0.21150592216582065 0.07112068965517242 0.11844331641285956
pmos 0.15786637931034483 0.2098138747884941 0.07004310344827586 0.11844331641285956
pmos 0.6449353448275862 0.21489001692047377 0.07004310344827586 0.11844331641285956
vdd 0.6223060344827587 0.09644670050761421 0.03987068965517242 0.050761421319796954
pmos 0.8566810344827587 0.21658206429780033 0.07112068965517242 0.11844331641285956
port 0.9547413793103449 0.922165820642978 0.021551724137931036 0.0338409475465313
port 0.9461206896551724 0.46446700507614214 0.021551724137931036 0.03553299492385787
port 0.8049568965517241 0.7419627749576988 0.021551724137931036 0.03553299492385787
port 0.7359913793103449 0.7419627749576988 0.021551724137931036 0.03553299492385787
port 0.7252155172413793 0.4593908629441624 0.021551724137931036 0.03553299492385787
port 0.28879310344827586 0.45685279187817257 0.021551724137931036 0.0338409475465313
vdd 0.39816810344827586 0.09644670050761421 0.03987068965517242 0.050761421319796954
port 0.3609913793103448 0.739424703891709 0.021551724137931036 0.0338409475465313