pmos 0.802915082382763 0.17004341534008682 0.12547528517110265 0.10564399421128799
nmos 0.1844106463878327 0.3827785817655572 0.12547528517110265 0.10564399421128799
nmos 0.44930291508238274 0.38060781476121563 0.12547528517110265 0.10419681620839363
resistor 0.49493029150823825 0.6208393632416788 0.062103929024081114 0.170767004341534
resistor 0.8479087452471483 0.540520984081042 0.06337135614702155 0.17221418234442837
port 0.9607097591888466 0.42185238784370477 0.06337135614702155 0.08827785817655572
port 0.605830164765526 0.5 0.06337135614702155 0.08827785817655572
gnd 0.13498098859315588 0.9638205499276411 0.06463878326996197 0.060781476121562955
gnd 0.49746514575411915 0.9638205499276411 0.06463878326996197 0.060781476121562955
gnd 0.8517110266159695 0.9717800289435601 0.06337135614702155 0.056439942112879886
pnp 0.4790874524714829 0.7952243125904487 0.08365019011406843 0.13748191027496381
pnp 0.8320659062103929 0.8002894356005789 0.08238276299112801 0.1389290882778582
pnp 0.11153358681875793 0.7945007235890015 0.08365019011406843 0.1389290882778582
pmos 0.44930291508238274 0.16859623733719248 0.1229404309252218 0.11143270622286541
vdd 0.30671736375158426 0.00723589001447178 0.10646387832699619 0.01447178002894356
port 0.031051964512040557 0.49421128798842257 0.062103929024081114 0.08827785817655572
nmos 0.18250950570342206 0.1736613603473227 0.13181242078580482 0.12445730824891461