port 0.04757785467128028 0.3481624758220503 0.01730103806228374 0.03481624758220503
port 0.9385813148788927 0.46808510638297873 0.01730103806228374 0.03481624758220503
gnd 0.04671280276816609 0.8858800773694391 0.03633217993079585 0.05029013539651837
nmos 0.4619377162629758 0.730174081237911 0.04152249134948097 0.11798839458413926
pmos 0.8672145328719724 0.2253384912959381 0.04065743944636678 0.11798839458413926
gnd 0.6933391003460208 0.9081237911025145 0.037197231833910036 0.048355899419729204
pmos 0.7673010380622838 0.22727272727272727 0.04152249134948097 0.11798839458413926
pmos 0.4290657439446367 0.22727272727272727 0.04152249134948097 0.11798839458413926
port 0.29022491349480967 0.4690522243713733 0.014705882352941176 0.03288201160541586
gnd 0.47923875432525953 0.9061895551257253 0.039792387543252594 0.05222437137330754
port 0.2906574394463668 0.3481624758220503 0.01730103806228374 0.03868471953578337
voltage-lines 0.8278546712802768 0.809477756286267 0.04325259515570934 0.07543520309477757
nmos 0.3940311418685121 0.4661508704061896 0.04065743944636678 0.11605415860735009
nmos 0.7677335640138409 0.7321083172147002 0.04065743944636678 0.11798839458413926
gnd 0.9390138408304498 0.9090909090909091 0.03546712802768166 0.04642166344294004
port 0.3559688581314879 0.3481624758220503 0.01643598615916955 0.03868471953578337
nmos 0.25432525951557095 0.4700193423597679 0.039792387543252594 0.11605415860735009
port 0.047145328719723184 0.4661508704061896 0.01643598615916955 0.03481624758220503
port 0.6012110726643599 0.3471953578336557 0.01730103806228374 0.04061895551257253
voltage 0.047145328719723184 0.6702127659574468 0.061418685121107264 0.1450676982591876
gnd 0.29022491349480967 0.8839458413926499 0.037197231833910036 0.05029013539651837
gnd 0.16868512110726644 0.6441005802707931 0.03633217993079585 0.04642166344294004
pmos 0.5294117647058824 0.2263056092843327 0.04152249134948097 0.11605415860735009
voltage 0.2897923875432526 0.6711798839458414 0.06228373702422145 0.13926499032882012
port 0.356401384083045 0.4671179883945841 0.01730103806228374 0.0367504835589942
nmos 0.5653114186851211 0.4700193423597679 0.03892733564013841 0.11605415860735009
voltage 0.9385813148788927 0.7350096711798839 0.06055363321799308 0.14313346228239845
gnd 0.828719723183391 0.9061895551257253 0.03806228373702422 0.04448742746615087
port 0.6012110726643599 0.4690522243713733 0.01730103806228374 0.0367504835589942
pmos 0.2179930795847751 0.22727272727272727 0.04152249134948097 0.11798839458413926
nmos 0.903114186851211 0.4700193423597679 0.039792387543252594 0.11605415860735009
gnd 0.884515570934256 0.9081237911025145 0.037197231833910036 0.04448742746615087
voltage 0.6933391003460208 0.7340425531914894 0.061418685121107264 0.14893617021276595
nmos 0.08304498269896193 0.4661508704061896 0.04152249134948097 0.11605415860735009
pmos 0.1185121107266436 0.22727272727272727 0.04152249134948097 0.11798839458413926
voltage-lines 0.39835640138408307 0.809477756286267 0.04238754325259515 0.08317214700193423
nmos 0.731401384083045 0.4671179883945841 0.04065743944636678 0.11798839458413926
gnd 0.7504325259515571 0.9090909090909091 0.037197231833910036 0.04642166344294004
nmos 0.8676470588235294 0.7311411992263056 0.04152249134948097 0.11992263056092843
port 0.6942041522491349 0.3471953578336557 0.01643598615916955 0.0367504835589942
gnd 0.39792387543252594 0.9042553191489362 0.03806228373702422 0.048355899419729204
port 0.6950692041522492 0.4661508704061896 0.01643598615916955 0.03481624758220503
port 0.9385813148788927 0.3481624758220503 0.01730103806228374 0.03868471953578337
port 0.8170415224913494 0.07059961315280464 0.018166089965397925 0.04061895551257253
port 0.4788062283737024 0.07059961315280464 0.018166089965397925 0.04061895551257253
port 0.16652249134948097 0.06866537717601548 0.018166089965397925 0.04061895551257253