pmos 0.5677083333333334 0.409967845659164 0.09791666666666667 0.1382636655948553
gnd 0.8458333333333333 0.9742765273311897 0.058333333333333334 0.05144694533762058
gnd 0.6791666666666667 0.9742765273311897 0.058333333333333334 0.05144694533762058
gnd 0.6083333333333333 0.9742765273311897 0.058333333333333334 0.05144694533762058
resistor 0.8427083333333333 0.7379421221864951 0.03958333333333333 0.13183279742765272
resistor 0.609375 0.8070739549839229 0.03958333333333333 0.12861736334405144
resistor 0.6802083333333333 0.6639871382636656 0.03958333333333333 0.13183279742765272
resistor 0.6072916666666667 0.6318327974276527 0.03958333333333333 0.13183279742765272
vdd 0.609375 0.09967845659163987 0.11041666666666666 0.04501607717041801
port 0.10729166666666666 0.3553054662379421 0.022916666666666665 0.03536977491961415
port 0.884375 0.5369774919614148 0.027083333333333334 0.03858520900321544
capacitor 0.6791666666666667 0.8231511254019293 0.058333333333333334 0.03858520900321544