single-end-amp 0.3791390728476821 0.37458745874587457 0.20198675496688742 0.2079207920792079
pnp 0.2847682119205298 0.7145214521452146 0.0728476821192053 0.1353135313531353
port 0.9635761589403974 0.41254125412541254 0.013245033112582781 0.013201320132013201
resistor 0.12748344370860928 0.6435643564356436 0.06291390728476821 0.10561056105610561
resistor 0.5413907284768212 0.6270627062706271 0.06291390728476821 0.10561056105610561
resistor 0.6837748344370861 0.6468646864686468 0.06291390728476821 0.10561056105610561
resistor 0.8327814569536424 0.6452145214521452 0.06291390728476821 0.10231023102310231
pmos 0.2682119205298013 0.18316831683168316 0.08609271523178808 0.08250825082508251
pmos 0.804635761589404 0.1848184818481848 0.08609271523178808 0.0858085808580858
gnd 0.5463576158940397 0.9372937293729373 0.08609271523178808 0.0462046204620462
pmos 0.5132450331125827 0.18151815181518152 0.08609271523178808 0.0858085808580858
vdd 0.543046357615894 0.0462046204620462 0.08609271523178808 0.019801980198019802
pnp 0.5182119205298014 0.7623762376237624 0.076158940397351 0.13861386138613863