gnd 0.4493127147766323 0.9758842443729904 0.11168384879725086 0.04823151125401929
vdd 0.3745704467353952 0.04180064308681672 0.10996563573883161 0.01607717041800643
pmos 0.33419243986254293 0.15112540192926044 0.11855670103092783 0.11254019292604502
pmos 0.75 0.1527331189710611 0.11855670103092783 0.11254019292604502
port 0.9896907216494846 0.452572347266881 0.010309278350515464 0.008038585209003215
port 0.029209621993127148 0.47508038585209006 0.010309278350515464 0.008038585209003215
port 0.07903780068728522 0.4067524115755627 0.010309278350515464 0.00964630225080386
capacitor 0.5945017182130584 0.702572347266881 0.041237113402061855 0.10932475884244373
pmos 0.19072164948453607 0.4742765273311897 0.11683848797250859 0.11254019292604502
pmos 0.4853951890034364 0.477491961414791 0.11855670103092783 0.11254019292604502
pmos 0.1254295532646048 0.15192926045016078 0.10996563573883161 0.11093247588424437
nmos 0.7525773195876289 0.7765273311897106 0.09965635738831616 0.11254019292604502
nmos 0.40893470790378006 0.7958199356913184 0.09965635738831616 0.11254019292604502
nmos 0.2542955326460481 0.7958199356913184 0.09965635738831616 0.11254019292604502