gnd 0.05156723963599596 0.9586330935251799 0.04853387259858443 0.03717026378896882
port 0.6390293225480284 0.06954436450839328 0.010111223458038422 0.009592326139088728
port 0.21739130434782608 0.09352517985611511 0.010111223458038422 0.009592326139088728
pnp 0.6612740141557129 0.7128297362110312 0.08493427704752275 0.16666666666666666
gnd 0.9155712841253791 0.9580335731414868 0.04954499494438827 0.03836930455635491
gnd 0.7881698685540951 0.9580335731414868 0.04954499494438827 0.03836930455635491
pnp 0.890798786653185 0.7146282973621103 0.08493427704752275 0.16546762589928057
port 0.34630940343781597 0.36810551558752996 0.00910010111223458 0.011990407673860911
port 0.4762386248736097 0.36930455635491605 0.010111223458038422 0.011990407673860911
current 0.217896865520728 0.24100719424460432 0.0839231547017189 0.10311750599520383
current 0.6380182002022244 0.26139088729016785 0.08493427704752275 0.10551558752997602
gnd 0.6390293225480284 0.9586330935251799 0.04853387259858443 0.03717026378896882
gnd 0.21890798786653184 0.9574340527577938 0.04954499494438827 0.03717026378896882
pnp 0.19211324570273003 0.6906474820143885 0.08493427704752275 0.16546762589928057