pmos 0.12877030162412992 0.24180327868852458 0.06728538283062645 0.07377049180327869
resistor 0.4419953596287703 0.6495901639344263 0.030162412993039442 0.036885245901639344
resistor 0.4396751740139211 0.38831967213114754 0.030162412993039442 0.0389344262295082
nmos 0.5336426914153132 0.6967213114754098 0.06960556844547564 0.07377049180327869
nmos 0.7412993039443155 0.6188524590163934 0.06728538283062645 0.07377049180327869
pmos 0.9048723897911833 0.4702868852459016 0.06960556844547564 0.07172131147540983
pmos 0.740139211136891 0.32581967213114754 0.06960556844547564 0.06967213114754098
pmos 0.5928074245939675 0.24385245901639344 0.06728538283062645 0.07377049180327869
pmos 0.41183294663573083 0.24180327868852458 0.06728538283062645 0.07377049180327869
gnd 0.4013921113689095 0.8575819672131147 0.04176334106728538 0.018442622950819672
current 0.6206496519721578 0.4088114754098361 0.09048723897911833 0.07172131147540983
single-end-amp 0.3248259860788863 0.4692622950819672 0.1531322505800464 0.12704918032786885
pnp 0.14153132250580047 0.6752049180327869 0.05568445475638051 0.10040983606557377