capacitor 0.9193161367726455 0.5638528138528138 0.03059388122375525 0.049783549783549784
capacitor 0.873125374925015 0.16558441558441558 0.03059388122375525 0.049783549783549784
port 0.07828434313137372 0.4621212121212121 0.023395320935812838 0.0670995670995671
pmos 0.04469106178764247 0.1699134199134199 0.023395320935812838 0.10606060606060606
pmos 0.10587882423515296 0.170995670995671 0.023395320935812838 0.10822510822510822
pmos 0.17216556688662268 0.16774891774891776 0.022795440911817635 0.10606060606060606
pmos 0.2663467306538692 0.1699134199134199 0.022795440911817635 0.10606060606060606
pmos 0.3473305338932214 0.1699134199134199 0.022795440911817635 0.10606060606060606
pmos 0.4070185962807438 0.170995670995671 0.023395320935812838 0.10822510822510822
pmos 0.4877024595080984 0.1699134199134199 0.022795440911817635 0.10606060606060606
pmos 0.6484703059388123 0.16883116883116883 0.022795440911817635 0.10822510822510822
pmos 0.6964607078584283 0.17207792207792208 0.022795440911817635 0.11038961038961038
pmos 0.7822435512897421 0.170995670995671 0.022795440911817635 0.11255411255411256
pmos 0.8290341931613677 0.17316017316017315 0.022795440911817635 0.11255411255411256
pmos 0.9070185962807439 0.262987012987013 0.03479304139172166 0.18831168831168832
nmos 0.10617876424715057 0.4675324675324675 0.022795440911817635 0.11255411255411256
nmos 0.34613077384523094 0.46645021645021645 0.022795440911817635 0.11038961038961038
nmos 0.8488302339532093 0.685064935064935 0.022795440911817635 0.11038961038961038
nmos 0.7831433713257349 0.6807359307359307 0.023395320935812838 0.11038961038961038
nmos 0.7153569286142771 0.6829004329004329 0.023395320935812838 0.11038961038961038
nmos 0.6490701859628074 0.6829004329004329 0.022795440911817635 0.11038961038961038
nmos 0.5806838632273545 0.6818181818181818 0.022795440911817635 0.11255411255411256
nmos 0.4886022795440912 0.7337662337662337 0.023395320935812838 0.11255411255411256
nmos 0.4076184763047391 0.7348484848484849 0.023395320935812838 0.11038961038961038
nmos 0.04469106178764247 0.7348484848484849 0.023395320935812838 0.11038961038961038
vdd 0.03629274145170966 0.027056277056277056 0.014997000599880024 0.023809523809523808
vdd 0.9205158968206358 0.02922077922077922 0.014997000599880024 0.023809523809523808
vdd 0.8389322135572885 0.02922077922077922 0.014997000599880024 0.023809523809523808
vdd 0.7729454109178164 0.024891774891774892 0.014997000599880024 0.023809523809523808
vdd 0.705758848230354 0.027056277056277056 0.014997000599880024 0.023809523809523808
vdd 0.6379724055188962 0.027056277056277056 0.014997000599880024 0.023809523809523808
vdd 0.4988002399520096 0.02922077922077922 0.014997000599880024 0.023809523809523808
vdd 0.41871625674865026 0.027056277056277056 0.015596880623875225 0.023809523809523808
vdd 0.3374325134973005 0.02922077922077922 0.014997000599880024 0.023809523809523808
vdd 0.2570485902819436 0.02922077922077922 0.014997000599880024 0.023809523809523808
vdd 0.1820635872825435 0.02922077922077922 0.014997000599880024 0.023809523809523808
vdd 0.11517696460707859 0.02922077922077922 0.015596880623875225 0.023809523809523808
gnd 0.03479304139172166 0.8939393939393939 0.029994001199760048 0.06493506493506493
gnd 0.21535692861427713 0.7727272727272727 0.029994001199760048 0.06493506493506493
gnd 0.4169166166766647 0.8961038961038961 0.029994001199760048 0.06493506493506493
gnd 0.5710857828434314 0.8441558441558441 0.029994001199760048 0.06493506493506493
gnd 0.4973005398920216 0.8939393939393939 0.029994001199760048 0.06493506493506493
gnd 0.6382723455308938 0.8484848484848485 0.029994001199760048 0.06493506493506493
gnd 0.7048590281943611 0.8463203463203464 0.029994001199760048 0.06493506493506493
gnd 0.7726454709058188 0.8441558441558441 0.029994001199760048 0.06493506493506493
gnd 0.8398320335932813 0.8441558441558441 0.029994001199760048 0.06493506493506493
gnd 0.9202159568086383 0.7294372294372294 0.029994001199760048 0.06493506493506493
gnd 0.9736052789442111 0.7229437229437229 0.029994001199760048 0.06493506493506493
current 0.21595680863827235 0.6569264069264069 0.028794241151769647 0.10606060606060606
current 0.9736052789442111 0.5616883116883117 0.028794241151769647 0.10606060606060606