gnd 0.6302578018995929 0.977818853974122 0.04748982360922659 0.04066543438077634
vdd 0.6295793758480326 0.08410351201478743 0.04341926729986431 0.024029574861367836
pmos 0.43283582089552236 0.3031423290203327 0.08955223880597014 0.11090573012939002
pmos 0.5922659430122117 0.3031423290203327 0.09090909090909091 0.11090573012939002
single-end-amp 0.19470827679782904 0.5212569316081331 0.18317503392130258 0.3068391866913124
pmos 0.8371777476255088 0.33733826247689463 0.08955223880597014 0.11275415896487985
nmos 0.36295793758480327 0.5194085027726433 0.08005427408412483 0.11090573012939002
nmos 0.6628222523744912 0.8123844731977818 0.08005427408412483 0.10905730129390019
nmos 0.8480325644504749 0.8114602587800369 0.07869742198100407 0.11090573012939002
gnd 0.8772048846675712 0.9741219963031423 0.04748982360922659 0.04066543438077634
cross-line-curved 0.8758480325644504 0.6913123844731978 0.04206241519674356 0.04436229205175601
port 0.044097693351424695 0.45748613678373384 0.028493894165535955 0.038817005545286505
port 0.9748982360922659 0.45933456561922364 0.028493894165535955 0.038817005545286505
port 0.9748982360922659 0.6977818853974121 0.028493894165535955 0.038817005545286505
resistor 0.3941655359565807 0.8706099815157117 0.04748982360922659 0.09981515711645102
gnd 0.39552238805970147 0.9824399260628466 0.04748982360922659 0.03512014787430684