port 0.12945139557266602 0.8772819472616633 0.010587102983638113 0.02231237322515213
pmos 0.05919153031761309 0.1389452332657201 0.05293551491819057 0.10344827586206896
pmos 0.23628488931665062 0.1460446247464503 0.05293551491819057 0.10141987829614604
pmos 0.16410009624639077 0.4766734279918864 0.05293551491819057 0.10141987829614604
pmos 0.307507218479307 0.473630831643002 0.05293551491819057 0.10344827586206896
pmos 0.5009624639076035 0.14300202839756593 0.05293551491819057 0.10344827586206896
pmos 0.7762271414821944 0.14198782961460446 0.05293551491819057 0.10141987829614604
pmos 0.8695861405197305 0.14198782961460446 0.05293551491819057 0.10141987829614604
npn 0.19971126082771895 0.7880324543610547 0.03753609239653513 0.1075050709939148
npn 0.27093358999037537 0.7860040567951319 0.03753609239653513 0.1075050709939148
pnp 0.7685274302213667 0.37829614604462475 0.03753609239653513 0.1075050709939148
pnp 0.875842155919153 0.3803245436105477 0.03849855630413859 0.1075050709939148
npn 0.7685274302213667 0.5628803245436106 0.0356111645813282 0.1075050709939148
npn 0.8787295476419634 0.5628803245436106 0.03849855630413859 0.1075050709939148
npn 0.7690086621751684 0.8204868154158215 0.03849855630413859 0.1075050709939148
npn 0.875842155919153 0.8184584178498986 0.03849855630413859 0.1075050709939148
pnp 0.48604427333974976 0.473630831643002 0.03849855630413859 0.1075050709939148
pnp 0.5774783445620789 0.4716024340770791 0.03849855630413859 0.1075050709939148
resistor2 0.6515880654475458 0.473630831643002 0.04042348411934552 0.04665314401622718
resistor2 0.6308950914340712 0.8448275862068966 0.04138594802694899 0.04665314401622718
capacitor 0.7088546679499519 0.4726166328600406 0.014436958614051972 0.06896551724137931
capacitor 0.6876804619826756 0.8468559837728195 0.014436958614051972 0.07099391480730223
single-end-amp 0.8190567853705486 0.2971602434077079 0.061597690086621755 0.14807302231237324
single-end-amp 0.8200192492781521 0.6470588235294118 0.061597690086621755 0.15010141987829614
port 0.03609239653512993 0.3640973630831643 0.010587102983638113 0.02231237322515213
port 0.09961501443695861 0.3356997971602434 0.010587102983638113 0.02231237322515213
port 0.09961501443695861 0.44016227180527384 0.010587102983638113 0.02028397565922921
port 0.9619826756496631 0.45740365111561865 0.010587102983638113 0.02231237322515213
port 0.9619826756496631 0.48580121703853957 0.010587102983638113 0.02231237322515213
port 0.9547641963426372 0.8935091277890467 0.011549566891241578 0.02231237322515213
gnd 0.18623676612127046 0.9614604462474645 0.03946102021174206 0.04056795131845842