capacitor 0.25950054288816504 0.8277385159010601 0.04777415852334419 0.044169611307420496
capacitor 0.21606948968512488 0.3630742049469965 0.04777415852334419 0.044169611307420496
capacitor 0.6221498371335505 0.2835689045936396 0.04777415852334419 0.044169611307420496
capacitor 0.7904451682953312 0.13957597173144876 0.04777415852334419 0.04240282685512368
capacitor 0.7046688382193268 0.5282685512367491 0.04777415852334419 0.04240282685512368
capacitor 0.6199782844733985 0.6060070671378092 0.04777415852334419 0.04240282685512368
capacitor 0.34093376764386535 0.8303886925795053 0.04777415852334419 0.04240282685512368
gnd 0.21498371335504887 0.48498233215547704 0.06948968512486428 0.05123674911660778
capacitor 0.16340933767643864 0.6289752650176679 0.02714440825190011 0.06713780918727916
gnd 0.25787187839305103 0.9522968197879859 0.07057546145494029 0.04946996466431095
gnd 0.33930510314875134 0.9575971731448764 0.07057546145494029 0.04946996466431095
gnd 0.503257328990228 0.8445229681978799 0.07057546145494029 0.04946996466431095
gnd 0.6216069489685125 0.7137809187279152 0.07057546145494029 0.04946996466431095
gnd 0.7024972855591748 0.6360424028268551 0.06948968512486428 0.04946996466431095
capacitor 0.8208469055374593 0.45141342756183744 0.02823018458197611 0.06890459363957598
gnd 0.6216069489685125 0.39399293286219084 0.07057546145494029 0.04946996466431095
gnd 0.7871878393051032 0.24911660777385158 0.06948968512486428 0.04946996466431095
port 0.07654723127035831 0.6280918727915195 0.038002171552660155 0.04063604240282685
port 0.13680781758957655 0.9469964664310954 0.03040173724212812 0.05653710247349823
port 0.8659066232356135 0.45141342756183744 0.038002171552660155 0.04063604240282685
port 0.8517915309446255 0.05035335689045936 0.038002171552660155 0.04063604240282685
inductor 0.21932681867535286 0.6236749116607774 0.04777415852334419 0.028268551236749116
inductor 0.35993485342019543 0.6245583038869258 0.04668838219326819 0.030035335689045935
inductor 0.43485342019543977 0.6210247349823321 0.04668838219326819 0.030035335689045935
inductor 0.5629750271444083 0.44346289752650175 0.04668838219326819 0.028268551236749116
inductor 0.4022801302931596 0.7199646643109541 0.016286644951140065 0.061837455830388695
inductor 0.501085776330076 0.7526501766784452 0.016286644951140065 0.06007067137809187
inductor 0.500542888165038 0.5468197879858657 0.01737242128121607 0.061837455830388695
inductor 0.500542888165038 0.35247349823321555 0.01737242128121607 0.061837455830388695
resistor 0.504885993485342 0.23763250883392226 0.03040173724212812 0.054770318021201414
nmos 0.49022801302931596 0.6298586572438163 0.04234527687296417 0.06537102473498234