pmos 0.7782002534854245 0.2608695652173913 0.043092522179974654 0.06407322654462243
pmos 0.6831432192648923 0.2562929061784897 0.043092522179974654 0.06407322654462243
cross-line-curved 0.36755386565272496 0.6750572082379863 0.020278833967046894 0.02288329519450801
pmos 0.42395437262357416 0.36384439359267734 0.04182509505703422 0.06407322654462243
pmos 0.4233206590621039 0.2551487414187643 0.04055766793409379 0.06636155606407322
pmos 0.3149556400506971 0.2540045766590389 0.04182509505703422 0.06407322654462243
pmos 0.2813688212927757 0.36727688787185353 0.043092522179974654 0.07093821510297482
pmos 0.14068441064638784 0.36498855835240274 0.043092522179974654 0.07093821510297482
pmos 0.6508238276299113 0.15789473684210525 0.029150823827629912 0.05034324942791762
pmos 0.508871989860583 0.15789473684210525 0.029150823827629912 0.05034324942791762
pmos 0.3719898605830165 0.15903890160183065 0.029150823827629912 0.05263157894736842
pmos 0.14005069708491763 0.2551487414187643 0.044359949302915085 0.07093821510297482
pmos 0.08555133079847908 0.17276887871853547 0.029150823827629912 0.043478260869565216
pmos 0.5779467680608364 0.2562929061784897 0.043092522179974654 0.06407322654462243
cross-line-curved 0.417617237008872 0.9004576659038902 0.019011406844106463 0.020594965675057208
cross-line-curved 0.22686945500633712 0.8993135011441648 0.020278833967046894 0.02288329519450801
cross-line-curved 0.2984790874524715 0.45080091533180777 0.019011406844106463 0.02288329519450801
npn 0.7091254752851711 0.8501144164759725 0.029150823827629912 0.07093821510297482
npn 0.449936628643853 0.568649885583524 0.032953105196451206 0.07093821510297482
npn 0.2889733840304182 0.5663615560640732 0.032953105196451206 0.07093821510297482
nmos 0.8067173637515843 0.8306636155606407 0.031685678073510776 0.06864988558352403
nmos 0.6077313054499366 0.8283752860411899 0.031685678073510776 0.06864988558352403
nmos 0.37959442332065907 0.8283752860411899 0.031685678073510776 0.06407322654462243
nmos 0.18948035487959441 0.8260869565217391 0.029150823827629912 0.06407322654462243
nmos 0.14195183776932827 0.8443935926773455 0.02788339670468948 0.05491990846681922
nmos 0.07858048162230671 0.8443935926773455 0.02788339670468948 0.05491990846681922
vdd 0.6983523447401775 0.10755148741418764 0.022813688212927757 0.02288329519450801
vdd 0.6425855513307985 0.10755148741418764 0.022813688212927757 0.02288329519450801
vdd 0.5950570342205324 0.10755148741418764 0.021546261089987327 0.02288329519450801
vdd 0.4987325728770596 0.10755148741418764 0.021546261089987327 0.02288329519450801
vdd 0.4404309252217998 0.10983981693363844 0.021546261089987327 0.02288329519450801
vdd 0.38466413181242076 0.10526315789473684 0.019011406844106463 0.02288329519450801
vdd 0.2991128010139417 0.10755148741418764 0.020278833967046894 0.02288329519450801
vdd 0.1552598225602028 0.10640732265446225 0.019011406844106463 0.02517162471395881
port 0.9144486692015209 0.7643020594965675 0.019011406844106463 0.02745995423340961
port 0.9138149556400507 0.6590389016018307 0.020278833967046894 0.02745995423340961
port 0.9138149556400507 0.5469107551487414 0.020278833967046894 0.02745995423340961
port 0.94106463878327 0.41990846681922195 0.019011406844106463 0.029748283752860413
gnd 0.4556400506970849 0.9473684210526315 0.016476552598225603 0.018306636155606407
port 0.15335868187579213 0.6647597254004577 0.010139416983523447 0.020594965675057208
port 0.06907477820025348 0.6636155606407322 0.008871989860583017 0.02288329519450801
port 0.6825095057034221 0.15560640732265446 0.008871989860583017 0.02288329519450801
port 0.5392902408111534 0.15446224256292906 0.008871989860583017 0.020594965675057208
port 0.3409378960709759 0.15903890160183065 0.010139416983523447 0.020594965675057208
port 0.055133079847908745 0.17048054919908467 0.008871989860583017 0.020594965675057208
capacitor 0.5678073510773131 0.45652173913043476 0.015209125475285171 0.043478260869565216
cross-line-curved 0.5963244613434727 0.6727688787185355 0.019011406844106463 0.02288329519450801
cross-line-curved 0.5963244613434727 0.5663615560640732 0.019011406844106463 0.020594965675057208
resistor 0.8897338403041825 0.4874141876430206 0.022813688212927757 0.07780320366132723
resistor 0.8910012674271229 0.5983981693363845 0.022813688212927757 0.07551487414187644
resistor 0.8903675538656527 0.7105263157894737 0.024081115335868188 0.07551487414187644
resistor 0.8903675538656527 0.8157894736842105 0.024081115335868188 0.07551487414187644
resistor 0.7002534854245881 0.7299771167048055 0.024081115335868188 0.07780320366132723
resistor 0.6989860583016476 0.6235697940503433 0.024081115335868188 0.07551487414187644
resistor 0.7002534854245881 0.5 0.024081115335868188 0.07551487414187644
resistor 0.5285171102661597 0.45652173913043476 0.04055766793409379 0.038901601830663615
cross-line-curved 0.858681875792142 0.8993135011441648 0.019011406844106463 0.018306636155606407
cross-line-curved 0.6457541191381495 0.9004576659038902 0.021546261089987327 0.02517162471395881
cross-line-curved 0.6996197718631179 0.33638443935926776 0.017743979721166033 0.02288329519450801
cross-line-curved 0.79404309252218 0.41418764302059496 0.021546261089987327 0.02288329519450801