port 0.6880841121495327 0.6135430916552668 0.009345794392523364 0.015047879616963064
port 0.985981308411215 0.3084815321477428 0.009345794392523364 0.015047879616963064
gnd 0.8662383177570093 0.957592339261286 0.04789719626168224 0.038303693570451436
gnd 0.4830607476635514 0.9548563611491108 0.04789719626168224 0.038303693570451436
gnd 0.1536214953271028 0.957592339261286 0.04789719626168224 0.038303693570451436
current 0.48189252336448596 0.8071135430916553 0.054906542056074766 0.08481532147742818
current 0.15245327102803738 0.8098495212038304 0.054906542056074766 0.08481532147742818
capacitor 0.7383177570093458 0.3036935704514364 0.030373831775700934 0.057455540355677154
vdd 0.06483644859813084 0.3440492476060191 0.02219626168224299 0.012311901504787962
resistor2 0.865070093457944 0.6142270861833106 0.036214953271028034 0.09302325581395349
resistor2 0.8644859813084113 0.4432284541723666 0.037383177570093455 0.09302325581395349
nmos 0.6279205607476636 0.6190150478796169 0.06425233644859812 0.07250341997264022
nmos 0.34345794392523366 0.6183310533515732 0.0630841121495327 0.07387140902872777
nmos 0.570677570093458 0.43091655266757867 0.06658878504672897 0.07934336525307797
nmos 0.3977803738317757 0.4274965800273598 0.06425233644859812 0.07797537619699042
nmos 0.12091121495327103 0.42954856361149113 0.06658878504672897 0.07934336525307797
pmos 0.8341121495327103 0.22298221614227087 0.07242990654205607 0.07934336525307797
pmos 0.5677570093457944 0.14500683994528044 0.07242990654205607 0.07934336525307797
pmos 0.18457943925233644 0.14500683994528044 0.07242990654205607 0.07934336525307797
vdd 0.5998831775700935 0.05813953488372093 0.029205607476635514 0.015047879616963064