nmos 0.6520874751491054 0.5184696569920845 0.07157057654075547 0.11873350923482849
cross-line-curved 0.3379721669980119 0.7005277044854882 0.027833001988071572 0.029023746701846966
gnd 0.8151093439363817 0.6596306068601583 0.0636182902584493 0.04221635883905013
port 0.18389662027833 0.5171503957783641 0.02584493041749503 0.036939313984168866
cross-line-curved 0.621272365805169 0.7005277044854882 0.02982107355864811 0.029023746701846966
nmos 0.3081510934393638 0.8337730870712401 0.07157057654075547 0.12137203166226913
port 0.21570576540755468 0.8324538258575198 0.02982107355864811 0.03430079155672823
pmos 0.36779324055666 0.26517150395778366 0.07157057654075547 0.11873350923482849
resistor 0.4860834990059642 0.6451187335092349 0.10934393638170974 0.07651715039577836
port 0.18389662027833 0.7058047493403694 0.02584493041749503 0.03430079155672823
nmos 0.305168986083499 0.5184696569920845 0.073558648111332 0.11873350923482849
nmos 0.5924453280318092 0.8311345646437994 0.07157057654075547 0.12137203166226913
pmos 0.5924453280318092 0.26649076517150394 0.07157057654075547 0.12137203166226913
gnd 0.3379721669980119 0.9696569920844327 0.06759443339960239 0.044854881266490766
gnd 0.6222664015904572 0.9709762532981531 0.0636182902584493 0.04221635883905013
port 0.6819085487077535 0.391820580474934 0.027833001988071572 0.0395778364116095