pmos 0.3741044012282497 0.2874015748031496 0.05015353121801433 0.06186726659167604
pmos 0.6325486182190379 0.2862767154105737 0.04912998976458546 0.06186726659167604
pmos 0.37461617195496416 0.6428571428571429 0.04912998976458546 0.06186726659167604
pmos 0.646878198567042 0.6428571428571429 0.04912998976458546 0.06186726659167604
nmos 0.0752302968270215 0.44769403824521936 0.04196519959058342 0.06299212598425197
nmos 0.19140225179119755 0.7671541057367829 0.04094165813715456 0.06299212598425197
nmos 0.41760491299897645 0.8560179977502812 0.04094165813715456 0.06299212598425197
nmos 0.6084953940634595 0.8571428571428571 0.04196519959058342 0.06299212598425197
nmos 0.8254861821903787 0.7671541057367829 0.04196519959058342 0.06299212598425197
nmos 0.5921187308085978 0.44769403824521936 0.04196519959058342 0.06299212598425197
port 0.05885363357215967 0.18672665916760406 0.021494370522006142 0.015748031496062992
port 0.9201637666325486 0.4482564679415073 0.030706243602865915 0.0281214848143982
port 0.763050153531218 0.6417322834645669 0.02354145342886387 0.025871766029246346
port 0.2517911975435005 0.641169853768279 0.022517911975435005 0.024746906636670417
pmos 0.19344933469805528 0.14454443194600675 0.04912998976458546 0.06186726659167604
resistor 0.44268167860798363 0.7671541057367829 0.037871033776867964 0.02924634420697413
resistor 0.5731832139201638 0.7682789651293588 0.0368474923234391 0.02924634420697413
gnd 0.3986693961105425 0.515748031496063 0.03582395087001024 0.025871766029246346
gnd 0.6100307062436029 0.515748031496063 0.03480040941658137 0.025871766029246346
vdd 0.39969293756397134 0.046681664791901015 0.03172978505629478 0.030371203599550055
vdd 0.6084953940634595 0.045556805399325086 0.03172978505629478 0.030371203599550055
vdd 0.8439099283520982 0.046681664791901015 0.03172978505629478 0.030371203599550055
gnd 0.5133060388945753 0.9775028121484814 0.03582395087001024 0.024746906636670417
vdd 0.17349027635619244 0.047806524184476944 0.03172978505629478 0.030371203599550055
pmos 0.37461617195496416 0.19853768278965128 0.04912998976458546 0.06186726659167604
pmos 0.631525076765609 0.19741282339707536 0.04912998976458546 0.06186726659167604
pmos 0.8208802456499488 0.14454443194600675 0.04912998976458546 0.06186726659167604
nmos 0.3812691914022518 0.44769403824521936 0.04196519959058342 0.06299212598425197