resistor 0.8314393939393939 0.27595628415300544 0.1553030303030303 0.03825136612021858
resistor 0.17234848484848486 0.27595628415300544 0.1553030303030303 0.03825136612021858
resistor 0.5018939393939394 0.075591985428051 0.1553030303030303 0.03825136612021858
port 0.4981060606060606 0.8378870673952641 0.041666666666666664 0.018214936247723135
port 0.5018939393939394 0.6147540983606558 0.041666666666666664 0.020036429872495445
port 0.5018939393939394 0.3925318761384335 0.041666666666666664 0.020036429872495445
port 0.5018939393939394 0.1703096539162113 0.041666666666666664 0.020036429872495445
nmos 0.5 0.9116575591985429 0.2196969696969697 0.07103825136612021
nmos 0.5 0.6894353369763205 0.2196969696969697 0.07103825136612021
nmos 0.5018939393939394 0.4663023679417122 0.22348484848484848 0.0692167577413479
nmos 0.5018939393939394 0.24408014571949 0.22348484848484848 0.0692167577413479
resistor 0.8333333333333334 0.9444444444444444 0.16666666666666666 0.03825136612021858
resistor 0.16856060606060605 0.9444444444444444 0.1553030303030303 0.03825136612021858
resistor 0.8333333333333334 0.7222222222222222 0.15151515151515152 0.03825136612021858
resistor 0.16856060606060605 0.7240437158469946 0.1553030303030303 0.03825136612021858
resistor 0.8276515151515151 0.5 0.1553030303030303 0.03825136612021858
resistor 0.16666666666666666 0.5 0.15151515151515152 0.03825136612021858