port 0.1191304347826087 0.7718309859154929 0.036521739130434785 0.061971830985915494
switch 0.22260869565217392 0.6619718309859155 0.08 0.1352112676056338
switch 0.22086956521739132 0.3267605633802817 0.08 0.1352112676056338
switch 0.7052173913043478 0.5802816901408451 0.0817391304347826 0.07323943661971831
switch 0.7052173913043478 0.4126760563380282 0.0817391304347826 0.07042253521126761
switch 0.5452173913043479 0.6816901408450704 0.0817391304347826 0.07323943661971831
switch 0.5495652173913044 0.31408450704225355 0.08347826086956522 0.07042253521126761
diff-amp 0.49217391304347824 0.5 0.17043478260869566 0.27323943661971833
capacitor 0.7965217391304348 0.49577464788732395 0.08 0.056338028169014086
capacitor 0.48782608695652174 0.8295774647887324 0.029565217391304348 0.1267605633802817
capacitor 0.32 0.6647887323943662 0.03130434782608696 0.1295774647887324
capacitor 0.3191304347826087 0.3295774647887324 0.029565217391304348 0.1295774647887324
capacitor 0.48869565217391303 0.1619718309859155 0.03130434782608696 0.1267605633802817
port 0.7234782608695652 0.16338028169014085 0.034782608695652174 0.061971830985915494
port 0.8643478260869565 0.4309859154929577 0.034782608695652174 0.061971830985915494
port 0.8617391304347826 0.5619718309859155 0.036521739130434785 0.0647887323943662
port 0.7278260869565217 0.8309859154929577 0.036521739130434785 0.061971830985915494
switch 0.6086956521739131 0.7943661971830986 0.08 0.11830985915492957
port 0.1191304347826087 0.49014084507042255 0.036521739130434785 0.061971830985915494
port 0.1191304347826087 0.21971830985915494 0.036521739130434785 0.061971830985915494
switch 0.6104347826086957 0.2028169014084507 0.08 0.10704225352112676