port 0.9572 0.2867647058823529 0.012 0.020588235294117647
port 0.7932 0.08529411764705883 0.012 0.020588235294117647
port 0.9484 0.7823529411764706 0.012 0.020588235294117647
port 0.794 0.5779411764705882 0.012 0.020588235294117647
nmos 0.114 0.19117647058823528 0.0264 0.06764705882352941
nmos 0.342 0.4889705882352941 0.0264 0.06911764705882353
nmos 0.5172 0.4117647058823529 0.0264 0.06764705882352941
nmos 0.59 0.8279411764705882 0.0264 0.06764705882352941
nmos 0.614 0.2852941176470588 0.0264 0.06764705882352941
nmos 0.642 0.8227941176470588 0.0264 0.06911764705882353
nmos 0.802 0.7808823529411765 0.0264 0.06764705882352941
nmos 0.802 0.28602941176470587 0.0264 0.06911764705882353
pmos 0.2216 0.19117647058823528 0.0288 0.07647058823529412
pmos 0.164 0.8264705882352941 0.0288 0.07647058823529412
nmos 0.0952 0.8264705882352941 0.0288 0.07647058823529412
nmos 0.3416 0.6735294117647059 0.0288 0.07647058823529412
capacitor 0.4164 0.40955882352941175 0.0136 0.057352941176470586
capacitor 0.4388 0.8088235294117647 0.0136 0.05588235294117647
capacitor 0.5256 0.8632352941176471 0.0288 0.023529411764705882
capacitor 0.2604 0.7955882352941176 0.0296 0.023529411764705882
current 0.1056 0.3382352941176471 0.0352 0.061764705882352944
current 0.652 0.7161764705882353 0.0352 0.06470588235294118
current 0.7928 0.15808823529411764 0.0352 0.060294117647058824
current 0.7936 0.6522058823529412 0.032 0.060294117647058824
resistor 0.3504 0.23308823529411765 0.024 0.08676470588235294
resistor 0.5272 0.16838235294117648 0.024 0.08676470588235294
resistor 0.6208 0.4514705882352941 0.024 0.08823529411764706
resistor 0.7928 0.3816176470588235 0.024 0.08676470588235294
resistor 0.9024 0.2867647058823529 0.0464 0.047058823529411764
resistor 0.8924 0.7838235294117647 0.0456 0.047058823529411764
gnd 0.5816 0.9147058823529411 0.0192 0.01764705882352941
gnd 0.262 0.8852941176470588 0.0216 0.020588235294117647
gnd 0.174 0.9154411764705882 0.0216 0.01911764705882353
gnd 0.526 0.9397058823529412 0.0216 0.020588235294117647
gnd 0.6504 0.9139705882352941 0.0208 0.01911764705882353
gnd 0.106 0.4338235294117647 0.0216 0.020588235294117647
gnd 0.622 0.5529411764705883 0.0216 0.020588235294117647
gnd 0.3516 0.7602941176470588 0.0216 0.020588235294117647
gnd 0.794 0.8867647058823529 0.0216 0.020588235294117647
gnd 0.7932 0.4808823529411765 0.0216 0.020588235294117647
port 0.0888 0.07279411764705883 0.0048 0.010294117647058823
port 0.6744 0.07205882352941176 0.0048 0.008823529411764706
port 0.4084 0.02426470588235294 0.0136 0.022058823529411766
port 0.0552 0.6705882352941176 0.0128 0.023529411764705882
port 0.1304 0.8676470588235294 0.0112 0.020588235294117647
port 0.0864 0.9029411764705882 0.0128 0.020588235294117647
port 0.2956 0.48970588235294116 0.012 0.020588235294117647
port 0.3784 0.5779411764705882 0.0128 0.020588235294117647
port 0.4652 0.36617647058823527 0.012 0.020588235294117647
port 0.6516 0.638235294117647 0.012 0.020588235294117647
port 0.6572 0.3602941176470588 0.012 0.020588235294117647