capacitor 0.8379120879120879 0.7280701754385965 0.04945054945054945 0.03258145363408521
port 0.11172161172161173 0.843358395989975 0.007326007326007326 0.012531328320802004
port 0.12545787545787546 0.15162907268170425 0.005494505494505495 0.012531328320802004
port 0.8772893772893773 0.5175438596491229 0.007326007326007326 0.012531328320802004
port 0.3882783882783883 0.5175438596491229 0.007326007326007326 0.012531328320802004
pmos 0.18864468864468864 0.14786967418546365 0.05128205128205128 0.09022556390977443
pmos 0.5082417582417582 0.17293233082706766 0.04945054945054945 0.09022556390977443
pmos 0.7554945054945055 0.17543859649122806 0.04945054945054945 0.09022556390977443
pmos 0.9532967032967034 0.2769423558897243 0.04945054945054945 0.09273182957393483
pmos 0.7298534798534798 0.518796992481203 0.04945054945054945 0.09022556390977443
pmos 0.4532967032967033 0.5162907268170426 0.04945054945054945 0.09022556390977443
pmos 0.2573260073260073 0.3358395989974937 0.04945054945054945 0.09022556390977443
pmos 0.1336996336996337 0.3358395989974937 0.047619047619047616 0.08521303258145363
nmos 0.12179487179487179 0.5902255639097744 0.045787545787545784 0.09273182957393483
nmos 0.27380952380952384 0.5889724310776943 0.045787545787545784 0.09523809523809523
nmos 0.17399267399267399 0.8458646616541353 0.047619047619047616 0.09273182957393483
nmos 0.5091575091575091 0.8709273182957393 0.047619047619047616 0.09273182957393483
nmos 0.7527472527472527 0.8696741854636592 0.047619047619047616 0.09523809523809523
nmos 0.9532967032967034 0.7882205513784462 0.045787545787545784 0.09273182957393483
nmos 0.8131868131868132 0.518796992481203 0.047619047619047616 0.09523809523809523
nmos 0.5366300366300366 0.5200501253132832 0.047619047619047616 0.09273182957393483
capacitor 0.8452380952380952 0.3258145363408521 0.04945054945054945 0.03007518796992481
resistor 0.8974358974358975 0.38721804511278196 0.05128205128205128 0.06265664160401002
vdd 0.4935897435897436 0.06390977443609022 0.04945054945054945 0.02756892230576441
vdd 0.7701465201465202 0.06265664160401002 0.04945054945054945 0.02506265664160401
gnd 0.4935897435897436 0.949874686716792 0.04945054945054945 0.02506265664160401
gnd 0.7701465201465202 0.9486215538847118 0.04945054945054945 0.02756892230576441
resistor 0.8782051282051282 0.6491228070175439 0.056776556776556776 0.06516290726817042