port 0.8333333333333334 0.5 0.013333333333333334 0.023923444976076555
pmos 0.5288888888888889 0.27751196172248804 0.11555555555555555 0.11483253588516747
pmos 0.6822222222222222 0.27751196172248804 0.1111111111111111 0.11483253588516747
pmos 0.46 0.7009569377990431 0.1111111111111111 0.11961722488038277
pmos 0.46 0.8660287081339713 0.1111111111111111 0.11483253588516747
capacitor 0.34 0.7464114832535885 0.10222222222222223 0.05741626794258373
capacitor 0.7911111111111111 0.6913875598086124 0.09777777777777778 0.05263157894736842
capacitor 0.2577777777777778 0.5550239234449761 0.05333333333333334 0.10526315789473684
capacitor 0.2577777777777778 0.4449760765550239 0.05333333333333334 0.10526315789473684
capacitor 0.5711111111111111 0.0861244019138756 0.057777777777777775 0.10526315789473684
single-end-amp 0.5822222222222222 0.49521531100478466 0.2577777777777778 0.24401913875598086
gnd 0.3466666666666667 0.8947368421052632 0.10666666666666667 0.07655502392344497
gnd 0.4177777777777778 0.9665071770334929 0.10666666666666667 0.06698564593301436
gnd 0.7955555555555556 0.8373205741626795 0.10666666666666667 0.07655502392344497
port 0.11777777777777777 0.4473684210526316 0.013333333333333334 0.023923444976076555
port 0.11555555555555555 0.5526315789473685 0.017777777777777778 0.023923444976076555