port 0.9032258064516129 0.041371158392434985 0.017921146953405017 0.02127659574468085
pmos 0.23745519713261648 0.9385342789598109 0.12724014336917563 0.12293144208037825
pmos 0.5259856630824373 0.9385342789598109 0.12724014336917563 0.12293144208037825
pmos 0.5331541218637993 0.6843971631205674 0.12724014336917563 0.13002364066193853
pmos 0.239247311827957 0.6843971631205674 0.12724014336917563 0.13002364066193853
pmos 0.239247311827957 0.41962174940898345 0.12724014336917563 0.13002364066193853
pmos 0.5259856630824373 0.41725768321513 0.12724014336917563 0.13002364066193853
pmos 0.5277777777777778 0.16312056737588654 0.12724014336917563 0.1276595744680851
pmos 0.23745519713261648 0.16312056737588654 0.12724014336917563 0.1276595744680851
port 0.7724014336917563 0.2765957446808511 0.017921146953405017 0.02364066193853428
port 0.7732974910394266 0.3191489361702128 0.01971326164874552 0.02364066193853428
port 0.7724014336917563 0.5390070921985816 0.017921146953405017 0.02364066193853428
port 0.7706093189964157 0.5851063829787234 0.017921146953405017 0.02127659574468085
port 0.7724014336917563 0.7990543735224587 0.017921146953405017 0.02364066193853428
port 0.771505376344086 0.8439716312056738 0.01971326164874552 0.02364066193853428
port 0.9041218637992832 0.8203309692671394 0.01971326164874552 0.02364066193853428
port 0.9032258064516129 0.5673758865248227 0.017921146953405017 0.02364066193853428
port 0.9032258064516129 0.2978723404255319 0.017921146953405017 0.02364066193853428