pmos 0.4368575624082232 0.20055710306406685 0.042584434654919234 0.10027855153203342
port 0.18135095447870778 0.8203342618384402 0.010279001468428781 0.019498607242339833
port 0.184287812041116 0.6796657381615598 0.010279001468428781 0.016713091922005572
port 0.3252569750367107 0.3203342618384401 0.010279001468428781 0.016713091922005572
port 0.7980910425844346 0.3231197771587744 0.010279001468428781 0.016713091922005572
port 0.7085168869309838 0.46657381615598886 0.010279001468428781 0.019498607242339833
port 0.40969162995594716 0.46657381615598886 0.00881057268722467 0.019498607242339833
port 0.19823788546255505 0.44846796657381616 0.014684287812041116 0.033426183844011144
port 0.34948604992657856 0.8203342618384402 0.00881057268722467 0.019498607242339833
port 0.3487518355359765 0.6782729805013927 0.010279001468428781 0.019498607242339833
port 0.5638766519823789 0.6796657381615598 0.00881057268722467 0.016713091922005572
port 0.5646108663729809 0.8231197771587744 0.010279001468428781 0.019498607242339833
port 0.9324522760646109 0.44986072423398327 0.014684287812041116 0.03064066852367688
pmos 0.43759177679882527 0.46657381615598886 0.041116005873715125 0.08635097493036212
vdd 0.05506607929515418 0.05988857938718663 0.042584434654919234 0.03064066852367688
vdd 0.22980910425844348 0.06128133704735376 0.042584434654919234 0.027855153203342618
vdd 0.45301027900146845 0.05988857938718663 0.042584434654919234 0.03064066852367688
vdd 0.6688693098384728 0.05988857938718663 0.042584434654919234 0.03064066852367688
vdd 0.8906020558002937 0.05988857938718663 0.042584434654919234 0.03064066852367688
gnd 0.8906020558002937 0.9415041782729805 0.042584434654919234 0.027855153203342618
gnd 0.6659324522760646 0.9415041782729805 0.042584434654919234 0.027855153203342618
gnd 0.45301027900146845 0.9415041782729805 0.042584434654919234 0.027855153203342618
gnd 0.23127753303964757 0.9415041782729805 0.042584434654919234 0.027855153203342618
gnd 0.05506607929515418 0.9428969359331476 0.042584434654919234 0.03064066852367688
pmos 0.24522760646108663 0.318941504178273 0.041116005873715125 0.09192200557103064
pmos 0.6806167400881057 0.19637883008356546 0.04552129221732746 0.09192200557103064
pmos 0.24669603524229075 0.19498607242339833 0.041116005873715125 0.10027855153203342
current 0.053597650513950074 0.362116991643454 0.0513950073421439 0.10027855153203342
resistor 0.8928046989720999 0.66991643454039 0.04698972099853157 0.14206128133704735
resistor 0.6101321585903083 0.37047353760445684 0.06901615271659324 0.08913649025069638
resistor 0.5102790014684288 0.37047353760445684 0.06901615271659324 0.08913649025069638
resistor 0.23348017621145375 0.6713091922005571 0.04405286343612335 0.1392757660167131
nmos 0.0697503671071953 0.8189415041782729 0.04552129221732746 0.08913649025069638
nmos 0.0697503671071953 0.6796657381615598 0.04552129221732746 0.08913649025069638
nmos 0.6527165932452276 0.6796657381615598 0.04552129221732746 0.08913649025069638
nmos 0.6512481644640234 0.8217270194986073 0.04552129221732746 0.08913649025069638
nmos 0.43759177679882527 0.8217270194986073 0.04405286343612335 0.08913649025069638
nmos 0.43832599118942733 0.6796657381615598 0.04552129221732746 0.08913649025069638
pmos 0.8759177679882526 0.19498607242339833 0.039647577092511016 0.10027855153203342
pmos 0.8759177679882526 0.3203342618384401 0.042584434654919234 0.10027855153203342
pmos 0.6813509544787077 0.467966573816156 0.041116005873715125 0.10027855153203342