gnd 0.29943019943019944 0.9616306954436451 0.037037037037037035 0.04316546762589928
nmos 0.4740740740740741 0.8207434052757794 0.02735042735042735 0.07793764988009592
nmos 0.6173789173789174 0.592925659472422 0.02678062678062678 0.07793764988009592
nmos 0.6173789173789174 0.7883693045563549 0.02678062678062678 0.07793764988009592
nmos 0.703988603988604 0.5953237410071942 0.02678062678062678 0.07793764988009592
nmos 0.22962962962962963 0.8207434052757794 0.02735042735042735 0.07793764988009592
nmos 0.09857549857549858 0.8207434052757794 0.02735042735042735 0.07793764988009592
nmos 0.027065527065527065 0.8219424460431655 0.02678062678062678 0.07793764988009592
nmos 0.09857549857549858 0.6085131894484412 0.02735042735042735 0.07793764988009592
nmos 0.027635327635327635 0.6109112709832134 0.02678062678062678 0.07793764988009592
nmos 0.22905982905982905 0.6085131894484412 0.02962962962962963 0.07793764988009592
pmos 0.2284900284900285 0.20203836930455635 0.02962962962962963 0.07793764988009592
pmos 0.24786324786324787 0.4316546762589928 0.02962962962962963 0.07673860911270983
pmos 0.350997150997151 0.42985611510791366 0.02962962962962963 0.07793764988009592
nmos 0.3715099715099715 0.6079136690647482 0.02962962962962963 0.07673860911270983
pmos 0.8809116809116809 0.526378896882494 0.02962962962962963 0.07673860911270983
pmos 0.8809116809116809 0.395083932853717 0.02962962962962963 0.07793764988009592
pmos 0.7250712250712251 0.3986810551558753 0.02905982905982906 0.07793764988009592
pmos 0.5971509971509972 0.2038369304556355 0.02962962962962963 0.07673860911270983
nmos 0.37264957264957266 0.8195443645083933 0.02735042735042735 0.07793764988009592
nmos 0.8803418803418803 0.6588729016786571 0.02735042735042735 0.07793764988009592
nmos 0.8803418803418803 0.7883693045563549 0.02735042735042735 0.07793764988009592
nmos 0.7037037037037037 0.7883693045563549 0.02735042735042735 0.07793764988009592
capacitor 0.9601139601139601 0.7547961630695443 0.035327635327635325 0.027577937649880094
vdd 0.3005698005698006 0.09652278177458033 0.034757834757834755 0.017985611510791366
resistor 0.3005698005698006 0.3195443645083933 0.037037037037037035 0.049160671462829736
pmos 0.49344729344729343 0.2038369304556355 0.02962962962962963 0.07673860911270983
pmos 0.35156695156695156 0.2038369304556355 0.02962962962962963 0.07673860911270983
pmos 0.11851851851851852 0.20203836930455635 0.02962962962962963 0.07793764988009592
port 0.7991452991452992 0.592925659472422 0.008547008547008548 0.017985611510791366
port 0.18547008547008548 0.6097122302158273 0.008547008547008548 0.017985611510791366
port 0.41623931623931626 0.6091127098321343 0.008547008547008548 0.019184652278177457
port 0.9752136752136752 0.5935251798561151 0.008547008547008548 0.016786570743405275
port 0.017094017094017096 0.447841726618705 0.003418803418803419 0.005995203836930456