nmos 0.09478168264110756 0.7959641255605381 0.06602768903088392 0.11509715994020926
gnd 0.5638977635782748 0.9835575485799701 0.04792332268370607 0.03288490284005979
gnd 0.882321618743344 0.984304932735426 0.04579339723109691 0.03139013452914798
port 0.025026624068157616 0.06427503736920777 0.011714589989350373 0.017937219730941704
pmos 0.3210862619808307 0.1547085201793722 0.07135250266240682 0.11808669656203288
pmos 0.49148029818956335 0.1591928251121076 0.07135250266240682 0.11808669656203288
pmos 0.7215122470713525 0.3101644245142003 0.07135250266240682 0.11808669656203288
nmos 0.3780617678381257 0.7944693572496263 0.07028753993610223 0.11509715994020926
nmos 0.2678381256656017 0.4798206278026906 0.07135250266240682 0.11659192825112108
nmos 0.5447284345047924 0.4828101644245142 0.07135250266240682 0.11659192825112108
port 0.6107561235356762 0.4790732436472347 0.009584664536741214 0.013452914798206279
capacitor 0.9286474973375932 0.6061285500747384 0.038338658146964855 0.03139013452914798
capacitor 0.6794462193823216 0.4155455904334828 0.023429179978700747 0.05680119581464873
current 0.06815761448349308 0.38266068759342303 0.08519701810436635 0.12257100149476831
resistor 0.7476038338658147 0.7017937219730942 0.025559105431309903 0.07623318385650224
resistor 0.8370607028753994 0.6031390134529148 0.025559105431309903 0.07623318385650224
resistor 0.7465388711395101 0.5418535127055306 0.025559105431309903 0.07623318385650224
port 0.808839190628328 0.06352765321375187 0.011714589989350373 0.016442451420029897