inductor 0.24719101123595505 0.7318681318681318 0.05393258426966292 0.08351648351648351
inductor 0.028089887640449437 0.7296703296703296 0.056179775280898875 0.08351648351648351
inductor 0.7539325842696629 0.7296703296703296 0.056179775280898875 0.08351648351648351
inductor 0.9741573033707865 0.7296703296703296 0.051685393258426963 0.08351648351648351
inductor 0.8651685393258427 0.6010989010989011 0.05393258426966292 0.08131868131868132
inductor 0.49550561797752807 0.24065934065934066 0.08764044943820225 0.054945054945054944
vdd 0.49325842696629213 0.06923076923076923 0.056179775280898875 0.02857142857142857
vdd 0.5 0.4967032967032967 0.056179775280898875 0.026373626373626374
capacitor 0.8662921348314607 0.7285714285714285 0.051685393258426963 0.03736263736263736
capacitor 0.13595505617977527 0.7285714285714285 0.051685393258426963 0.03736263736263736
capacitor 0.6887640449438203 0.3021978021978022 0.051685393258426963 0.03736263736263736
capacitor 0.40786516853932586 0.3 0.051685393258426963 0.03736263736263736
current 0.650561797752809 0.6681318681318681 0.08314606741573034 0.08351648351648351
current 0.349438202247191 0.6659340659340659 0.08314606741573034 0.07912087912087912
gnd 0.6337078651685393 0.4197802197802198 0.05393258426966292 0.03956043956043956
gnd 0.35168539325842696 0.4197802197802198 0.056179775280898875 0.03956043956043956
gnd 0.8685393258426967 0.8483516483516483 0.056179775280898875 0.04395604395604396
gnd 0.13707865168539327 0.8483516483516483 0.05393258426966292 0.03956043956043956
gnd 0.549438202247191 0.6681318681318681 0.038202247191011236 0.05274725274725275
gnd 0.45617977528089887 0.667032967032967 0.035955056179775284 0.05054945054945055
inductor 0.350561797752809 0.17582417582417584 0.05393258426966292 0.08351648351648351
inductor 0.6337078651685393 0.17362637362637362 0.05393258426966292 0.08351648351648351
inductor 0.5808988764044943 0.3 0.056179775280898875 0.08131868131868132
inductor 0.2966292134831461 0.3010989010989011 0.05393258426966292 0.08351648351648351
inductor 0.13595505617977527 0.6043956043956044 0.056179775280898875 0.08351648351648351