nmos 0.609375 0.4017216642754663 0.07375 0.06312769010043041
gnd 0.930625 0.7073170731707317 0.05875 0.06599713055954089
gnd 0.326875 0.8644189383070301 0.05875 0.06456241032998565
port 0.115 0.5652797704447633 0.015 0.00860832137733142
port 0.495 0.6025824964131994 0.015 0.00860832137733142
port 0.61125 0.6018651362984218 0.015 0.007173601147776184
port 0.61125 0.5609756097560976 0.015 0.00860832137733142
port 0.494375 0.5609756097560976 0.01375 0.00860832137733142
port 0.494375 0.3299856527977044 0.01375 0.00860832137733142
port 0.611875 0.3299856527977044 0.01375 0.00860832137733142
port 0.61125 0.28407460545193686 0.015 0.00860832137733142
port 0.495 0.2855093256814921 0.015 0.00860832137733142
port 0.49625 0.054519368723098996 0.015 0.00860832137733142
port 0.610625 0.05308464849354376 0.01375 0.00860832137733142
port 0.959375 0.5717360114777619 0.00875 0.015781922525107604
nmos 0.495 0.4031563845050215 0.0725 0.06312769010043041
nmos 0.610625 0.672883787661406 0.07375 0.06312769010043041
nmos 0.494375 0.8385939741750359 0.07375 0.06456241032998565
nmos 0.609375 0.8371592539454806 0.07375 0.06456241032998565
pmos 0.494375 0.5007173601147776 0.07375 0.08034433285509325
pmos 0.610625 0.5021520803443329 0.07375 0.08034433285509325
pmos 0.495 0.2266857962697274 0.0725 0.08034433285509325
pmos 0.61125 0.22381635581061693 0.0725 0.08034433285509325
capacitor 0.160625 0.38091822094691535 0.06375 0.03873744619799139
capacitor 0.926875 0.6233859397417504 0.06375 0.03873744619799139
inductor 0.074375 0.3880918220946915 0.04875 0.1994261119081779
nmos 0.6075 0.12266857962697274 0.0725 0.06456241032998565
nmos 0.494375 0.6714490674318508 0.07375 0.06312769010043041
nmos 0.494375 0.11764705882352941 0.07375 0.06312769010043041