capacitor 0.8545454545454545 0.592948717948718 0.07272727272727272 0.057692307692307696
capacitor 0.8545454545454545 0.8012820512820513 0.07272727272727272 0.05128205128205128
gnd 0.1303030303030303 0.9423076923076923 0.06666666666666667 0.0641025641025641
gnd 0.30303030303030304 0.9551282051282052 0.07272727272727272 0.0641025641025641
gnd 0.6818181818181818 0.9551282051282052 0.06666666666666667 0.0641025641025641
gnd 0.8545454545454545 0.9326923076923077 0.07272727272727272 0.07051282051282051
vdd 0.48484848484848486 0.038461538461538464 0.12121212121212122 0.05128205128205128
inductor 0.30606060606060603 0.22756410256410256 0.10303030303030303 0.12179487179487179
inductor 0.6787878787878788 0.22756410256410256 0.09696969696969697 0.12179487179487179
diode 0.3878787878787879 0.3782051282051282 0.08484848484848485 0.08974358974358974
diode 0.593939393939394 0.38461538461538464 0.08484848484848485 0.08974358974358974
port 0.48787878787878786 0.3141025641025641 0.030303030303030304 0.038461538461538464
port 0.2727272727272727 0.3814102564102564 0.03636363636363636 0.04487179487179487
port 0.7090909090909091 0.38461538461538464 0.03636363636363636 0.038461538461538464
nmos 0.3484848484848485 0.5865384615384616 0.11515151515151516 0.1346153846153846
nmos 0.6333333333333333 0.592948717948718 0.11515151515151516 0.1346153846153846
nmos 0.3424242424242424 0.8205128205128205 0.11515151515151516 0.14102564102564102
nmos 0.6363636363636364 0.8205128205128205 0.10909090909090909 0.14102564102564102
capacitor 0.12727272727272726 0.5961538461538461 0.07272727272727272 0.05128205128205128
capacitor 0.12727272727272726 0.8141025641025641 0.07272727272727272 0.05128205128205128