capacitor 0.44559585492227977 0.40813577586206895 0.02849740932642487 0.056573275862068964
capacitor 0.7069300518134715 0.7745150862068966 0.07189119170984457 0.02747844827586207
resistor 0.3235103626943005 0.41783405172413796 0.036917098445595854 0.07920258620689655
resistor 0.7344559585492227 0.41783405172413796 0.03756476683937824 0.07920258620689655
inductor 0.49384715025906734 0.6338900862068966 0.036917098445595854 0.08566810344827586
port 0.06152849740932642 0.6047952586206896 0.025906735751295335 0.03178879310344827
port 0.43037564766839376 0.49353448275862066 0.025259067357512953 0.020474137931034482
port 0.626619170984456 0.49299568965517243 0.025259067357512953 0.020474137931034482
nmos 0.27882124352331605 0.6069504310344828 0.10816062176165803 0.07704741379310345
vdd 0.523639896373057 0.2594288793103448 0.13665803108808292 0.02209051724137931
pmos 0.3397020725388601 0.1896551724137931 0.1055699481865285 0.08081896551724138
pmos 0.10621761658031088 0.18588362068965517 0.10621761658031088 0.08081896551724138
vdd 0.21794041450777202 0.010775862068965518 0.13665803108808292 0.021551724137931036
nmos 0.47797927461139894 0.8397090517241379 0.10751295336787564 0.07704741379310345
nmos 0.7772020725388601 0.6069504310344828 0.10751295336787564 0.07704741379310345
port 0.9909326424870466 0.6066810344827587 0.018134715025906734 0.020474137931034482
port 0.25680051813471505 0.8356681034482759 0.025259067357512953 0.020474137931034482
gnd 0.05667098445595855 0.45851293103448276 0.1133419689119171 0.05818965517241379
gnd 0.5262305699481865 0.41029094827586204 0.052461139896373056 0.06303879310344827
current 0.05505181347150259 0.34240301724137934 0.08937823834196891 0.07596982758620689
gnd 0.5278497409326425 0.9752155172413793 0.11398963730569948 0.04956896551724138
gnd 0.7062823834196891 0.8407866379310345 0.0822538860103627 0.04256465517241379
cross-line-curved 0.4025259067357513 0.33728448275862066 0.044689119170984455 0.036637931034482756