inductor 0.8064138576779026 0.2862042682926829 0.023876404494382022 0.15929878048780488
port 0.4438202247191011 0.07545731707317073 0.02153558052434457 0.03201219512195122
port 0.8122659176029963 0.01638719512195122 0.02153558052434457 0.03125
port 0.9904026217228464 0.3628048780487805 0.019194756554307114 0.03201219512195122
port 0.04588014981273408 0.5727896341463414 0.02153558052434457 0.03125
gnd 0.08801498127340825 0.7865853658536586 0.05337078651685393 0.036585365853658534
gnd 0.29728464419475653 0.9817073170731707 0.05337078651685393 0.036585365853658534
gnd 0.4442883895131086 0.6684451219512195 0.05337078651685393 0.03048780487804878
gnd 0.8122659176029963 0.569359756097561 0.05337078651685393 0.036585365853658534
nmos 0.41034644194756553 0.5735518292682927 0.07631086142322098 0.15167682926829268
nmos 0.7769194756554307 0.45083841463414637 0.07631086142322098 0.15167682926829268
capacitor 0.0898876404494382 0.7061737804878049 0.060861423220973786 0.04649390243902439
capacitor 0.6659644194756554 0.453125 0.032303370786516857 0.09070121951219512
resistor 0.44288389513108617 0.1951219512195122 0.033707865168539325 0.09451219512195122
resistor 0.8115636704119851 0.1368140243902439 0.03323970037453183 0.09527439024390244
resistor 0.3017322097378277 0.8422256097560976 0.03323970037453183 0.09451219512195122
inductor 0.16526217228464418 0.5625 0.10580524344569288 0.04725609756097561
inductor 0.2984550561797753 0.6794969512195121 0.024812734082397005 0.13490853658536586
inductor 0.5585205992509363 0.4447408536585366 0.10580524344569288 0.04801829268292683
inductor 0.43796816479400746 0.3387957317073171 0.023876404494382022 0.15929878048780488