capacitor 0.5277777777777778 0.9273648648648649 0.043209876543209874 0.12725225225225226
inductor 0.2496141975308642 0.5709459459459459 0.1566358024691358 0.06306306306306306
inductor 0.8410493827160493 0.3918918918918919 0.16358024691358025 0.05855855855855856
inductor 0.6608796296296297 0.23479729729729729 0.03935185185185185 0.23536036036036037
resistor 0.6809413580246914 0.9268018018018018 0.09645061728395062 0.06756756756756757
port 0.07021604938271606 0.5867117117117117 0.035493827160493825 0.0472972972972973
port 0.6674382716049383 0.02252252252252252 0.035493827160493825 0.04504504504504504
vdd 0.9849537037037037 0.40484234234234234 0.02700617283950617 0.15202702702702703
gnd 0.6705246913580247 0.7291666666666666 0.07407407407407407 0.04617117117117117
gnd 0.13657407407407407 0.9037162162162162 0.08024691358024691 0.05292792792792793
capacitor 0.13773148148148148 0.7832207207207207 0.09027777777777778 0.06644144144144144
nmos 0.6195987654320988 0.5850225225225225 0.11728395061728394 0.22635135135135134