port 0.3493723849372385 0.915 0.03138075313807531 0.095
port 0.9173640167364017 0.825 0.02301255230125523 0.05
port 0.028765690376569036 0.735 0.021966527196652718 0.05
capacitor 0.4675732217573222 0.3575 0.04184100418410042 0.08
port 0.06903765690376569 0.04625 0.03138075313807531 0.0925
capacitor 0.7343096234309623 0.3575 0.04184100418410042 0.08
capacitor 0.7907949790794979 0.2275 0.03765690376569038 0.105
capacitor 0.6385983263598326 0.225 0.038702928870292884 0.105
capacitor 0.37552301255230125 0.225 0.03765690376569038 0.105
capacitor 0.2217573221757322 0.22 0.03765690376569038 0.105
capacitor 0.11610878661087866 0.7325 0.03765690376569038 0.105
switch 0.16213389121338911 0.36125 0.03556485355648536 0.1225
switch 0.8807531380753139 0.365 0.03556485355648536 0.12
switch 0.8812761506276151 0.13625 0.034518828451882845 0.1225
single-end-amp 0.47280334728033474 0.8175 0.12761506276150628 0.34
capacitor 0.4743723849372385 0.6025 0.038702928870292884 0.105
capacitor 0.3174686192468619 0.355 0.04079497907949791 0.08
switch 0.7285564853556485 0.13625 0.034518828451882845 0.1225
switch 0.46129707112970714 0.13625 0.03556485355648536 0.1225
switch 0.3106694560669456 0.13625 0.03556485355648536 0.1225
switch 0.16161087866108786 0.13375 0.034518828451882845 0.1225
port 0.23326359832635984 0.445 0.03138075313807531 0.095