gnd 0.45969125214408235 0.48494983277591974 0.044596912521440824 0.07357859531772576
switch 0.19725557461406518 0.20066889632107024 0.048027444253859346 0.06688963210702341
switch 0.19639794168096056 0.3979933110367893 0.04974271012006861 0.06688963210702341
switch 0.20668953687821612 0.5668896321070234 0.04974271012006861 0.043478260869565216
switch 0.3319039451114923 0.09866220735785954 0.04974271012006861 0.03678929765886288
switch 0.7101200686106347 0.32441471571906355 0.048027444253859346 0.07357859531772576
switch 0.87221269296741 0.7675585284280937 0.018867924528301886 0.09698996655518395
switch 0.3602058319039451 0.7725752508361204 0.03773584905660377 0.10702341137123746
single-end-amp 0.5617495711835334 0.34615384615384615 0.12178387650085763 0.26421404682274247
single-end-amp 0.5668953687821612 0.6387959866220736 0.12178387650085763 0.26755852842809363
port 0.0711835334476844 0.31438127090301005 0.018867924528301886 0.04013377926421405
port 0.14751286449399656 0.5668896321070234 0.024013722126929673 0.05016722408026756
port 0.9125214408233276 0.09866220735785954 0.024013722126929673 0.05016722408026756
port 0.8730703259005146 0.9147157190635451 0.024013722126929673 0.05016722408026756
capacitor 0.31646655231560894 0.2157190635451505 0.025728987993138937 0.0903010033444816
capacitor 0.3156089193825043 0.411371237458194 0.024013722126929673 0.08695652173913043
capacitor 0.87221269296741 0.4013377926421405 0.04288164665523156 0.05351170568561873
gnd 0.36792452830188677 0.9080267558528428 0.04288164665523156 0.07023411371237458
gnd 0.45969125214408235 0.774247491638796 0.044596912521440824 0.07023411371237458