nmos 0.1478029294274301 0.8098802395209581 0.0426098535286285 0.1347305389221557
nmos 0.24766977363515313 0.8098802395209581 0.0426098535286285 0.1347305389221557
nmos 0.5732356857523302 0.7619760479041916 0.043941411451398134 0.1347305389221557
nmos 0.4806924101198402 0.4086826347305389 0.06125166444740346 0.09880239520958084
nmos 0.7330226364846871 0.7604790419161677 0.043941411451398134 0.1317365269461078
nmos 0.8901464713715047 0.7619760479041916 0.043941411451398134 0.1347305389221557
switch 0.19640479360852198 0.6227544910179641 0.0492676431424767 0.0718562874251497
switch 0.49267643142476697 0.8922155688622755 0.03195739014647137 0.10179640718562874
switch 0.6797603195739015 0.8922155688622755 0.033288948069241014 0.10179640718562874
switch 0.6804260985352862 0.6616766467065869 0.03195739014647137 0.10179640718562874
switch 0.8408788282290279 0.6631736526946108 0.033288948069241014 0.10479041916167664
switch 0.8382157123834887 0.8922155688622755 0.033288948069241014 0.10179640718562874
capacitor 0.5492676431424767 0.4535928143712575 0.03062583222370173 0.09880239520958084
port 0.1411451398135819 0.2245508982035928 0.02130492676431425 0.04790419161676647
vdd 0.19973368841544606 0.10778443113772455 0.03195739014647137 0.059880239520958084
vdd 0.5898801597869507 0.10778443113772455 0.03195739014647137 0.059880239520958084
vdd 0.7509986684420772 0.10778443113772455 0.03195739014647137 0.059880239520958084
gnd 0.19906790945406125 0.9520958083832335 0.03595206391478029 0.07784431137724551
vdd 0.90745672436751 0.10479041916167664 0.03595206391478029 0.05389221556886228
pmos 0.1118508655126498 0.5074850299401198 0.0426098535286285 0.1347305389221557
port 0.07190412782956059 0.5089820359281437 0.02130492676431425 0.04790419161676647
port 0.929427430093209 0.45209580838323354 0.02130492676431425 0.04790419161676647
port 0.844207723035952 0.5718562874251497 0.02130492676431425 0.04790419161676647
port 0.6857523302263648 0.5718562874251497 0.02130492676431425 0.04790419161676647
port 0.19840213049267644 0.7664670658682635 0.02130492676431425 0.04790419161676647
port 0.4800266311584554 0.31736526946107785 0.022636484687083888 0.04790419161676647
port 0.5339547270306259 0.2245508982035928 0.02130492676431425 0.04790419161676647
port 0.3255659121171771 0.5089820359281437 0.022636484687083888 0.04790419161676647
pmos 0.7323568575233023 0.22604790419161677 0.0426098535286285 0.1347305389221557
pmos 0.28495339547270304 0.5059880239520959 0.0426098535286285 0.1317365269461078
pmos 0.5739014647137151 0.22305389221556887 0.0426098535286285 0.1347305389221557
gnd 0.59254327563249 0.905688622754491 0.037283621837549935 0.0748502994011976
gnd 0.7496671105193076 0.9011976047904192 0.037283621837549935 0.07784431137724551
gnd 0.9081225033288948 0.9026946107784432 0.037283621837549935 0.0748502994011976
pmos 0.1810918774966711 0.22305389221556887 0.0426098535286285 0.1347305389221557
pmos 0.8901464713715047 0.22604790419161677 0.043941411451398134 0.1347305389221557