port 0.06794425087108014 0.052805280528052806 0.013937282229965157 0.033003300330033
gnd 0.19425087108013936 0.9438943894389439 0.050522648083623695 0.066006600660066
gnd 0.8519163763066202 0.9620462046204621 0.04878048780487805 0.0627062706270627
capacitor 0.1951219512195122 0.429042904290429 0.041811846689895474 0.0462046204620462
capacitor 0.45034843205574915 0.43399339933993397 0.04006968641114982 0.04950495049504951
capacitor 0.6898954703832753 0.4372937293729373 0.041811846689895474 0.04950495049504951
capacitor 0.8536585365853658 0.7772277227722773 0.041811846689895474 0.04950495049504951
resistor 0.9050522648083623 0.7805280528052805 0.04355400696864112 0.1419141914191419
switch 0.20209059233449478 0.20132013201320131 0.04529616724738676 0.13861386138613863
switch 0.45993031358885017 0.20462046204620463 0.04529616724738676 0.13861386138613863
switch 0.7012195121951219 0.20627062706270627 0.04355400696864112 0.1419141914191419
switch 0.28222996515679444 0.3085808580858086 0.0627177700348432 0.08250825082508251
switch 0.5435540069686411 0.3085808580858086 0.0627177700348432 0.08250825082508251
switch 0.7674216027874564 0.3118811881188119 0.06445993031358885 0.08250825082508251
switch 0.7700348432055749 0.5181518151815182 0.0627177700348432 0.07920792079207921
switch 0.5435540069686411 0.5891089108910891 0.0627177700348432 0.08250825082508251
switch 0.2935540069686411 0.6452145214521452 0.06445993031358885 0.08250825082508251
switch 0.20470383275261325 0.7623762376237624 0.04355400696864112 0.13861386138613863
port 0.8963414634146342 0.33663366336633666 0.01916376306620209 0.039603960396039604