single-end-amp 0.8583247156153051 0.5280504908835905 0.11995863495346432 0.1697054698457223
gnd 0.532574974146846 0.45582047685834504 0.03929679420889348 0.019635343618513323
gnd 0.5336091003102379 0.7208976157082749 0.03929679420889348 0.019635343618513323
gnd 0.6690796277145812 0.6213183730715287 0.03929679420889348 0.019635343618513323
gnd 0.7776628748707343 0.6241234221598878 0.03929679420889348 0.019635343618513323
gnd 0.532574974146846 0.18513323983169705 0.03929679420889348 0.019635343618513323
gnd 0.5336091003102379 0.9859747545582047 0.03929679420889348 0.019635343618513323
switch 0.23164426059979318 0.0273492286115007 0.03929679420889348 0.03506311360448808
switch 0.4736297828335057 0.025946704067321177 0.03929679420889348 0.03506311360448808
switch 0.23164426059979318 0.2370266479663394 0.03929679420889348 0.033660589060308554
switch 0.23371251292657705 0.42426367461430575 0.03929679420889348 0.03506311360448808
switch 0.23164426059979318 0.6192145862552595 0.03929679420889348 0.03506311360448808
switch 0.2326783867631851 0.8085553997194951 0.03929679420889348 0.03506311360448808
switch 0.4767321613236815 0.8078541374474053 0.03929679420889348 0.033660589060308554
switch 0.47311271975180974 0.5582047685834503 0.038262668045501554 0.033660589060308554
switch 0.47466390899689764 0.2903225806451613 0.03929679420889348 0.033660589060308554
switch 0.717683557394002 0.4642356241234222 0.03929679420889348 0.033660589060308554
switch 0.14581178903826267 0.07573632538569425 0.02688728024819028 0.047685834502103785
switch 0.5398138572905895 0.1093969144460028 0.02688728024819028 0.047685834502103785
switch 0.5387797311271976 0.37166900420757365 0.02688728024819028 0.047685834502103785
switch 0.5387797311271976 0.6437587657784011 0.02688728024819028 0.047685834502103785
switch 0.5274043433298863 0.9039270687237027 0.02688728024819028 0.04908835904628331
switch 0.6758014477766288 0.5469845722300141 0.025853154084798345 0.047685834502103785
capacitor 0.5713547052740434 0.29943899018232817 0.027921406411582212 0.0546984572230014
capacitor 0.5703205791106515 0.5680224403927069 0.027921406411582212 0.05329593267882188
capacitor 0.8629782833505688 0.3576437587657784 0.027921406411582212 0.05329593267882188
capacitor 0.5729058945191313 0.814866760168303 0.028955532574974147 0.05329593267882188
resistor2 0.13702171664943122 0.17461430575035064 0.04033092037228542 0.11360448807854137
resistor2 0.13857290589451912 0.34712482468443195 0.03929679420889348 0.11360448807854137
resistor2 0.1390899689762151 0.5385694249649369 0.04033092037228542 0.11220196353436185
resistor2 0.13857290589451912 0.7307152875175316 0.03929679420889348 0.11220196353436185
capacitor 0.5708376421923474 0.033660589060308554 0.028955532574974147 0.05329593267882188
port 0.9906928645294726 0.5287517531556802 0.012409513960703205 0.033660589060308554