diode 0.2958579881656805 0.6244939271255061 0.04142011834319527 0.05465587044534413
current 0.09319526627218935 0.5293522267206477 0.09467455621301775 0.12753036437246965
resistor 0.14644970414201183 0.08704453441295547 0.05917159763313609 0.044534412955465584
resistor 0.41420118343195267 0.08906882591093117 0.05917159763313609 0.044534412955465584
resistor 0.6863905325443787 0.09109311740890688 0.05917159763313609 0.044534412955465584
resistor 0.371301775147929 0.5091093117408907 0.05917159763313609 0.04251012145748988
resistor 0.4807692307692308 0.979757085020243 0.05917159763313609 0.04048582995951417
resistor 0.27071005917159763 0.3299595141700405 0.029585798816568046 0.07692307692307693
resistor 0.9149408284023669 0.4979757085020243 0.042899408284023666 0.11336032388663968
resistor 0.27071005917159763 0.7560728744939271 0.029585798816568046 0.07894736842105263
inductor 0.21967455621301776 0.0840080971659919 0.07544378698224852 0.030364372469635626
inductor 0.48520710059171596 0.08198380566801619 0.07396449704142012 0.030364372469635626
inductor 0.757396449704142 0.0840080971659919 0.07396449704142012 0.030364372469635626
inductor 0.4423076923076923 0.5060728744939271 0.07396449704142012 0.02834008097165992
inductor 0.5562130177514792 0.9767206477732794 0.07396449704142012 0.030364372469635626
inductor 0.27588757396449703 0.42813765182186236 0.019230769230769232 0.09919028340080972
inductor 0.5465976331360947 0.22267206477732793 0.03106508875739645 0.145748987854251
inductor 0.27588757396449703 0.8572874493927125 0.019230769230769232 0.09919028340080972
capacitor 0.5392011834319527 0.38866396761133604 0.060650887573964495 0.05263157894736842
capacitor 0.8069526627218935 0.5010121457489879 0.05473372781065089 0.05465587044534413
switch 0.2566568047337278 0.2125506072874494 0.034023668639053255 0.08097165991902834
switch 0.33653846153846156 0.0708502024291498 0.06656804733727811 0.044534412955465584
switch 0.6087278106508875 0.0708502024291498 0.06656804733727811 0.044534412955465584
switch 0.2581360946745562 0.6244939271255061 0.034023668639053255 0.08299595141700405
diode 0.33653846153846156 0.12246963562753037 0.03994082840236687 0.05465587044534413
diode 0.29511834319526625 0.2125506072874494 0.03994082840236687 0.05668016194331984
diode 0.6094674556213018 0.12348178137651822 0.04142011834319527 0.05668016194331984