port 0.7554054054054054 0.06007393715341959 0.051351351351351354 0.03512014787430684
nmos 0.7040540540540541 0.5739371534195934 0.12702702702702703 0.11645101663585952
current 0.25 0.16358595194085027 0.1972972972972973 0.13493530499075784
port 0.9175675675675675 0.28373382624768945 0.051351351351351354 0.03512014787430684
nmos 0.7027027027027027 0.7476894639556377 0.12972972972972974 0.11275415896487985
gnd 0.5027027027027027 0.9121996303142329 0.11351351351351352 0.04251386321626617
current 0.7554054054054054 0.16358595194085027 0.1972972972972973 0.13493530499075784
port 0.07837837837837838 0.28373382624768945 0.04864864864864865 0.03512014787430684
nmos 0.3 0.5730129390018485 0.12972972972972974 0.11460258780036968
nmos 0.3013513513513513 0.7476894639556377 0.12702702702702703 0.11275415896487985
cross-line-curved 0.42027027027027025 0.5693160813308688 0.04054054054054054 0.022181146025878003
resistor 0.2472972972972973 0.37430683918669133 0.11081081081081082 0.13123844731977818