resistor 0.739880059970015 0.6007194244604317 0.034482758620689655 0.04316546762589928
gnd 0.6094452773613194 0.9730215827338129 0.025487256371814093 0.039568345323741004
cross-line-curved 0.20689655172413793 0.6510791366906474 0.017991004497751123 0.02877697841726619
pmos 0.08770614692653673 0.45863309352517984 0.031484257871064465 0.10431654676258993
nmos 0.08845577211394302 0.789568345323741 0.026986506746626688 0.09712230215827339
port 0.39580209895052476 0.5683453237410072 0.03298350824587706 0.050359712230215826
cross-line-curved 0.5239880059970015 0.3435251798561151 0.01649175412293853 0.025179856115107913
cross-line-curved 0.5442278860569715 0.34532374100719426 0.017991004497751123 0.02877697841726619
cross-line-curved 0.48650674662668664 0.34532374100719426 0.01649175412293853 0.02877697841726619
pmos 0.20014992503748125 0.447841726618705 0.031484257871064465 0.10431654676258993
pmos 0.9092953523238381 0.2068345323741007 0.025487256371814093 0.08992805755395683
pmos 0.6199400299850075 0.49640287769784175 0.031484257871064465 0.1079136690647482
pmos 0.5344827586206896 0.2068345323741007 0.031484257871064465 0.08992805755395683
pmos 0.8403298350824587 0.5701438848920863 0.031484257871064465 0.10431654676258993
nmos 0.19790104947526238 0.789568345323741 0.026986506746626688 0.09712230215827339
nmos 0.49775112443778113 0.8003597122302158 0.026986506746626688 0.09712230215827339
nmos 0.603448275862069 0.7859712230215827 0.025487256371814093 0.09712230215827339
nmos 0.9092953523238381 0.7823741007194245 0.025487256371814093 0.09712230215827339
port 0.6904047976011994 0.4712230215827338 0.031484257871064465 0.050359712230215826
port 0.9827586206896551 0.5143884892086331 0.031484257871064465 0.050359712230215826
vdd 0.4992503748125937 0.03237410071942446 0.03298350824587706 0.05755395683453238
pmos 0.4775112443778111 0.5179856115107914 0.031484257871064465 0.1079136690647482