port 0.5867952522255193 0.2620578778135048 0.016320474777448073 0.06752411575562701
port 0.7514836795252225 0.3408360128617363 0.016320474777448073 0.0707395498392283
port 0.75 0.1720257234726688 0.016320474777448073 0.06752411575562701
port 0.4250741839762611 0.5305466237942122 0.016320474777448073 0.0707395498392283
port 0.4250741839762611 0.35691318327974275 0.016320474777448073 0.0707395498392283
port 0.26186943620178044 0.4533762057877814 0.016320474777448073 0.0707395498392283
port 0.263353115727003 0.6221864951768489 0.016320474777448073 0.06752411575562701
port 0.15356083086053413 0.2491961414790997 0.02225519287833828 0.04823151125401929
port 0.18026706231454007 0.2491961414790997 0.016320474777448073 0.06752411575562701
resistor 0.45178041543026703 0.45016077170418006 0.02225519287833828 0.06430868167202572
resistor 0.28857566765578635 0.5401929260450161 0.02225519287833828 0.06430868167202572
resistor 0.3672106824925816 0.662379421221865 0.02225519287833828 0.06430868167202572
resistor 0.20400593471810088 0.7508038585209004 0.02225519287833828 0.06752411575562701
port 0.33456973293768544 0.7909967845659164 0.016320474777448073 0.0707395498392283
port 0.4977744807121662 0.6977491961414791 0.016320474777448073 0.0707395498392283
port 0.6594955489614244 0.6045016077170418 0.016320474777448073 0.0707395498392283
port 0.8227002967359051 0.5080385852090032 0.016320474777448073 0.0707395498392283
nmos 0.7344213649851632 0.6093247588424437 0.03560830860534125 0.11254019292604502
nmos 0.5675074183976261 0.702572347266881 0.03412462908011869 0.11254019292604502
nmos 0.40875370919881304 0.7958199356913184 0.03412462908011869 0.11254019292604502
nmos 0.2470326409495549 0.8922829581993569 0.03412462908011869 0.11254019292604502
port 0.17210682492581603 0.882636655948553 0.017804154302670624 0.06752411575562701
resistor2 0.8664688427299704 0.37942122186495175 0.02373887240356083 0.09646302250803858
resistor2 0.612759643916914 0.5192926045016077 0.02373887240356083 0.0932475884244373
resistor2 0.45103857566765576 0.6141479099678456 0.02373887240356083 0.09646302250803858
resistor2 0.2878338278931751 0.7106109324758842 0.02373887240356083 0.09646302250803858
resistor2 0.45103857566765576 0.7845659163987139 0.02373887240356083 0.09646302250803858
resistor2 0.13724035608308605 0.7491961414790996 0.02225519287833828 0.09646302250803858
capacitor 0.14020771513353117 0.6655948553054662 0.03412462908011869 0.04501607717041801
port 0.06083086053412463 0.8858520900321544 0.02373887240356083 0.04823151125401929
port 0.23664688427299704 0.4517684887459807 0.02225519287833828 0.04823151125401929
port 0.2381305637982196 0.6205787781350482 0.02225519287833828 0.05144694533762058
port 0.4013353115727003 0.36012861736334406 0.02225519287833828 0.05144694533762058
port 0.39985163204747776 0.5321543408360129 0.02225519287833828 0.04823151125401929
port 0.5623145400593472 0.4340836012861736 0.02373887240356083 0.05144694533762058
port 0.5623145400593472 0.2652733118971061 0.02373887240356083 0.04823151125401929
port 0.7247774480712166 0.33762057877813506 0.02225519287833828 0.05144694533762058
port 0.7247774480712166 0.16881028938906753 0.02225519287833828 0.04823151125401929
port 0.8672106824925816 0.21864951768488747 0.02225519287833828 0.05144694533762058
resistor 0.5304154302670623 0.567524115755627 0.02225519287833828 0.06752411575562701
resistor 0.6906528189910979 0.4742765273311897 0.02225519287833828 0.06752411575562701
resistor 0.776706231454006 0.2604501607717042 0.02225519287833828 0.06430868167202572
port 0.13798219584569732 0.5916398713826366 0.02373887240356083 0.05144694533762058
resistor2 0.776706231454006 0.5916398713826366 0.02225519287833828 0.09646302250803858
resistor2 0.6135014836795252 0.6897106109324759 0.02225519287833828 0.0932475884244373
port 0.5867952522255193 0.43569131832797425 0.016320474777448073 0.06752411575562701
resistor 0.6120178041543026 0.3553054662379421 0.02225519287833828 0.06752411575562701
resistor2 0.7744807121661721 0.42765273311897106 0.02373887240356083 0.09646302250803858
gnd 0.7425816023738873 0.6993569131832797 0.02225519287833828 0.04823151125401929
port 0.935459940652819 0.5112540192926045 0.025222551928783383 0.05787781350482315
capacitor 0.8686943620178041 0.2958199356913183 0.03412462908011869 0.04501607717041801
gnd 0.7759643916913946 0.7491961414790996 0.020771513353115726 0.05144694533762058
gnd 0.6135014836795252 0.842443729903537 0.02225519287833828 0.05144694533762058
gnd 0.5830860534124629 0.7909967845659164 0.020771513353115726 0.05144694533762058
gnd 0.45103857566765576 0.9421221864951769 0.020771513353115726 0.05144694533762058
gnd 0.41839762611275966 0.8858520900321544 0.020771513353115726 0.04823151125401929
gnd 0.2551928783382789 0.977491961414791 0.020771513353115726 0.04501607717041801
capacitor 0.7744807121661721 0.680064308681672 0.03560830860534125 0.04180064308681672
capacitor 0.6135014836795252 0.77491961414791 0.03412462908011869 0.04501607717041801
capacitor 0.45326409495548964 0.8713826366559485 0.03412462908011869 0.04501607717041801
cross-line-curved 0.28857566765578635 0.18488745980707397 0.025222551928783383 0.04180064308681672
cross-line-curved 0.45178041543026703 0.18810289389067525 0.025222551928783383 0.04180064308681672
cross-line-curved 0.6149851632047477 0.18810289389067525 0.025222551928783383 0.04180064308681672
vdd 0.28857566765578635 0.08360128617363344 0.04302670623145401 0.04501607717041801
vdd 0.20252225519287834 0.11414790996784566 0.04302670623145401 0.04823151125401929