port 0.9263005780346821 0.35459183673469385 0.011560693641618497 0.02040816326530612
pmos 0.6589595375722543 0.4030612244897959 0.057803468208092484 0.10204081632653061
vdd 0.47326589595375723 0.05102040816326531 0.05057803468208093 0.030612244897959183
pmos 0.21026011560693642 0.25255102040816324 0.059248554913294796 0.09693877551020408
port 0.5924855491329479 0.514030612244898 0.011560693641618497 0.02295918367346939
nmos 0.16546242774566475 0.7410714285714286 0.0476878612716763 0.09438775510204081
port 0.3063583815028902 0.5242346938775511 0.011560693641618497 0.017857142857142856
nmos 0.5346820809248555 0.514030612244898 0.049132947976878616 0.09948979591836735
gnd 0.4523121387283237 0.9617346938775511 0.046242774566473986 0.04591836734693878
current 0.057803468208092484 0.3826530612244898 0.07225433526011561 0.12755102040816327
pmos 0.4096820809248555 0.25892857142857145 0.05635838150289017 0.09438775510204081
nmos 0.3663294797687861 0.5242346938775511 0.0476878612716763 0.09438775510204081
pmos 0.21098265895953758 0.4451530612244898 0.057803468208092484 0.09438775510204081
pmos 0.7940751445086706 0.26403061224489793 0.05635838150289017 0.09438775510204081
gnd 0.9089595375722543 0.6466836734693877 0.049132947976878616 0.04846938775510204
nmos 0.07586705202312138 0.7423469387755102 0.0476878612716763 0.09693877551020408
capacitor 0.9082369942196532 0.49107142857142855 0.030346820809248554 0.02295918367346939
nmos 0.7984104046242775 0.7423469387755102 0.05057803468208093 0.09693877551020408
capacitor 0.7304913294797688 0.3635204081632653 0.01878612716763006 0.07397959183673469
nmos 0.4342485549132948 0.7397959183673469 0.0476878612716763 0.09693877551020408
pmos 0.4920520231213873 0.2602040816326531 0.05635838150289017 0.09693877551020408