port 0.729106628242075 0.10815602836879433 0.010086455331412104 0.024822695035460994
capacitor 0.6671469740634006 0.7278368794326241 0.012968299711815562 0.0975177304964539
inductor 0.6066282420749279 0.27925531914893614 0.01440922190201729 0.12234042553191489
inductor 0.1696685878962536 0.2783687943262411 0.013688760806916427 0.12056737588652482
inductor 0.13328530259365995 0.2774822695035461 0.01440922190201729 0.12234042553191489
nmos 0.8764409221902018 0.2650709219858156 0.03386167146974063 0.11524822695035461
pmos 0.8771613832853026 0.7296099290780141 0.035302593659942365 0.11524822695035461
port 0.2910662824207493 0.10815602836879433 0.010086455331412104 0.024822695035460994
nmos 0.444164265129683 0.4122340425531915 0.03386167146974063 0.11879432624113476
port 0.8209654178674352 0.10904255319148937 0.010806916426512969 0.026595744680851064
capacitor 0.2298270893371758 0.726063829787234 0.012968299711815562 0.0975177304964539
gnd 0.9131844380403458 0.5718085106382979 0.019452449567723344 0.06914893617021277
capacitor 0.6667867435158501 0.4095744680851064 0.013688760806916427 0.09574468085106383
nmos 0.4452449567723343 0.7296099290780141 0.0345821325648415 0.11879432624113476
gnd 0.48054755043227665 0.5700354609929078 0.018731988472622477 0.06560283687943262
resistor 0.319164265129683 0.2712765957446808 0.027377521613832854 0.1276595744680851
nmos 0.4452449567723343 0.8891843971631206 0.0345821325648415 0.11879432624113476
capacitor 0.2298270893371758 0.4104609929078014 0.01440922190201729 0.0975177304964539
resistor 0.7564841498559077 0.2703900709219858 0.027377521613832854 0.12588652482269502
port 0.9211095100864554 0.9663120567375887 0.010806916426512969 0.024822695035460994
resistor 0.26981268011527376 0.2703900709219858 0.028097982708933718 0.12588652482269502
resistor 0.707492795389049 0.26861702127659576 0.027377521613832854 0.12588652482269502
port 0.07744956772334294 0.7287234042553191 0.010806916426512969 0.024822695035460994
inductor 0.5706051873198847 0.2774822695035461 0.01440922190201729 0.12234042553191489
pmos 0.44488472622478387 0.7287234042553191 0.035302593659942365 0.11702127659574468
nmos 0.8768011527377522 0.41134751773049644 0.0345821325648415 0.11702127659574468
vdd 0.5886167146974063 0.09574468085106383 0.03602305475504323 0.031914893617021274
pmos 0.44452449567723346 0.8891843971631206 0.0345821325648415 0.11879432624113476
nmos 0.44560518731988474 0.2641843971631206 0.035302593659942365 0.12056737588652482
pmos 0.877521613832853 0.8882978723404256 0.0345821325648415 0.12056737588652482
vdd 0.15201729106628242 0.09397163120567376 0.03602305475504323 0.031914893617021274
port 0.07600864553314121 0.40868794326241137 0.010806916426512969 0.026595744680851064
port 0.3980547550432277 0.10904255319148937 0.010806916426512969 0.026595744680851064
port 0.922550432276657 0.1870567375886525 0.010806916426512969 0.026595744680851064