current 0.6660280970625798 0.16600790513833993 0.02937420178799489 0.08695652173913043
cross-line-curved 0.3173690932311622 0.35276679841897235 0.011494252873563218 0.025691699604743084
capacitor 0.9035759897828863 0.5553359683794467 0.019157088122605363 0.039525691699604744
nmos 0.6574074074074074 0.7816205533596838 0.02234993614303959 0.08893280632411067
cross-line-curved 0.24584929757343552 0.35177865612648224 0.01277139208173691 0.02766798418972332
port 0.8065134099616859 0.5138339920948617 0.010217113665389528 0.03162055335968379
cross-line-curved 0.28192848020434225 0.7440711462450593 0.012132822477650063 0.029644268774703556
resistor 0.4658365261813538 0.1907114624505929 0.018518518518518517 0.08893280632411067
cross-line-curved 0.16762452107279693 0.44664031620553357 0.012132822477650063 0.02766798418972332
nmos 0.47126436781609193 0.5306324110671937 0.022988505747126436 0.09288537549407115
resistor 0.6931673052362708 0.3547430830039526 0.027458492975734355 0.05731225296442688
nmos 0.32630906768837803 0.4535573122529644 0.021711366538952746 0.08893280632411067
current 0.7164750957854407 0.16996047430830039 0.02937420178799489 0.08695652173913043
nmos 0.17592592592592593 0.7519762845849802 0.02234993614303959 0.08893280632411067
pmos 0.23722860791826308 0.2124505928853755 0.02234993614303959 0.08893280632411067
cross-line-curved 0.5814176245210728 0.4031620553359684 0.010855683269476373 0.023715415019762844
cross-line-curved 0.12675606641123882 0.35177865612648224 0.012132822477650063 0.02766798418972332
resistor 0.9639208173690932 0.7035573122529645 0.018518518518518517 0.08695652173913043
pmos 0.11813537675606642 0.6561264822134387 0.022988505747126436 0.09090909090909091
pmos 0.45689655172413796 0.31126482213438733 0.02234993614303959 0.08893280632411067
current 0.12675606641123882 0.25296442687747034 0.030012771392081736 0.09090909090909091
current 0.28160919540229884 0.642292490118577 0.02937420178799489 0.08695652173913043
pmos 0.38984674329501917 0.21146245059288538 0.02234993614303959 0.09090909090909091
pmos 0.32535121328224775 0.21146245059288538 0.02362707535121328 0.09090909090909091
port 0.985632183908046 0.4901185770750988 0.009578544061302681 0.03162055335968379
cross-line-curved 0.1673052362707535 0.35276679841897235 0.01277139208173691 0.029644268774703556
nmos 0.7254150702426565 0.775691699604743 0.021711366538952746 0.08498023715415019
pmos 0.04980842911877394 0.6571146245059288 0.021711366538952746 0.08893280632411067
pmos 0.1756066411238825 0.2124505928853755 0.022988505747126436 0.08893280632411067
cross-line-curved 0.7436143039591315 0.40217391304347827 0.009578544061302681 0.021739130434782608
nmos 0.23722860791826308 0.4525691699604743 0.0210727969348659 0.09090909090909091
pmos 0.5731162196679438 0.2124505928853755 0.02234993614303959 0.08498023715415019
cross-line-curved 0.6660280970625798 0.4031620553359684 0.008939974457215836 0.023715415019762844
pmos 0.85727969348659 0.4031620553359684 0.0210727969348659 0.08695652173913043
resistor 0.8655810983397191 0.5513833992094862 0.017241379310344827 0.08695652173913043
current 0.05842911877394636 0.25296442687747034 0.028735632183908046 0.08695652173913043
resistor 0.8649425287356322 0.7371541501976284 0.018518518518518517 0.09090909090909091
pmos 0.5111749680715197 0.2134387351778656 0.02234993614303959 0.08695652173913043
capacitor 0.9284802043422733 0.7094861660079052 0.019157088122605363 0.039525691699604744
capacitor 0.4399744572158365 0.741106719367589 0.019157088122605363 0.043478260869565216
nmos 0.3895274584929757 0.758893280632411 0.022988505747126436 0.09090909090909091
resistor 0.7637292464878672 0.516798418972332 0.02937420178799489 0.05731225296442688
port 0.6159003831417624 0.5158102766798419 0.009578544061302681 0.03162055335968379
nmos 0.5913154533844189 0.7835968379446641 0.022988505747126436 0.08893280632411067
pmos 0.725095785440613 0.5098814229249012 0.02234993614303959 0.09090909090909091
resistor 0.4409323116219668 0.6195652173913043 0.018518518518518517 0.08893280632411067
pmos 0.6561302681992337 0.5118577075098815 0.02362707535121328 0.08695652173913043
cross-line-curved 0.7174329501915708 0.40810276679841895 0.010855683269476373 0.025691699604743084
capacitor 0.743933588761175 0.1976284584980237 0.019157088122605363 0.043478260869565216
gnd 0.46328224776500637 0.9100790513833992 0.018518518518518517 0.041501976284584984
port 0.008620689655172414 0.6640316205533597 0.009578544061302681 0.03162055335968379
port 0.08077905491698595 0.6640316205533597 0.009578544061302681 0.03162055335968379