gnd 0.11524609843937575 0.42217484008528783 0.028811524609843937 0.03411513859275053
capacitor 0.26770708283313327 0.7601279317697228 0.03601440576230492 0.04051172707889126
switch 0.3697478991596639 0.8635394456289979 0.03601440576230492 0.042643923240938165
gnd 0.614045618247299 0.4275053304904051 0.030012004801920768 0.031982942430703626
capacitor 0.7665066026410564 0.27185501066098083 0.03721488595438175 0.03624733475479744
port 0.042617046818727494 0.16098081023454158 0.02040816326530612 0.031982942430703626
switch 0.8679471788715486 0.8678038379530917 0.03601440576230492 0.042643923240938165
switch 0.865546218487395 0.15671641791044777 0.03601440576230492 0.04051172707889126
gnd 0.11404561824729892 0.9147121535181236 0.028811524609843937 0.03411513859275053
port 0.45738295318127253 0.16204690831556504 0.021608643457382955 0.03411513859275053
switch 0.7310924369747899 0.5053304904051172 0.021608643457382955 0.06396588486140725
switch 0.6692677070828331 0.6492537313432836 0.03481392557022809 0.04051172707889126
port 0.9555822328931572 0.16844349680170576 0.021608643457382955 0.03411513859275053
switch 0.3673469387755102 0.37100213219616207 0.03601440576230492 0.042643923240938165
capacitor 0.26770708283313327 0.26865671641791045 0.03601440576230492 0.03837953091684435
switch 0.3673469387755102 0.15458422174840086 0.03601440576230492 0.04051172707889126
switch 0.17346938775510204 0.8656716417910447 0.03721488595438175 0.03837953091684435
switch 0.17106842737094838 0.3720682302771855 0.03721488595438175 0.03624733475479744
switch 0.67046818727491 0.15671641791044777 0.03481392557022809 0.04051172707889126
switch 0.3673469387755102 0.6449893390191898 0.03601440576230492 0.04051172707889126
switch 0.17286914765906364 0.1535181236673774 0.03601440576230492 0.03837953091684435
port 0.5408163265306123 0.16631130063965885 0.02040816326530612 0.03411513859275053
switch 0.6692677070828331 0.3763326226012793 0.03721488595438175 0.04051172707889126
capacitor 0.765906362545018 0.7643923240938166 0.03601440576230492 0.03624733475479744
switch 0.865546218487395 0.6481876332622601 0.03601440576230492 0.042643923240938165
switch 0.17106842737094838 0.6449893390191898 0.03481392557022809 0.04051172707889126