port 0.8871499176276771 0.10535714285714286 0.0214168039538715 0.025
port 0.11696869851729819 0.275 0.032948929159802305 0.060714285714285714
npn 0.5897858319604613 0.29375 0.09555189456342669 0.055357142857142855
capacitor 0.4110378912685338 0.10535714285714286 0.03789126853377265 0.09642857142857143
diode 0.7075782537067545 0.3848214285714286 0.047775947281713346 0.048214285714285716
resistor2 0.42668863261943984 0.4446428571428571 0.042833607907743 0.09642857142857143
resistor2 0.5914332784184514 0.4919642857142857 0.042833607907743 0.09464285714285714
gnd 0.8871499176276771 0.3705357142857143 0.054365733113673806 0.0375
capacitor 0.8871499176276771 0.20714285714285716 0.08731466227347612 0.039285714285714285
gnd 0.20675453047775946 0.19375 0.047775947281713346 0.030357142857142857
diode 0.2907742998352554 0.4455357142857143 0.04118616144975288 0.055357142857142855
gnd 0.14250411861614498 0.96875 0.051070840197693576 0.033928571428571426
diode 0.6383855024711697 0.10625 0.051070840197693576 0.048214285714285716
capacitor 0.2899505766062603 0.6982142857142857 0.08896210873146623 0.039285714285714285
capacitor 0.14250411861614498 0.6955357142857143 0.08731466227347612 0.04107142857142857