voltage 0.23798076923076922 0.13675213675213677 0.09455128205128205 0.09914529914529914
gnd 0.8814102564102564 0.9854700854700855 0.0673076923076923 0.022222222222222223
gnd 0.6169871794871795 0.5905982905982906 0.0673076923076923 0.02564102564102564
diode 0.41426282051282054 0.49743589743589745 0.06570512820512821 0.044444444444444446
npn 0.27163461538461536 0.6538461538461539 0.08173076923076923 0.14188034188034188
resistor2 0.8822115384615384 0.8760683760683761 0.06570512820512821 0.14188034188034188
port 0.9358974358974359 0.45897435897435895 0.022435897435897436 0.02564102564102564
npn 0.7331730769230769 0.34102564102564104 0.08493589743589744 0.14188034188034188
port 0.9391025641025641 0.7700854700854701 0.022435897435897436 0.02564102564102564
npn 0.5 0.3452991452991453 0.08333333333333333 0.14358974358974358
voltage 0.6161858974358975 0.5094017094017094 0.09455128205128205 0.09914529914529914
voltage 0.7003205128205128 0.12564102564102564 0.09615384615384616 0.10085470085470086
port 0.874198717948718 0.03418803418803419 0.02403846153846154 0.02735042735042735
voltage 0.5272435897435898 0.13076923076923078 0.09615384615384616 0.10085470085470086