cross-line-curved 0.552026286966046 0.49842022116903634 0.03504928806133625 0.036334913112164295
nmos 0.37458926615553123 0.4020537124802528 0.04381161007667032 0.07109004739336493
capacitor 0.18838992332968238 0.28199052132701424 0.03723986856516977 0.020537124802527645
port 0.4693318729463308 0.8175355450236966 0.014238773274917854 0.020537124802527645
capacitor 0.552026286966046 0.5687203791469194 0.03723986856516977 0.022116903633491312
capacitor 0.9079956188389924 0.5695102685624013 0.03723986856516977 0.020537124802527645
nmos 0.7300109529025192 0.4020537124802528 0.04271631982475356 0.07109004739336493
nmos 0.7289156626506024 0.6232227488151659 0.04271631982475356 0.07109004739336493
nmos 0.37458926615553123 0.8183254344391785 0.0416210295728368 0.06951026856240126
nmos 0.37404162102957283 0.6232227488151659 0.04271631982475356 0.0679304897314376
gnd 0.3565169769989047 0.9715639810426541 0.04928806133625411 0.02843601895734597
resistor 0.5509309967141293 0.41311216429699843 0.02628696604600219 0.08056872037914692
inductor 0.2628696604600219 0.5031595576619273 0.06352683461117196 0.023696682464454975
current 0.07447973713033954 0.6879936808846762 0.0416210295728368 0.05845181674565561
resistor 0.9069003285870756 0.41311216429699843 0.02628696604600219 0.08056872037914692
nmos 0.37404162102957283 0.21248025276461296 0.04271631982475356 0.07109004739336493
nmos 0.7289156626506024 0.21248025276461296 0.04271631982475356 0.07109004739336493
port 0.46823658269441404 0.6240126382306477 0.009857612267250822 0.01579778830963665
capacitor 0.18838992332968238 0.6943127962085308 0.03723986856516977 0.020537124802527645
gnd 0.0755750273822563 0.844391785150079 0.050383351588170866 0.030015797788309637
nmos 0.7294633077765608 0.8191153238546603 0.0416210295728368 0.07109004739336493
vdd 0.3559693318729463 0.07266982622432859 0.050383351588170866 0.018957345971563982
port 0.46823658269441404 0.40126382306477093 0.012048192771084338 0.018957345971563982
port 0.46823658269441404 0.21248025276461296 0.014238773274917854 0.020537124802527645
port 0.8242059145673604 0.8191153238546603 0.014238773274917854 0.020537124802527645
port 0.8220153340635268 0.6232227488151659 0.014238773274917854 0.020537124802527645
port 0.8231106243154436 0.4052132701421801 0.014238773274917854 0.020537124802527645
port 0.8220153340635268 0.21406003159557663 0.014238773274917854 0.020537124802527645