gnd 0.18176538908246226 0.8701030927835052 0.04065040650406504 0.032989690721649485
capacitor 0.0975609756097561 0.7721649484536083 0.030197444831591175 0.018556701030927835
resistor 0.0975609756097561 0.6185567010309279 0.020905923344947737 0.07835051546391752
resistor 0.4152148664343786 0.2134020618556701 0.019744483159117306 0.08041237113402062
vdd 0.778164924506388 0.07628865979381444 0.04413472706155633 0.020618556701030927
gnd 0.27990708478513354 0.9680412371134021 0.041811846689895474 0.03505154639175258
inductor 0.3397212543554007 0.5041237113402062 0.05226480836236934 0.02268041237113402
resistor 0.5801393728222997 0.21443298969072164 0.019744483159117306 0.08247422680412371
gnd 0.6817653890824622 0.8690721649484536 0.041811846689895474 0.030927835051546393
capacitor 0.413472706155633 0.3680412371134021 0.027874564459930314 0.018556701030927835
capacitor 0.778164924506388 0.6938144329896907 0.027874564459930314 0.018556701030927835
inductor 0.17305458768873402 0.5030927835051546 0.053426248548199766 0.020618556701030927
current 0.6823461091753774 0.7134020618556701 0.03368176538908246 0.0577319587628866
current 0.18176538908246226 0.7144329896907217 0.03368176538908246 0.05567010309278351
capacitor 0.5801393728222997 0.3680412371134021 0.029036004645760744 0.018556701030927835
capacitor 0.27990708478513354 0.2845360824742268 0.030197444831591175 0.020618556701030927
capacitor 0.9123112659698026 0.7721649484536083 0.029036004645760744 0.018556701030927835
vdd 0.27990708478513354 0.07731958762886598 0.041811846689895474 0.018556701030927835
inductor 0.837979094076655 0.5051546391752577 0.05226480836236934 0.024742268041237112
inductor 0.6538908246225319 0.5030927835051546 0.05110336817653891 0.020618556701030927
capacitor 0.7775842044134728 0.2845360824742268 0.029036004645760744 0.020618556701030927
resistor 0.913472706155633 0.6206185567010309 0.019744483159117306 0.07835051546391752
capacitor 0.2804878048780488 0.6938144329896907 0.029036004645760744 0.018556701030927835
gnd 0.778164924506388 0.9690721649484536 0.041811846689895474 0.03711340206185567