nmos 0.5274356103023516 0.7064676616915423 0.04479283314669653 0.05970149253731343
pmos 0.7402015677491601 0.3747927031509121 0.0425531914893617 0.07960199004975124
port 0.486562150055991 0.7305140961857379 0.012318029115341545 0.01824212271973466
pmos 0.13157894736842105 0.14013266998341625 0.03471444568868981 0.07131011608623548
nmos 0.08342665173572228 0.9295190713101161 0.027995520716685332 0.06467661691542288
cross-line-curved 0.036954087346024636 0.7777777777777778 0.013437849944008958 0.03316749585406302
port 0.11758118701007839 0.07048092868988391 0.015677491601343786 0.02155887230514096
pmos 0.36338185890257557 0.2943615257048093 0.03471444568868981 0.07131011608623548
nmos 0.08286674132138858 0.8283582089552238 0.0335946248600224 0.06467661691542288
cross-line-curved 0.4568868980963046 0.2131011608623549 0.011198208286674132 0.03482587064676617
capacitor 0.7418812989921613 0.21724709784411278 0.019036954087346025 0.08291873963515754
current 0.09574468085106383 0.7338308457711443 0.04591265397536394 0.06799336650082918
resistor 0.7189249720044792 0.27860696517412936 0.0425531914893617 0.03648424543946932
pmos 0.36338185890257557 0.14013266998341625 0.03471444568868981 0.07131011608623548
cross-line-curved 0.45912653975363943 0.7777777777777778 0.011198208286674132 0.03316749585406302
current 0.3980963045912654 0.7330016583747927 0.048152295632698766 0.06633499170812604
nmos 0.3639417693169093 0.4560530679933665 0.0335946248600224 0.06965174129353234
nmos 0.8667413213885778 0.8781094527363185 0.03807390817469205 0.06799336650082918
nmos 0.10302351623740201 0.587893864013267 0.03583426651735722 0.07131011608623548
nmos 0.7396416573348265 0.7330016583747927 0.03919372900335946 0.07628524046434494
port 0.8812989921612542 0.956882255389718 0.01791713325867861 0.026533996683250415
pmos 0.7396416573348265 0.49834162520729686 0.03919372900335946 0.07462686567164178
nmos 0.39137737961926095 0.5870646766169154 0.03471444568868981 0.06965174129353234
gnd 0.3986562150055991 0.9892205638474295 0.015677491601343786 0.01824212271973466
pmos 0.8667413213885778 0.6691542288557214 0.03807390817469205 0.06799336650082918
nmos 0.13045912653975364 0.4560530679933665 0.03471444568868981 0.06965174129353234
cross-line-curved 0.2026875699888018 0.2943615257048093 0.013437849944008958 0.03482587064676617
resistor 0.6590145576707727 0.21890547263681592 0.04143337066069429 0.03648424543946932
capacitor 0.6438969764837627 0.5621890547263682 0.051511758118701005 0.029850746268656716
nmos 0.41153415453527437 0.8283582089552238 0.032474804031354984 0.06467661691542288
pmos 0.13045912653975364 0.2935323383084577 0.03471444568868981 0.06965174129353234
gnd 0.09518477043673013 0.9892205638474295 0.015677491601343786 0.01824212271973466
port 0.7575587905935051 0.8126036484245439 0.019036954087346025 0.026533996683250415
nmos 0.7407614781634938 0.6185737976782753 0.03919372900335946 0.07296849087893864
nmos 0.41097424412094063 0.9270315091210614 0.03135498320268757 0.06633499170812604
nmos 0.6142217245240762 0.7056384742951907 0.04591265397536394 0.05804311774461028
capacitor 0.8527435610302352 0.07628524046434494 0.02127659574468085 0.08623548922056384
pmos 0.8650615901455767 0.5572139303482587 0.03919372900335946 0.07296849087893864
pmos 0.8661814109742442 0.7736318407960199 0.036954087346024636 0.07131011608623548
port 0.7564389697648376 0.30265339966832505 0.0167973124300112 0.024875621890547265
port 0.37905935050391937 0.07048092868988391 0.014557670772676373 0.02155887230514096
port 0.2715565509518477 0.3656716417910448 0.014557670772676373 0.02155887230514096
port 0.20996640537513997 0.5381426202321725 0.014557670772676373 0.02155887230514096
port 0.09574468085106383 0.664179104477612 0.014557670772676373 0.02155887230514096
port 0.3980963045912654 0.6658374792703151 0.014557670772676373 0.02155887230514096
port 0.8807390817469205 0.4917081260364842 0.0167973124300112 0.028192371475953566
port 0.9400895856662934 0.7454394693200663 0.014557670772676373 0.02155887230514096
capacitor 0.7693169092945129 0.2777777777777778 0.020156774916013438 0.0845771144278607
port 0.6836506159014558 0.5016583747927031 0.014557670772676373 0.02155887230514096
port 0.6847704367301232 0.6177446102819237 0.014557670772676373 0.02155887230514096