pmos 0.3807615230460922 0.28776978417266186 0.09619238476953908 0.14388489208633093
gnd 0.8276553106212425 0.9544364508393285 0.0841683366733467 0.06235011990407674
capacitor 0.6382765531062125 0.7398081534772182 0.1062124248496994 0.06954436450839328
gnd 0.6392785571142284 0.9544364508393285 0.0841683366733467 0.05755395683453238
resistor 0.8296593186372746 0.737410071942446 0.07615230460921844 0.16546762589928057
gnd 0.23146292585170342 0.580335731414868 0.08617234468937876 0.05755395683453238
port 0.17234468937875752 0.7362110311750599 0.036072144288577156 0.047961630695443645
port 0.906813627254509 0.511990407673861 0.03807615230460922 0.045563549160671464
voltage-lines 0.23446893787575152 0.41007194244604317 0.10020040080160321 0.09592326139088729
port 0.42084168336673344 0.11031175059952038 0.036072144288577156 0.047961630695443645
port 0.42084168336673344 0.9556354916067147 0.04008016032064128 0.050359712230215826
nmos 0.3807615230460922 0.737410071942446 0.09619238476953908 0.14628297362110312