gnd 0.1524547803617571 0.8888888888888888 0.028423772609819122 0.0196078431372549
resistor 0.45478036175710596 0.6437908496732027 0.03875968992248062 0.02287581699346405
gnd 0.041343669250646 0.4852941176470588 0.031007751937984496 0.026143790849673203
diff-amp 0.4450904392764858 0.3088235294117647 0.06589147286821706 0.10784313725490197
resistor 0.588501291989664 0.49836601307189543 0.016795865633074936 0.049019607843137254
resistor 0.0755813953488372 0.3668300653594771 0.037467700258397935 0.021241830065359478
resistor 0.07622739018087855 0.2949346405228758 0.03875968992248062 0.021241830065359478
single-end-amp 0.8029715762273901 0.9044117647058824 0.06847545219638243 0.10947712418300654
resistor 0.6782945736434108 0.41094771241830064 0.03875968992248062 0.021241830065359478
capacitor 0.4541343669250646 0.7156862745098039 0.014211886304909561 0.03594771241830065
resistor 0.4541343669250646 0.0915032679738562 0.037467700258397935 0.02287581699346405
gnd 0.40891472868217055 0.9379084967320261 0.029715762273901807 0.029411764705882353
resistor 0.8901808785529716 0.41013071895424835 0.015503875968992248 0.049019607843137254
single-end-amp 0.791343669250646 0.352124183006536 0.06589147286821706 0.10620915032679738
resistor 0.8010335917312662 0.13398692810457516 0.03875968992248062 0.02287581699346405
capacitor 0.8003875968992248 0.7589869281045751 0.011627906976744186 0.03431372549019608
resistor 0.33204134366925064 0.35294117647058826 0.03875968992248062 0.02287581699346405
resistor 0.6782945736434108 0.30800653594771243 0.03875968992248062 0.021241830065359478
single-end-amp 0.18863049095607234 0.8161764705882353 0.06718346253229975 0.10620915032679738
gnd 0.016795865633074936 0.7745098039215687 0.020671834625323 0.0392156862745098
single-end-amp 0.4437984496124031 0.8594771241830066 0.06589147286821706 0.10784313725490197
gnd 0.7558139534883721 0.4272875816993464 0.028423772609819122 0.027777777777777776
resistor 0.6782945736434108 0.6862745098039216 0.03875968992248062 0.02287581699346405
resistor 0.07493540051679587 0.8464052287581699 0.03875968992248062 0.02287581699346405
port 0.19767441860465115 0.20751633986928106 0.012919896640826873 0.013071895424836602
resistor 0.07493540051679587 0.7745098039215687 0.03875968992248062 0.02287581699346405
resistor 0.6776485788113695 0.8611111111111112 0.037467700258397935 0.02287581699346405
gnd 0.7558139534883721 0.9746732026143791 0.028423772609819122 0.017973856209150325
single-end-amp 0.4450904392764858 0.30800653594771243 0.06589147286821706 0.10947712418300654
single-end-amp 0.18863049095607234 0.2647058823529412 0.06718346253229975 0.10784313725490197
resistor 0.8010335917312662 0.6870915032679739 0.03875968992248062 0.021241830065359478
resistor 0.07493540051679587 0.22303921568627452 0.03875968992248062 0.024509803921568627
single-end-amp 0.5096899224806202 0.4877450980392157 0.09431524547803617 0.08660130718954248
resistor 0.08656330749354005 0.9191176470588235 0.03875968992248062 0.024509803921568627
gnd 0.15310077519379844 0.3374183006535948 0.029715762273901807 0.021241830065359478
capacitor 0.4541343669250646 0.16339869281045752 0.014211886304909561 0.03594771241830065
resistor 0.5445736434108527 0.3660130718954248 0.016795865633074936 0.049019607843137254
resistor 0.19767441860465115 0.6870915032679739 0.03875968992248062 0.021241830065359478
resistor 0.9347545219638242 0.5408496732026143 0.016795865633074936 0.049019607843137254
voltage 0.040697674418604654 0.40931372549019607 0.037467700258397935 0.04738562091503268
diff-amp 0.8029715762273901 0.9044117647058824 0.06847545219638243 0.10947712418300654
gnd 0.4095607235142119 0.380718954248366 0.028423772609819122 0.02287581699346405
single-end-amp 0.8546511627906976 0.5318627450980392 0.09431524547803617 0.08660130718954248
resistor 0.19767441860465115 0.13562091503267973 0.03875968992248062 0.02287581699346405
resistor 0.3430232558139535 0.6429738562091504 0.037467700258397935 0.021241830065359478
port 0.45348837209302323 0.25245098039215685 0.0103359173126615 0.011437908496732025
diff-amp 0.791343669250646 0.35130718954248363 0.06589147286821706 0.10784313725490197
port 0.19767441860465115 0.7589869281045751 0.0103359173126615 0.011437908496732025
resistor 0.3313953488372093 0.8186274509803921 0.040051679586563305 0.02287581699346405
capacitor 0.8010335917312662 0.20751633986928106 0.012919896640826873 0.03594771241830065
resistor 0.3313953488372093 0.2647058823529412 0.040051679586563305 0.02287581699346405
port 0.8003875968992248 0.2949346405228758 0.014211886304909561 0.014705882352941176
gnd 0.45348837209302323 0.4411764705882353 0.023255813953488372 0.032679738562091505
gnd 0.7978036175710594 0.48284313725490197 0.02454780361757106 0.03431372549019608
port 0.19702842377260982 0.8766339869281046 0.014211886304909561 0.014705882352941176
port 0.812015503875969 0.8455882352941176 0.014211886304909561 0.014705882352941176
port 0.812015503875969 0.9632352941176471 0.014211886304909561 0.014705882352941176
port 0.4541343669250646 0.9191176470588235 0.014211886304909561 0.014705882352941176
port 0.4541343669250646 0.8031045751633987 0.014211886304909561 0.014705882352941176
port 0.46447028423772607 0.49754901960784315 0.014211886304909561 0.014705882352941176
port 0.5549095607235142 0.4991830065359477 0.014211886304909561 0.014705882352941176
port 0.9011627906976745 0.5416666666666666 0.014211886304909561 0.014705882352941176
port 0.812015503875969 0.5416666666666666 0.014211886304909561 0.014705882352941176
port 0.8003875968992248 0.41094771241830064 0.014211886304909561 0.014705882352941176
port 0.45671834625323 0.3668300653594771 0.014211886304909561 0.014705882352941176
port 0.19832041343669252 0.3243464052287582 0.014211886304909561 0.014705882352941176