capacitor 0.9861910241657077 0.6890547263681592 0.02531645569620253 0.07462686567164178
capacitor 0.7951668584579977 0.08706467661691543 0.01380897583429229 0.12437810945273632
resistor 0.9861910241657077 0.4601990049751244 0.020713463751438434 0.17412935323383086
current 0.39643268124280784 0.5522388059701493 0.0379746835443038 0.1691542288557214
resistor 0.47871116225546606 0.554726368159204 0.020713463751438434 0.17412935323383086
resistor 0.7468354430379747 0.07960199004975124 0.03682393555811277 0.08955223880597014
capacitor 0.9177215189873418 0.5597014925373134 0.026467203682393557 0.07462686567164178
gnd 0.12543153049482164 0.9328358208955224 0.02531645569620253 0.07462686567164178
current 0.6668584579976985 0.5597014925373134 0.0379746835443038 0.17412935323383086
current 0.7779056386651323 0.5497512437810945 0.03682393555811277 0.17412935323383086
current 0.12543153049482164 0.5522388059701493 0.03682393555811277 0.1691542288557214
capacitor 0.5506329113924051 0.554726368159204 0.026467203682393557 0.07462686567164178
resistor 0.20713463751438435 0.5522388059701493 0.020713463751438434 0.1791044776119403
resistor 0.8532796317606444 0.5522388059701493 0.019562715765247412 0.1791044776119403
capacitor 0.2790563866513234 0.5572139303482587 0.028768699654775604 0.07960199004975124