resistor 0.3978185993111366 0.7719465648854962 0.02640642939150402 0.12022900763358779
gnd 0.473593570608496 0.9599236641221374 0.04247990815154994 0.04198473282442748
capacitor 0.5717566016073479 0.8606870229007634 0.02066590126291619 0.07251908396946564
cross-line-curved 0.2876004592422503 0.21946564885496184 0.024110218140068886 0.05343511450381679
port 0.4873708381171068 0.08874045801526717 0.01722158438576349 0.02862595419847328
capacitor 0.3484500574052813 0.8835877862595419 0.01951779563719862 0.07633587786259542
resistor 0.6199770378874856 0.7490458015267175 0.027554535017221583 0.12022900763358779
resistor 0.6211251435132032 0.4017175572519084 0.027554535017221583 0.12022900763358779
port 0.4041331802525832 0.08778625954198473 0.018369690011481057 0.030534351145038167
resistor 0.703788748564868 0.35591603053435117 0.027554535017221583 0.12404580152671756
capacitor 0.2629161882893226 0.4818702290076336 0.02066590126291619 0.07061068702290077
capacitor 0.7950631458094145 0.8406488549618321 0.01951779563719862 0.07442748091603053
gnd 0.5574052812858783 0.5248091603053435 0.04247990815154994 0.04198473282442748
resistor 0.8662456946039035 0.8291984732824428 0.07462686567164178 0.04389312977099236
port 0.9448909299655568 0.8406488549618321 0.018369690011481057 0.03244274809160305
capacitor 0.3742824339839265 0.6574427480916031 0.02066590126291619 0.07061068702290077
resistor 0.7049368541905855 0.7309160305343512 0.027554535017221583 0.12595419847328243
gnd 0.09758897818599312 0.7347328244274809 0.04133180252583238 0.04580152671755725
resistor 0.15901262916188288 0.523854961832061 0.02640642939150402 0.12404580152671756
resistor 0.48163030998851897 0.7509541984732825 0.02640642939150402 0.12404580152671756
capacitor 0.12629161882893225 0.9064885496183206 0.018369690011481057 0.07251908396946564
gnd 0.24971297359357061 0.9809160305343512 0.04247990815154994 0.03816793893129771
gnd 0.22215843857634904 0.5381679389312977 0.04247990815154994 0.04198473282442748
resistor 0.2847301951779564 0.3950381679389313 0.027554535017221583 0.1183206106870229
gnd 0.6951779563719862 0.9398854961832062 0.04247990815154994 0.04389312977099236
resistor 0.3978185993111366 0.5687022900763359 0.02640642939150402 0.12213740458015267
inductor 0.28874856486796785 0.5887404580152672 0.021814006888633754 0.1316793893129771
cross-line-curved 0.4833524684270953 0.21851145038167938 0.022962112514351322 0.05534351145038168
capacitor 0.5281285878300803 0.4675572519083969 0.02066590126291619 0.07251908396946564
resistor 0.48105625717566014 0.37595419847328243 0.027554535017221583 0.12213740458015267
gnd 0.7801377726750861 0.5047709923664122 0.04247990815154994 0.04389312977099236
port 0.0269804822043628 0.9055343511450382 0.01722158438576349 0.03244274809160305
resistor 0.28530424799081516 0.773854961832061 0.02640642939150402 0.12022900763358779
capacitor 0.13719862227324914 0.6765267175572519 0.01951779563719862 0.07061068702290077
gnd 0.3340987370838117 0.7127862595419847 0.04133180252583238 0.04389312977099236
cross-line-curved 0.399540757749713 0.17270992366412213 0.022962112514351322 0.05916030534351145
capacitor 0.5981630309988519 0.6335877862595419 0.02066590126291619 0.07251908396946564
gnd 0.5579793340987371 0.6908396946564885 0.04133180252583238 0.04198473282442748
capacitor 0.751435132032147 0.44751908396946566 0.01951779563719862 0.07061068702290077