resistor 0.3341254752851711 0.5392749244712991 0.02376425855513308 0.03323262839879154
port 0.4130228136882129 0.777190332326284 0.010456273764258554 0.019637462235649546
resistor 0.5489543726235742 0.5921450151057401 0.02376425855513308 0.03323262839879154
resistor 0.7989543726235742 0.43277945619335345 0.02376425855513308 0.03474320241691843
capacitor 0.5080798479087453 0.25 0.010456273764258554 0.03172205438066465
port 0.04895437262357415 0.5151057401812689 0.012357414448669201 0.021148036253776436
port 0.6611216730038023 0.1729607250755287 0.014258555133079848 0.019637462235649546
port 0.9515209125475285 0.48942598187311176 0.011406844106463879 0.01812688821752266
port 0.9515209125475285 0.5400302114803626 0.011406844106463879 0.019637462235649546
port 0.689638783269962 0.959214501510574 0.010456273764258554 0.015105740181268883
port 0.16920152091254753 0.9622356495468278 0.011406844106463879 0.012084592145015106
port 0.04752851711026616 0.8549848942598187 0.011406844106463879 0.021148036253776436
port 0.4144486692015209 0.6457703927492447 0.011406844106463879 0.01661631419939577
pmos 0.12547528517110265 0.1691842900302115 0.04182509505703422 0.0755287009063444
pmos 0.24334600760456274 0.3549848942598187 0.04182509505703422 0.0755287009063444
pmos 0.5979087452471483 0.1691842900302115 0.04182509505703422 0.0755287009063444
pmos 0.7281368821292775 0.17220543806646527 0.04182509505703422 0.0755287009063444
pmos 0.6311787072243346 0.4350453172205438 0.04182509505703422 0.0755287009063444
pmos 0.7167300380228137 0.43655589123867067 0.04182509505703422 0.0755287009063444
pmos 0.8502851711026616 0.3806646525679758 0.0408745247148289 0.0755287009063444
pmos 0.6302281368821293 0.5921450151057401 0.04182509505703422 0.0755287009063444
nmos 0.12642585551330798 0.513595166163142 0.03802281368821293 0.0755287009063444
nmos 0.24477186311787072 0.5151057401812689 0.03897338403041825 0.0755287009063444
nmos 0.16682509505703422 0.8549848942598187 0.03897338403041825 0.0755287009063444
nmos 0.6563688212927756 0.8549848942598187 0.03897338403041825 0.0755287009063444
nmos 0.848384030418251 0.6419939577039275 0.03897338403041825 0.0755287009063444
nmos 0.7172053231939164 0.5966767371601208 0.03897338403041825 0.0755287009063444
nmos 0.498574144486692 0.3776435045317221 0.03897338403041825 0.0755287009063444
nmos 0.4995247148288973 0.6450151057401813 0.03897338403041825 0.0755287009063444
vdd 0.7480988593155894 0.07175226586102719 0.019011406844106463 0.01661631419939577
vdd 0.14211026615969582 0.07099697885196375 0.01806083650190114 0.015105740181268883
resistor 0.45865019011406843 0.25226586102719034 0.02376425855513308 0.03323262839879154
resistor 0.33365019011406843 0.4871601208459215 0.024714828897338403 0.03474320241691843