capacitor 0.7455573505654282 0.393542757417103 0.0210016155088853 0.04712041884816754
resistor 0.37479806138933763 0.2643979057591623 0.025848142164781908 0.06806282722513089
resistor 0.630048465266559 0.2643979057591623 0.025848142164781908 0.06806282722513089
resistor 0.6284329563812601 0.7373472949389179 0.025848142164781908 0.06806282722513089
resistor 0.37479806138933763 0.7181500872600349 0.025848142164781908 0.06806282722513089
resistor 0.8659127625201939 0.5401396160558464 0.025848142164781908 0.06806282722513089
gnd 0.10177705977382875 0.8900523560209425 0.03877221324717286 0.020942408376963352
voltage 0.10177705977382875 0.7033158813263525 0.07754442649434572 0.09424083769633508
capacitor 0.23747980613893377 0.5305410122164049 0.022617124394184167 0.04886561954624782
capacitor 0.7205169628432956 0.7347294938917975 0.0420032310177706 0.02443280977312391
gnd 0.518578352180937 0.9677137870855148 0.0420032310177706 0.02268760907504363
gnd 0.864297253634895 0.712914485165794 0.045234248788368334 0.02268760907504363
npn 0.6235864297253635 0.5287958115183246 0.07108239095315025 0.08027923211169284
vdd 0.5016155088852988 0.07068062827225131 0.0791599353796446 0.029668411867364748