port 0.24233529028049575 0.06982156710628394 0.008480104370515329 0.010861132660977503
nmos 0.3913894324853229 0.8355314197051978 0.0639269406392694 0.12102404965089217
nmos 0.8264840182648402 0.8409619860356866 0.0639269406392694 0.12102404965089217
nmos 0.23352902804957598 0.5391776570985259 0.0639269406392694 0.12102404965089217
nmos 0.5055446836268754 0.5422808378588053 0.0639269406392694 0.12102404965089217
pmos 0.45335942596216566 0.28549262994569435 0.0639269406392694 0.12102404965089217
pmos 0.28701891715590344 0.28316524437548485 0.0639269406392694 0.12102404965089217
gnd 0.6738421395955643 0.5725368502715283 0.033920417482061316 0.02017067494181536
capacitor 0.6738421395955643 0.46198603568657876 0.04174820613176777 0.030256012412723042
current 0.8535551206784083 0.3312645461598138 0.12850619699934768 0.1551590380139643
vdd 0.852576647097195 0.07253685027152831 0.02609262883235486 0.017843289371605897
vdd 0.4781474233529028 0.07292474786656322 0.02609262883235486 0.017067494181536073
vdd 0.2606001304631442 0.07292474786656322 0.025440313111545987 0.017067494181536073
port 0.02446183953033268 0.3995345228859581 0.0319634703196347 0.032583397982932506
port 0.12557077625570776 0.373933281613654 0.025440313111545987 0.03413498836307215
port 0.0994781474233529 0.54344453064391 0.03065883887801696 0.03491078355314197
port 0.6382909328114807 0.5446082234290147 0.029354207436399216 0.035686578743211794
port 0.7093933463796478 0.40147401086113266 0.03065883887801696 0.03491078355314197
port 0.8692106979778212 0.9379363847944143 0.01761252446183953 0.02017067494181536
port 0.3542074363992172 0.9406516679596586 0.016960208741030658 0.019394879751745538
port 0.8718199608610567 0.06982156710628394 0.009784735812133072 0.012412723041117145