capacitor 0.3868131868131868 0.5761316872427984 0.035164835164835165 0.12345679012345678
single-end-amp 0.5967032967032967 0.4794238683127572 0.21318681318681318 0.4403292181069959
resistor 0.17252747252747253 0.3888888888888889 0.06373626373626373 0.053497942386831275
port 0.5923076923076923 0.2345679012345679 0.024175824175824177 0.0411522633744856
resistor 0.5989010989010989 0.12345679012345678 0.06373626373626373 0.04938271604938271
resistor 0.3098901098901099 0.5740740740740741 0.06153846153846154 0.053497942386831275
gnd 0.8318681318681319 0.8991769547325102 0.05054945054945055 0.08641975308641975
port 0.5934065934065934 0.7222222222222222 0.02197802197802198 0.04526748971193416
capacitor 0.832967032967033 0.7674897119341564 0.06593406593406594 0.06172839506172839
port 0.9406593406593406 0.48148148148148145 0.02197802197802198 0.0411522633744856
port 0.04065934065934066 0.38477366255144035 0.01978021978021978 0.037037037037037035
resistor 0.8340659340659341 0.6234567901234568 0.02857142857142857 0.12757201646090535
gnd 0.43736263736263736 0.9032921810699589 0.05274725274725275 0.09465020576131687