single-end-amp 0.6236363636363637 0.6976047904191617 0.09454545454545454 0.17365269461077845
gnd 0.6172727272727273 0.7784431137724551 0.03090909090909091 0.029940119760479042
port 0.9490909090909091 0.4550898203592814 0.014545454545454545 0.023952095808383235
gnd 0.16090909090909092 0.7619760479041916 0.03090909090909091 0.03293413173652695
resistor 0.30818181818181817 0.2844311377245509 0.02727272727272727 0.0718562874251497
port 0.79 0.8233532934131736 0.016363636363636365 0.023952095808383235
single-end-amp 0.8572727272727273 0.4550898203592814 0.09636363636363636 0.17365269461077845
resistor 0.2681818181818182 0.41467065868263475 0.045454545454545456 0.04491017964071856
resistor 0.7045454545454546 0.5374251497005988 0.023636363636363636 0.0748502994011976
capacitor 0.08545454545454545 0.844311377245509 0.01818181818181818 0.04790419161676647
single-end-amp 0.15636363636363637 0.4176646706586826 0.09818181818181818 0.17065868263473055
resistor 0.30727272727272725 0.5434131736526946 0.025454545454545455 0.0748502994011976
single-end-amp 0.1572727272727273 0.1601796407185629 0.1 0.17664670658682635
resistor 0.7463636363636363 0.41467065868263475 0.045454545454545456 0.04491017964071856
gnd 0.8618181818181818 0.5464071856287425 0.03272727272727273 0.03293413173652695
capacitor 0.8563636363636363 0.18263473053892215 0.01818181818181818 0.04790419161676647
resistor 0.45 0.41317365269461076 0.023636363636363636 0.0658682634730539
gnd 0.49454545454545457 0.7245508982035929 0.03272727272727273 0.029940119760479042
resistor 0.08727272727272728 0.9595808383233533 0.04727272727272727 0.04491017964071856
single-end-amp 0.1572727272727273 0.6706586826347305 0.09636363636363636 0.17365269461077845
switch 0.5063636363636363 0.6002994011976048 0.038181818181818185 0.06287425149700598
resistor 0.8572727272727273 0.3008982035928144 0.04909090909090909 0.04491017964071856
diff-amp 0.5272727272727272 0.4161676646706587 0.12 0.2155688622754491
capacitor 0.6254545454545455 0.5464071856287425 0.01818181818181818 0.05089820359281437
gnd 0.1618181818181818 0.5059880239520959 0.03272727272727273 0.029940119760479042
gnd 0.54 0.5059880239520959 0.03272727272727273 0.029940119760479042
gnd 0.1618181818181818 0.25149700598802394 0.03272727272727273 0.029940119760479042
port 0.54 0.3188622754491018 0.014545454545454545 0.020958083832335328
port 0.8618181818181818 0.38323353293413176 0.01818181818181818 0.029940119760479042
port 0.15818181818181817 0.3413173652694611 0.01818181818181818 0.029940119760479042
port 0.6181818181818182 0.625748502994012 0.01818181818181818 0.029940119760479042
port 0.16 0.5958083832335329 0.01818181818181818 0.029940119760479042
port 0.16 0.08383233532934131 0.01818181818181818 0.029940119760479042