resistor 0.10585585585585586 0.5637583892617449 0.06306306306306306 0.04697986577181208
port 0.31981981981981983 0.3053691275167785 0.013513513513513514 0.020134228187919462
resistor 0.25563063063063063 0.7835570469798657 0.06981981981981981 0.050335570469798654
single-end-amp 0.8603603603603603 0.5587248322147651 0.12612612612612611 0.23154362416107382
port 0.9752252252252253 0.04865771812080537 0.013513513513513514 0.02348993288590604
gnd 0.7511261261261262 0.8640939597315436 0.04279279279279279 0.03691275167785235
port 0.45157657657657657 0.19463087248322147 0.01126126126126126 0.020134228187919462
resistor 0.6677927927927928 0.48825503355704697 0.06981981981981981 0.050335570469798654
resistor 0.7533783783783784 0.7248322147651006 0.02927927927927928 0.12080536912751678
gnd 0.041666666666666664 0.4983221476510067 0.04279279279279279 0.03691275167785235
resistor 0.16328828828828829 0.41442953020134227 0.06981981981981981 0.050335570469798654
capacitor 0.875 0.26677852348993286 0.024774774774774775 0.09060402684563758
resistor 0.5168918918918919 0.4899328859060403 0.06531531531531531 0.053691275167785234
resistor 0.4594594594594595 0.7802013422818792 0.06306306306306306 0.050335570469798654
single-end-amp 0.3367117117117117 0.4865771812080537 0.12837837837837837 0.22818791946308725
port 0.8457207207207207 0.7399328859060402 0.015765765765765764 0.02348993288590604
port 0.8434684684684685 0.3808724832214765 0.015765765765765764 0.02348993288590604
port 0.32319819819819817 0.6694630872483222 0.015765765765765764 0.02348993288590604