port 0.15548281505728315 0.5169082125603864 0.029459901800327332 0.043478260869565216
pmos 0.4328968903436989 0.21739130434782608 0.07692307692307693 0.1497584541062802
gnd 0.7995090016366612 0.9492753623188406 0.07364975450081833 0.06280193236714976
port 0.4672667757774141 0.07367149758454106 0.031096563011456628 0.050724637681159424
capacitor 0.6448445171849427 0.7463768115942029 0.088379705400982 0.06763285024154589
resistor 0.8003273322422259 0.7439613526570048 0.062193126022913256 0.16908212560386474
single-end-amp 0.27577741407528644 0.6702898550724637 0.1685761047463175 0.24879227053140096
gnd 0.646481178396072 0.9504830917874396 0.06873977086743044 0.06038647342995169
single-end-amp 0.27495908346972175 0.36231884057971014 0.1734860883797054 0.2560386473429952
nmos 0.43453355155482815 0.8200483091787439 0.07692307692307693 0.1473429951690821
port 0.8641571194762684 0.5157004830917874 0.029459901800327332 0.04589371980676329
port 0.4664484451718494 0.9589371980676329 0.03273322422258593 0.05314009661835749