resistor 0.7085921325051759 0.42391304347826086 0.042443064182194616 0.06521739130434782
resistor 0.7065217391304348 0.11490683229813664 0.042443064182194616 0.062111801242236024
capacitor 0.16977225672877846 0.15683229813664595 0.020703933747412008 0.10869565217391304
resistor 0.16563146997929606 0.5124223602484472 0.043478260869565216 0.06832298136645963
gnd 0.2236024844720497 0.937888198757764 0.039337474120082816 0.09937888198757763
single-end-amp 0.2981366459627329 0.42080745341614906 0.11180124223602485 0.3695652173913043
capacitor 0.2225672877846791 0.782608695652174 0.035196687370600416 0.062111801242236024
resistor 0.046583850931677016 0.5093167701863354 0.043478260869565216 0.06832298136645963
gnd 0.7939958592132506 0.8990683229813664 0.041407867494824016 0.10248447204968944
resistor 0.5864389233954451 0.4254658385093168 0.042443064182194616 0.062111801242236024
capacitor 0.6557971014492754 0.6847826086956522 0.036231884057971016 0.07142857142857142
single-end-amp 0.8633540372670807 0.5201863354037267 0.11387163561076605 0.3695652173913043
capacitor 0.8561076604554866 0.2406832298136646 0.020703933747412008 0.10869565217391304
port 0.9637681159420289 0.5217391304347826 0.010351966873706004 0.024844720496894408
port 0.39855072463768115 0.422360248447205 0.010351966873706004 0.024844720496894408
port 0.5372670807453416 0.422360248447205 0.010351966873706004 0.024844720496894408
port 0.007246376811594203 0.5124223602484472 0.010351966873706004 0.024844720496894408