vdd 0.700625 0.27437106918238996 0.04875 0.01729559748427673
port 0.904375 0.5558176100628931 0.02125 0.029874213836477988
voltage 0.505 0.5801886792452831 0.075 0.09748427672955975
gnd 0.114375 0.6878930817610063 0.05625 0.03930817610062893
current 0.375 0.7059748427672956 0.0775 0.1509433962264151
single-end-amp 0.73 0.4882075471698113 0.2175 0.3380503144654088
voltage 0.245 0.6635220125786163 0.075 0.09433962264150944
diff-amp 0.73 0.4882075471698113 0.22 0.33490566037735847
resistor 0.53375 0.9410377358490566 0.0675 0.03930817610062893
voltage 0.115 0.5809748427672956 0.075 0.0959119496855346
resistor 0.7325 0.9410377358490566 0.065 0.03930817610062893
resistor 0.536875 0.09040880503144653 0.06375 0.04245283018867924
gnd 0.375 0.8490566037735849 0.06 0.0440251572327044
port 0.905625 0.4378930817610063 0.02125 0.029874213836477988
resistor 0.7375 0.09040880503144653 0.065 0.04245283018867924
gnd 0.700625 0.7099056603773585 0.04875 0.01729559748427673
voltage 0.245 0.33647798742138363 0.0775 0.09748427672955975