single-end-amp 0.24404761904761904 0.19437340153452684 0.15079365079365079 0.20971867007672634
resistor 0.6626984126984127 0.44884910485933505 0.031746031746031744 0.10485933503836317
port 0.01984126984126984 0.8746803069053708 0.015873015873015872 0.020460358056265986
resistor 0.3819444444444444 0.690537084398977 0.02976190476190476 0.10230179028132992
resistor 0.7876984126984127 0.07289002557544758 0.07936507936507936 0.043478260869565216
resistor 0.37896825396825395 0.4948849104859335 0.051587301587301584 0.09974424552429667
gnd 0.6636904761904762 0.6035805626598465 0.04563492063492063 0.04603580562659847
resistor 0.5714285714285714 0.3554987212276215 0.07936507936507936 0.04092071611253197
resistor 0.5436507936507936 0.1956521739130435 0.07936507936507936 0.043478260869565216
port 0.018849206349206348 0.14066496163682865 0.013888888888888888 0.020460358056265986
resistor 0.37996031746031744 0.3030690537084399 0.02976190476190476 0.09974424552429667
single-end-amp 0.24503968253968253 0.8158567774936062 0.1488095238095238 0.20971867007672634
single-end-amp 0.7827380952380952 0.2442455242966752 0.1488095238095238 0.21227621483375958
port 0.9722222222222222 0.24296675191815856 0.015873015873015872 0.020460358056265986