port 0.13752665245202558 0.6061151079136691 0.019189765458422176 0.03237410071942446
resistor 0.3326226012793177 0.762589928057554 0.03837953091684435 0.17266187050359713
port 0.8880597014925373 0.49280575539568344 0.019189765458422176 0.02877697841726619
resistor 0.2484008528784648 0.6079136690647482 0.12153518123667377 0.06474820143884892
resistor 0.2484008528784648 0.37410071942446044 0.12153518123667377 0.06474820143884892
single-end-amp 0.5671641791044776 0.48741007194244607 0.27292110874200426 0.420863309352518
resistor 0.4989339019189765 0.10971223021582734 0.11940298507462686 0.0683453237410072
gnd 0.3326226012793177 0.9640287769784173 0.046908315565031986 0.04316546762589928
gnd 0.14285714285714285 0.4766187050359712 0.046908315565031986 0.039568345323741004
port 0.5543710021321961 0.6870503597122302 0.0255863539445629 0.04316546762589928
port 0.5501066098081023 0.3039568345323741 0.0255863539445629 0.039568345323741004