diode 0.435 0.5754437869822485 0.06333333333333334 0.08579881656804733
diode 0.43583333333333335 0.26479289940828404 0.065 0.08579881656804733
resistor 0.77 0.08136094674556213 0.056666666666666664 0.04437869822485207
single-end-amp 0.7841666666666667 0.4289940828402367 0.19166666666666668 0.3076923076923077
resistor 0.5575 0.08431952662721894 0.055 0.04437869822485207
resistor 0.2941666666666667 0.08579881656804733 0.055 0.047337278106508875
port 0.9566666666666667 0.4245562130177515 0.013333333333333334 0.020710059171597635
single-end-amp 0.31583333333333335 0.4275147928994083 0.18166666666666667 0.3047337278106509
port 0.013333333333333334 0.34615384615384615 0.01 0.01775147928994083
resistor 0.295 0.7322485207100592 0.056666666666666664 0.04437869822485207
gnd 0.18166666666666667 0.5650887573964497 0.03666666666666667 0.047337278106508875
resistor 0.085 0.34615384615384615 0.056666666666666664 0.04142011834319527