pnp 0.5871261378413524 0.2193877551020408 0.04031209362808843 0.10714285714285714
npn 0.9174252275682705 0.413265306122449 0.04031209362808843 0.10204081632653061
resistor 0.22756827048114434 0.6058673469387755 0.018205461638491547 0.06887755102040816
resistor 0.6033810143042913 0.11352040816326531 0.018205461638491547 0.06887755102040816
resistor 0.5247074122236671 0.8520408163265306 0.04031209362808843 0.03571428571428571
resistor 0.3543563068920676 0.9030612244897959 0.016905071521456438 0.07142857142857142
npn 0.7594278283485045 0.3711734693877551 0.04161248374512354 0.10459183673469388
npn 0.46618985695708715 0.3979591836734694 0.04291287386215865 0.10204081632653061
resistor 0.48049414824447334 0.11352040816326531 0.016905071521456438 0.06887755102040816
npn 0.5890767230169051 0.8456632653061225 0.044213263979193757 0.1096938775510204
npn 0.2425227568270481 0.7691326530612245 0.04031209362808843 0.10459183673469388
diode 0.9700910273081924 0.4260204081632653 0.031209362808842653 0.05612244897959184
capacitor 0.6814044213263979 0.20153061224489796 0.033810143042912875 0.03571428571428571
capacitor 0.3933680104031209 0.6020408163265306 0.032509752925877766 0.030612244897959183
resistor 0.4811443433029909 0.49362244897959184 0.018205461638491547 0.06887755102040816
npn 0.4668400520156047 0.6696428571428571 0.04161248374512354 0.10459183673469388
npn 0.24057217165149544 0.24362244897959184 0.04161248374512354 0.09948979591836735
npn 0.3381014304291287 0.7704081632653061 0.03901170351105332 0.10204081632653061
resistor 0.3550065019505852 0.6084183673469388 0.018205461638491547 0.06887755102040816
port 0.16775032509752927 0.04974489795918367 0.010403120936280884 0.02295918367346939
resistor 0.8081924577373212 0.41709183673469385 0.04031209362808843 0.03316326530612245
resistor 0.28738621586475943 0.4719387755102041 0.018205461638491547 0.07142857142857142
diode 0.6456436931079323 0.6135204081632653 0.035110533159947985 0.058673469387755105
pnp 0.4986996098829649 0.2181122448979592 0.0377113133940182 0.1096938775510204
resistor 0.8504551365409623 0.49489795918367346 0.015604681404421327 0.07142857142857142
npn 0.33224967490247076 0.28188775510204084 0.05071521456436931 0.08928571428571429
port 0.16970091027308193 0.24489795918367346 0.011703511053315995 0.025510204081632654
port 0.1684005201560468 0.9668367346938775 0.011703511053315995 0.025510204081632654