resistor 0.22380952380952382 0.5694444444444444 0.017687074829931974 0.07478632478632478
resistor 0.763265306122449 0.5673076923076923 0.01904761904761905 0.07051282051282051
gnd 0.8312925170068027 0.7585470085470085 0.04353741496598639 0.03418803418803419
resistor 0.6959183673469388 0.5683760683760684 0.017687074829931974 0.07264957264957266
port 0.01020408163265306 0.49786324786324787 0.009523809523809525 0.017094017094017096
capacitor 0.580952380952381 0.16666666666666666 0.0326530612244898 0.02564102564102564
gnd 0.39727891156462586 0.7158119658119658 0.04353741496598639 0.03418803418803419
npn 0.5224489795918368 0.23931623931623933 0.024489795918367346 0.0641025641025641
npn 0.7557823129251701 0.3002136752136752 0.02585034013605442 0.06623931623931624
resistor 0.5326530612244897 0.8878205128205128 0.017687074829931974 0.07478632478632478
capacitor 0.5802721088435374 0.8194444444444444 0.034013605442176874 0.023504273504273504
capacitor 0.145578231292517 0.5705128205128205 0.0326530612244898 0.02564102564102564
diode 0.46462585034013604 0.9123931623931624 0.02585034013605442 0.02564102564102564
inductor 0.9163265306122449 0.43482905982905984 0.047619047619047616 0.019230769230769232
npn 0.30952380952380953 0.7713675213675214 0.02585034013605442 0.0641025641025641
gnd 0.1836734693877551 0.7104700854700855 0.04353741496598639 0.03632478632478633
diode 0.5326530612244897 0.6282051282051282 0.02585034013605442 0.02564102564102564
resistor 0.9149659863945578 0.5598290598290598 0.047619047619047616 0.029914529914529916
resistor 0.1945578231292517 0.11217948717948718 0.0163265306122449 0.07051282051282051
resistor 0.3006802721088435 0.8952991452991453 0.0163265306122449 0.07692307692307693
port 0.9380952380952381 0.041666666666666664 0.012244897959183673 0.019230769230769232
capacitor 0.22925170068027212 0.2403846153846154 0.017687074829931974 0.053418803418803416
capacitor 0.8312925170068027 0.6677350427350427 0.0326530612244898 0.023504273504273504
pnp 0.43673469387755104 0.17841880341880342 0.024489795918367346 0.06623931623931624
capacitor 0.39727891156462586 0.6463675213675214 0.0326530612244898 0.023504273504273504
resistor 0.8312925170068027 0.5844017094017094 0.01904761904761905 0.07051282051282051
capacitor 0.05238095238095238 0.49893162393162394 0.017687074829931974 0.053418803418803416
npn 0.26258503401360545 0.4967948717948718 0.027210884353741496 0.06623931623931624
resistor 0.2714285714285714 0.11538461538461539 0.017687074829931974 0.07264957264957266
pnp 0.7564625850340136 0.6955128205128205 0.024489795918367346 0.06623931623931624
port 0.9380952380952381 0.9700854700854701 0.012244897959183673 0.021367521367521368
diode 0.5326530612244897 0.44017094017094016 0.02585034013605442 0.02564102564102564
port 0.9863945578231292 0.49786324786324787 0.010884353741496598 0.021367521367521368
gnd 0.46598639455782315 0.6143162393162394 0.03945578231292517 0.03632478632478633
npn 0.33877551020408164 0.4967948717948718 0.027210884353741496 0.06623931623931624
resistor 0.46462585034013604 0.7040598290598291 0.017687074829931974 0.07051282051282051
npn 0.6496598639455783 0.30128205128205127 0.02585034013605442 0.0641025641025641
resistor 0.45782312925170066 0.49893162393162394 0.044897959183673466 0.027777777777777776
resistor 0.39659863945578233 0.5705128205128205 0.017687074829931974 0.07264957264957266
capacitor 0.4054421768707483 0.2980769230769231 0.027210884353741496 0.019230769230769232
pnp 0.6489795918367347 0.6944444444444444 0.024489795918367346 0.06837606837606838
npn 0.5238095238095238 0.7713675213675214 0.024489795918367346 0.0641025641025641
resistor 0.4884353741496599 0.3611111111111111 0.04625850340136054 0.029914529914529916
diode 0.5326530612244897 0.5470085470085471 0.02585034013605442 0.02564102564102564
resistor 0.6965986394557823 0.43162393162393164 0.01904761904761905 0.07264957264957266
resistor 0.09523809523809523 0.49786324786324787 0.04625850340136054 0.029914529914529916
resistor 0.7639455782312925 0.43162393162393164 0.02040816326530612 0.07264957264957266
diode 0.46462585034013604 0.8269230769230769 0.02585034013605442 0.02564102564102564