gnd 0.5254545454545455 0.7638888888888888 0.05818181818181818 0.05303030303030303
capacitor 0.30454545454545456 0.726010101010101 0.04909090909090909 0.047979797979797977
capacitor 0.6163636363636363 0.4356060606060606 0.04727272727272727 0.05303030303030303
gnd 0.23545454545454544 0.8787878787878788 0.06363636363636363 0.05555555555555555
vdd 0.20272727272727273 0.06944444444444445 0.06727272727272728 0.022727272727272728
resistor 0.75 0.6186868686868687 0.1 0.05555555555555555
resistor 0.23727272727272727 0.4722222222222222 0.038181818181818185 0.1414141414141414
resistor 0.23727272727272727 0.726010101010101 0.04181818181818182 0.14393939393939395
gnd 0.30454545454545456 0.8787878787878788 0.056363636363636366 0.05555555555555555
resistor 0.20545454545454545 0.25 0.04 0.1414141414141414
gnd 0.8263636363636364 0.8787878787878788 0.06363636363636363 0.05555555555555555
capacitor 0.8263636363636364 0.7272727272727273 0.04909090909090909 0.050505050505050504
single-end-amp 0.53 0.6224747474747475 0.08181818181818182 0.11868686868686869
gnd 0.6154545454545455 0.577020202020202 0.06 0.05808080808080808
vdd 0.6163636363636363 0.2638888888888889 0.06545454545454546 0.022727272727272728
port 0.990909090909091 0.6212121212121212 0.01818181818181818 0.025252525252525252
port 0.005454545454545455 0.37373737373737376 0.01090909090909091 0.025252525252525252