port 0.9008264462809917 0.4282051282051282 0.13636363636363635 0.08205128205128205
resistor 0.6322314049586777 0.22564102564102564 0.04132231404958678 0.11282051282051282
capacitor 0.7975206611570248 0.767948717948718 0.0743801652892562 0.05897435897435897
resistor 0.4865702479338843 0.7128205128205128 0.04338842975206612 0.11282051282051282
capacitor 0.31611570247933884 0.5064102564102564 0.045454545454545456 0.08974358974358974
resistor 0.4462809917355372 0.3782051282051282 0.04132231404958678 0.11025641025641025
gnd 0.6962809917355371 0.9474358974358974 0.049586776859504134 0.05384615384615385
npn 0.5971074380165289 0.5051282051282051 0.08677685950413223 0.1794871794871795
resistor 0.6322314049586777 0.764102564102564 0.04132231404958678 0.11282051282051282
port 0.6322314049586777 0.052564102564102565 0.028925619834710745 0.05384615384615385
port 0.12603305785123967 0.5089743589743589 0.2396694214876033 0.08461538461538462