nmos 0.35986159169550175 0.6836569579288025 0.03806228373702422 0.08576051779935275
port 0.21972318339100347 0.4021035598705502 0.01384083044982699 0.02750809061488673
nmos 0.5445501730103807 0.6836569579288025 0.037197231833910036 0.08576051779935275
cross-line-curved 0.2833044982698962 0.6788025889967637 0.01643598615916955 0.024271844660194174
current 0.14359861591695502 0.8527508090614887 0.05536332179930796 0.10355987055016182
pmos 0.5454152249134948 0.14158576051779936 0.03546712802768166 0.08576051779935275
current 0.3282871972318339 0.8527508090614887 0.056228373702422146 0.10355987055016182
nmos 0.7292387543252595 0.6836569579288025 0.03806228373702422 0.08576051779935275
port 0.5882352941176471 0.4021035598705502 0.01384083044982699 0.02750809061488673
pmos 0.6665224913494809 0.28883495145631066 0.037197231833910036 0.0825242718446602
nmos 0.45285467128027684 0.5946601941747572 0.037197231833910036 0.0825242718446602
nmos 0.08304498269896193 0.5970873786407767 0.03633217993079585 0.08414239482200647
pmos 0.8499134948096886 0.2912621359223301 0.037197231833910036 0.08414239482200647
nmos 0.9139273356401384 0.6828478964401294 0.03892733564013841 0.08737864077669903
gnd 0.33001730103806226 0.3454692556634304 0.03200692041522491 0.030744336569579287
nmos 0.26773356401384085 0.5970873786407767 0.037197231833910036 0.08414239482200647
port 0.7729238754325259 0.4021035598705502 0.014705882352941176 0.02750809061488673
nmos 0.9134948096885813 0.46682847896440127 0.03633217993079585 0.08576051779935275
gnd 0.4217128027681661 0.9789644012944984 0.03200692041522491 0.032362459546925564
nmos 0.8213667820069204 0.5970873786407767 0.037197231833910036 0.08414239482200647
port 0.04065743944636678 0.5954692556634305 0.01384083044982699 0.025889967637540454
pmos 0.17647058823529413 0.1383495145631068 0.03633217993079585 0.08576051779935275
current 0.8819204152249135 0.8543689320388349 0.056228373702422146 0.10355987055016182
port 0.4100346020761246 0.6820388349514563 0.01384083044982699 0.024271844660194174
current 0.5129757785467128 0.8511326860841424 0.05536332179930796 0.10355987055016182
pmos 0.11245674740484429 0.13996763754045308 0.03633217993079585 0.08576051779935275
pmos 0.29714532871972316 0.14320388349514562 0.03546712802768166 0.08576051779935275
port 0.4039792387543253 0.4021035598705502 0.01384083044982699 0.02750809061488673
pmos 0.8503460207612457 0.14320388349514562 0.03633217993079585 0.08576051779935275
pmos 0.6665224913494809 0.1407766990291262 0.037197231833910036 0.08737864077669903
port 0.5938581314878892 0.5962783171521036 0.014705882352941176 0.02750809061488673
gnd 0.8832179930795848 0.6076051779935275 0.031141868512110725 0.03398058252427184
port 0.7785467128027682 0.5962783171521036 0.015570934256055362 0.02750809061488673
voltage-lines 0.3295847750865052 0.27427184466019416 0.03806228373702422 0.059870550161812294
nmos 0.17560553633217993 0.6836569579288025 0.03806228373702422 0.08576051779935275
nmos 0.8507785467128027 0.46682847896440127 0.037197231833910036 0.08576051779935275
pmos 0.4809688581314879 0.13996763754045308 0.03633217993079585 0.08576051779935275
pmos 0.7305363321799307 0.2896440129449838 0.037197231833910036 0.08414239482200647
pmos 0.3607266435986159 0.14401294498381878 0.03633217993079585 0.08737864077669903
port 0.5951557093425606 0.6820388349514563 0.01384083044982699 0.02750809061488673
pmos 0.7296712802768166 0.14158576051779936 0.03546712802768166 0.08576051779935275
cross-line-curved 0.0986159169550173 0.6796116504854369 0.015570934256055362 0.022653721682847898
port 0.958044982698962 0.4021035598705502 0.014705882352941176 0.02750809061488673
port 0.40960207612456745 0.5938511326860841 0.014705882352941176 0.02912621359223301
port 0.22577854671280276 0.6820388349514563 0.01384083044982699 0.024271844660194174
cross-line-curved 0.8365051903114187 0.6796116504854369 0.015570934256055362 0.022653721682847898
cross-line-curved 0.6522491349480969 0.6788025889967637 0.015570934256055362 0.021035598705501618
port 0.041089965397923874 0.6828478964401294 0.012975778546712802 0.025889967637540454
pmos 0.9147923875432526 0.29207119741100324 0.037197231833910036 0.08576051779935275
current 0.6976643598615917 0.8503236245954693 0.056228373702422146 0.10517799352750809
port 0.7794117647058824 0.6828478964401294 0.01384083044982699 0.025889967637540454
cross-line-curved 0.4679930795847751 0.6788025889967637 0.015570934256055362 0.024271844660194174
nmos 0.6371107266435986 0.5970873786407767 0.037197231833910036 0.08414239482200647
port 0.22491349480968859 0.5954692556634305 0.01384083044982699 0.025889967637540454
pmos 0.9143598615916955 0.14401294498381878 0.03633217993079585 0.08737864077669903
vdd 0.1903114186851211 0.08090614886731391 0.01384083044982699 0.02912621359223301
vdd 0.2837370242214533 0.07928802588996764 0.01384083044982699 0.02912621359223301
vdd 0.3758650519031142 0.0825242718446602 0.014705882352941176 0.02912621359223301
vdd 0.4666955017301038 0.0825242718446602 0.014705882352941176 0.02912621359223301
vdd 0.5588235294117647 0.07686084142394822 0.01384083044982699 0.02750809061488673
vdd 0.6513840830449827 0.07686084142394822 0.01384083044982699 0.02750809061488673
vdd 0.7461072664359861 0.07928802588996764 0.014705882352941176 0.02912621359223301
vdd 0.8369377162629758 0.07766990291262135 0.014705882352941176 0.02912621359223301
voltage-lines 0.8836505190311419 0.5388349514563107 0.03892733564013841 0.061488673139158574
port 0.09991349480968859 0.9433656957928802 0.014705882352941176 0.02912621359223301
port 0.9243079584775087 0.9385113268608414 0.014705882352941176 0.02912621359223301