diode 0.44782608695652176 0.09808612440191387 0.05652173913043478 0.0430622009569378
resistor 0.5760869565217391 0.11802232854864433 0.043478260869565216 0.07974481658692185
resistor 0.1956521739130435 0.5534290271132376 0.11304347826086956 0.03827751196172249
resistor 0.3923913043478261 0.7982456140350878 0.041304347826086954 0.08452950558213716
capacitor 0.3456521739130435 0.3229665071770335 0.05652173913043478 0.02711323763955343
capacitor 0.6739130434782609 0.24800637958532695 0.05652173913043478 0.02711323763955343
gnd 0.6717391304347826 0.32456140350877194 0.05652173913043478 0.02711323763955343
single-end-amp 0.5413043478260869 0.5909090909090909 0.1391304347826087 0.11323763955342903
resistor 0.44782608695652176 0.3022328548644338 0.043478260869565216 0.07814992025518341
capacitor 0.391304347826087 0.9027113237639554 0.05652173913043478 0.025518341307814992
gnd 0.39021739130434785 0.9784688995215312 0.05434782608695652 0.02711323763955343
pnp 0.475 0.1810207336523126 0.07608695652173914 0.07496012759170653
gnd 0.44565217391304346 0.4082934609250399 0.05217391304347826 0.028708133971291867
gnd 0.7402173913043478 0.9792663476874003 0.05434782608695652 0.028708133971291867
resistor 0.741304347826087 0.7998405103668261 0.043478260869565216 0.08452950558213716
port 0.04673913043478261 0.5502392344497608 0.03260869565217391 0.028708133971291867
resistor 0.5576086956521739 0.7129186602870813 0.1108695652173913 0.03189792663476874
port 0.8521739130434782 0.5925039872408293 0.034782608695652174 0.030303030303030304
port 0.8489130434782609 0.04704944178628389 0.058695652173913045 0.030303030303030304
port 0.5706521739130435 0.6475279106858054 0.03260869565217391 0.044657097288676235