gnd 0.6394302848575713 0.9136197440585009 0.044977511244377814 0.037477148080438755
vdd 0.6214392803598201 0.055758683729433274 0.038980509745127435 0.02010968921389397
resistor 0.18140929535232383 0.4963436928702011 0.0734632683658171 0.04204753199268738
resistor 0.47563718140929534 0.31855575868372943 0.03373313343328336 0.08683729433272395
resistor 0.7871064467766117 0.2509140767824497 0.03298350824587706 0.08683729433272395
current 0.08958020989505247 0.6521937842778793 0.07571214392803598 0.09049360146252285
gnd 0.08995502248875563 0.8016453382084096 0.044977511244377814 0.038391224862888484
resistor 0.7871064467766117 0.6974405850091407 0.034482758620689655 0.08592321755027423
capacitor 0.3335832083958021 0.496800731261426 0.029985007496251874 0.061243144424131625
nmos 0.7642428785607196 0.496800731261426 0.05172413793103448 0.09963436928702012
resistor 0.4745127436281859 0.7198354661791591 0.03298350824587706 0.08683729433272395
port 0.8740629685157422 0.38391224862888484 0.01199400299850075 0.018281535648994516