npn 0.6038961038961039 0.42839195979899497 0.02683982683982684 0.06030150753768844
pnp 0.4251082251082251 0.5590452261306532 0.024242424242424242 0.06030150753768844
resistor 0.41385281385281386 0.13819095477386933 0.015584415584415584 0.05025125628140704
pmos 0.80995670995671 0.6331658291457286 0.021645021645021644 0.052763819095477386
port 0.9584415584415584 0.3542713567839196 0.04329004329004329 0.03015075376884422
resistor 0.4393939393939394 0.9108040201005025 0.032034632034632034 0.022613065326633167
resistor 0.15454545454545454 0.7537688442211056 0.02857142857142857 0.022613065326633167
resistor 0.561038961038961 0.5634422110552764 0.015584415584415584 0.04396984924623116
port 0.030303030303030304 0.1513819095477387 0.04329004329004329 0.028894472361809045
gnd 0.8887445887445887 0.38944723618090454 0.023376623376623377 0.022613065326633167
npn 0.5532467532467532 0.6419597989949749 0.025974025974025976 0.06030150753768844
port 0.02727272727272727 0.4472361809045226 0.0354978354978355 0.02512562814070352
resistor 0.27186147186147186 0.7016331658291457 0.017316017316017316 0.0414572864321608
resistor 0.2792207792207792 0.13819095477386933 0.01645021645021645 0.04773869346733668
resistor 0.3502164502164502 0.30339195979899497 0.01645021645021645 0.04648241206030151
resistor 0.1961038961038961 0.5081658291457286 0.01471861471861472 0.048994974874371856
capacitor 0.15887445887445886 0.44974874371859297 0.007792207792207792 0.022613065326633167
resistor 0.5614718614718615 0.4792713567839196 0.01645021645021645 0.0414572864321608
pnp 0.2649350649350649 0.5596733668341709 0.025974025974025976 0.056532663316582916
port 0.9571428571428572 0.0678391959798995 0.03722943722943723 0.02763819095477387
resistor 0.8164502164502164 0.33040201005025127 0.015584415584415584 0.04522613065326633
gnd 0.12121212121212122 0.7324120603015075 0.022510822510822513 0.022613065326633167
pnp 0.5528138528138529 0.20854271356783918 0.02683982683982684 0.06030150753768844
resistor 0.6424242424242425 0.2707286432160804 0.03116883116883117 0.02386934673366834
capacitor 0.22207792207792207 0.7336683417085427 0.012987012987012988 0.020100502512562814
nmos 0.8095238095238095 0.21608040201005024 0.022510822510822513 0.05025125628140704
pnp 0.27186147186147186 0.3285175879396985 0.025974025974025976 0.059045226130653265
resistor 0.561038961038961 0.13756281407035176 0.017316017316017316 0.04648241206030151
resistor 0.8168831168831169 0.48932160804020103 0.01471861471861472 0.04648241206030151
gnd 0.08225108225108226 0.18592964824120603 0.025974025974025976 0.02512562814070352
resistor 0.3385281385281385 0.6099246231155779 0.015584415584415584 0.04396984924623116
resistor 0.5614718614718615 0.7317839195979899 0.01645021645021645 0.04648241206030151
gnd 0.10086580086580087 0.7041457286432161 0.023376623376623377 0.02135678391959799
resistor 0.3497835497835498 0.20163316582914573 0.015584415584415584 0.04396984924623116
gnd 0.1974025974025974 0.574748743718593 0.022510822510822513 0.02135678391959799
capacitor 0.36883116883116884 0.9082914572864321 0.008658008658008658 0.022613065326633167
pnp 0.6995670995670996 0.19535175879396985 0.025974025974025976 0.059045226130653265
port 0.6246753246753247 0.06846733668341709 0.0683982683982684 0.031407035175879394
resistor 0.7212121212121212 0.43404522613065327 0.015584415584415584 0.048994974874371856
capacitor 0.06926406926406926 0.7638190954773869 0.013852813852813853 0.01507537688442211
port 0.9549783549783549 0.7996231155778895 0.03463203463203463 0.028894472361809045
gnd 0.22900432900432902 0.1765075376884422 0.023376623376623377 0.02135678391959799
resistor 0.7692640692640693 0.614321608040201 0.02857142857142857 0.02512562814070352
gnd 0.1722943722943723 0.17525125628140703 0.022510822510822513 0.02135678391959799
pnp 0.7121212121212122 0.6507537688442211 0.025108225108225107 0.06030150753768844
resistor 0.13766233766233765 0.12248743718592965 0.024242424242424242 0.02386934673366834
resistor 0.7688311688311689 0.23492462311557788 0.02943722943722944 0.022613065326633167
port 0.02987012987012987 0.707286432160804 0.04415584415584416 0.02763819095477387
gnd 0.11515151515151516 0.5753768844221105 0.024242424242424242 0.022613065326633167
port 0.6904761904761905 0.06721105527638191 0.03896103896103896 0.028894472361809045
pnp 0.4238095238095238 0.32097989949748745 0.025108225108225107 0.056532663316582916
resistor 0.11428571428571428 0.5087939698492462 0.015584415584415584 0.04773869346733668
resistor 0.38225108225108223 0.7028894472361809 0.01471861471861472 0.0414572864321608
resistor 0.6424242424242425 0.5954773869346733 0.027705627705627706 0.022613065326633167
gnd 0.07575757575757576 0.5760050251256281 0.023376623376623377 0.02386934673366834
capacitor 0.17445887445887445 0.757537688442211 0.011255411255411256 0.01256281407035176
resistor 0.561038961038961 0.3027638190954774 0.017316017316017316 0.04773869346733668
resistor 0.5415584415584416 0.9114321608040201 0.032034632034632034 0.02386934673366834
resistor 0.3372294372294372 0.7600502512562815 0.01645021645021645 0.04271356783919598
npn 0.16883116883116883 0.08040201005025126 0.050216450216450215 0.04522613065326633
pnp 0.1748917748917749 0.7889447236180904 0.050216450216450215 0.04522613065326633
capacitor 0.9142857142857143 0.7079145728643216 0.017316017316017316 0.018844221105527637
port 0.7844155844155845 0.2770100502512563 0.045021645021645025 0.028894472361809045
port 0.7844155844155845 0.5383165829145728 0.045021645021645025 0.028894472361809045
port 0.6116883116883117 0.7989949748743719 0.0632034632034632 0.032663316582914576
pmos 0.34545454545454546 0.15263819095477388 0.03116883116883117 0.04396984924623116
port 0.7047619047619048 0.7989949748743719 0.04329004329004329 0.032663316582914576
capacitor 0.5238095238095238 0.42902010050251255 0.008658008658008658 0.02386934673366834
pmos 0.32987012987012987 0.5496231155778895 0.03116883116883117 0.04396984924623116
gnd 0.2567099567099567 0.7129396984924623 0.023376623376623377 0.02386934673366834
capacitor 0.17705627705627705 0.7192211055276382 0.019913419913419914 0.02135678391959799
capacitor 0.22943722943722944 0.14321608040201006 0.01904761904761905 0.020100502512562814
capacitor 0.17186147186147185 0.146356783919598 0.019913419913419914 0.02135678391959799
capacitor 0.08225108225108226 0.10678391959798995 0.01904761904761905 0.020100502512562814
capacitor 0.6766233766233766 0.4321608040201005 0.019913419913419914 0.020100502512562814
capacitor 0.638961038961039 0.4321608040201005 0.01904761904761905 0.020100502512562814
port 0.9601731601731601 0.5119346733668342 0.045021645021645025 0.028894472361809045
port 0.9575757575757575 0.43027638190954776 0.045021645021645025 0.028894472361809045
port 0.030303030303030304 0.06595477386934673 0.045021645021645025 0.028894472361809045
gnd 0.3199134199134199 0.9641959798994975 0.023376623376623377 0.02386934673366834
port 0.027705627705627706 0.37248743718592964 0.045021645021645025 0.028894472361809045
port 0.022510822510822513 0.5307788944723618 0.045021645021645025 0.028894472361809045
port 0.0354978354978355 0.7996231155778895 0.045021645021645025 0.028894472361809045