port 0.9346910112359551 0.07429245283018868 0.054775280898876406 0.030660377358490566
capacitor 0.8075842696629213 0.17099056603773585 0.025280898876404494 0.02122641509433962
resistor2 0.4157303370786517 0.6415094339622641 0.016853932584269662 0.0660377358490566
npn 0.3300561797752809 0.7511792452830188 0.02247191011235955 0.06839622641509434
gnd 0.8082865168539326 0.2818396226415094 0.037921348314606744 0.030660377358490566
resistor2 0.7415730337078652 0.4693396226415094 0.019662921348314606 0.0660377358490566
resistor2 0.6566011235955056 0.8655660377358491 0.018258426966292134 0.0660377358490566
capacitor 0.8082865168539326 0.6816037735849056 0.023876404494382022 0.02358490566037736
resistor2 0.5049157303370787 0.8667452830188679 0.018258426966292134 0.06367924528301887
capacitor 0.8742977528089888 0.7983490566037735 0.026685393258426966 0.025943396226415096
resistor2 0.45646067415730335 0.5283018867924528 0.03932584269662921 0.02830188679245283
gnd 0.7661516853932584 0.7558962264150944 0.037921348314606744 0.025943396226415096
resistor2 0.25 0.527122641509434 0.03932584269662921 0.030660377358490566
resistor2 0.7408707865168539 0.5825471698113207 0.018258426966292134 0.0660377358490566
port 0.059691011235955056 0.7523584905660378 0.054775280898876406 0.0330188679245283
resistor2 0.2029494382022472 0.6674528301886793 0.018258426966292134 0.0660377358490566
resistor2 0.3377808988764045 0.8679245283018868 0.018258426966292134 0.0660377358490566
capacitor 0.4164325842696629 0.7252358490566038 0.026685393258426966 0.025943396226415096
capacitor 0.6060393258426966 0.7405660377358491 0.023876404494382022 0.02830188679245283
npn 0.29564606741573035 0.5259433962264151 0.023876404494382022 0.07075471698113207
gnd 0.20365168539325842 0.8183962264150944 0.03932584269662921 0.02830188679245283
capacitor 0.12008426966292135 0.5283018867924528 0.018258426966292134 0.04716981132075472
npn 0.7310393258426966 0.8089622641509434 0.021067415730337078 0.0660377358490566
resistor2 0.5077247191011236 0.4410377358490566 0.021067415730337078 0.0660377358490566
resistor2 0.6566011235955056 0.12971698113207547 0.018258426966292134 0.0660377358490566
gnd 0.41713483146067415 0.8195754716981132 0.03932584269662921 0.025943396226415096
capacitor 0.8742977528089888 0.1733490566037736 0.026685393258426966 0.025943396226415096
resistor2 0.5042134831460674 0.3278301886792453 0.016853932584269662 0.0660377358490566
resistor2 0.5063202247191011 0.7511792452830188 0.018258426966292134 0.06367924528301887
resistor2 0.8082865168539326 0.5825471698113207 0.018258426966292134 0.0660377358490566
resistor2 0.30337078651685395 0.13089622641509435 0.019662921348314606 0.06839622641509434
capacitor 0.8082865168539326 0.7971698113207547 0.023876404494382022 0.02358490566037736
port 0.059691011235955056 0.527122641509434 0.054775280898876406 0.03537735849056604
port 0.9353932584269663 0.9233490566037735 0.056179775280898875 0.03537735849056604
npn 0.648876404494382 0.27122641509433965 0.02247191011235955 0.0660377358490566
npn 0.3792134831460674 0.527122641509434 0.02247191011235955 0.06839622641509434
npn 0.5646067415730337 0.38443396226415094 0.02247191011235955 0.0660377358490566
pnp 0.648876404494382 0.6957547169811321 0.02247191011235955 0.0660377358490566
capacitor 0.5723314606741573 0.5825471698113207 0.026685393258426966 0.02830188679245283
port 0.9339887640449438 0.5259433962264151 0.056179775280898875 0.0330188679245283
resistor2 0.1699438202247191 0.5283018867924528 0.03932584269662921 0.02830188679245283
capacitor 0.45575842696629215 0.22995283018867924 0.023876404494382022 0.025943396226415096
capacitor 0.16853932584269662 0.6544811320754716 0.025280898876404494 0.025943396226415096
diode 0.2872191011235955 0.8537735849056604 0.023876404494382022 0.0330188679245283
port 0.9353932584269663 0.7240566037735849 0.05337078651685393 0.0330188679245283
resistor2 0.25491573033707865 0.7547169811320755 0.04073033707865169 0.0330188679245283
resistor2_3 0.8574438202247191 0.9221698113207547 0.04073033707865169 0.0330188679245283
resistor2_3 0.8574438202247191 0.07547169811320754 0.04073033707865169 0.0330188679245283
pnp 0.49929775280898875 0.18632075471698112 0.02949438202247191 0.07075471698113207
pnp 0.7331460674157303 0.18985849056603774 0.028089887640449437 0.07311320754716981