resistor 0.3647342995169082 0.8333333333333334 0.012560386473429951 0.031609195402298854
resistor 0.3386473429951691 0.1752873563218391 0.008695652173913044 0.031609195402298854
resistor 0.36376811594202896 0.4051724137931034 0.010628019323671498 0.028735632183908046
capacitor 0.7342995169082126 0.46479885057471265 0.021256038647342997 0.021551724137931036
gnd 0.08743961352657005 0.7665229885057471 0.024154589371980676 0.021551724137931036
capacitor 0.6198067632850242 0.5833333333333334 0.012560386473429951 0.034482758620689655
resistor 0.314975845410628 0.40445402298850575 0.00966183574879227 0.03017241379310345
resistor 0.6975845410628019 0.8670977011494253 0.011594202898550725 0.033045977011494254
gnd 0.20676328502415459 0.7665229885057471 0.025120772946859903 0.02442528735632184
diode 0.43526570048309177 0.8771551724137931 0.03188405797101449 0.02442528735632184
resistor 0.5657004830917874 0.5826149425287356 0.018357487922705314 0.01293103448275862
resistor 0.12415458937198068 0.867816091954023 0.012560386473429951 0.034482758620689655
diode 0.3869565217391304 0.22054597701149425 0.03188405797101449 0.027298850574712645
diode 0.20917874396135266 0.5747126436781609 0.03188405797101449 0.02586206896551724
diode 0.2565217391304348 0.5754310344827587 0.03188405797101449 0.027298850574712645
diode 0.16666666666666666 0.7255747126436781 0.022222222222222223 0.04310344827586207
diode 0.43526570048309177 0.7722701149425287 0.03188405797101449 0.027298850574712645
port 0.0536231884057971 0.6386494252873564 0.05314009661835749 0.027298850574712645
resistor 0.12367149758454106 0.3699712643678161 0.00966183574879227 0.033045977011494254
diode 0.7821256038647343 0.5754310344827587 0.03188405797101449 0.027298850574712645
port 0.052657004830917876 0.5136494252873564 0.05314009661835749 0.027298850574712645
resistor 0.1246376811594203 0.11997126436781609 0.00966183574879227 0.033045977011494254
resistor 0.8531400966183574 0.4073275862068966 0.011594202898550725 0.027298850574712645
diode 0.6980676328502415 0.5222701149425287 0.03188405797101449 0.027298850574712645
resistor 0.20821256038647343 0.4410919540229885 0.010628019323671498 0.031609195402298854
gnd 0.20821256038647343 0.2765804597701149 0.02608695652173913 0.021551724137931036
resistor 0.6507246376811594 0.867816091954023 0.012560386473429951 0.034482758620689655
diode 0.6990338164251207 0.41451149425287354 0.03188405797101449 0.027298850574712645
diode 0.7821256038647343 0.3613505747126437 0.03188405797101449 0.027298850574712645
resistor 0.3164251207729469 0.8333333333333334 0.012560386473429951 0.034482758620689655
diode 0.6391304347826087 0.21839080459770116 0.03188405797101449 0.02586206896551724
diode 0.6381642512077295 0.11278735632183907 0.03188405797101449 0.027298850574712645
port 0.951207729468599 0.9375 0.05314009661835749 0.027298850574712645
pnp 0.34492753623188405 0.28089080459770116 0.03671497584541063 0.05316091954022988
resistor 0.8526570048309179 0.5301724137931034 0.010628019323671498 0.028735632183908046
resistor 0.6985507246376812 0.15876436781609196 0.00966183574879227 0.033045977011494254
pnp 0.30821256038647343 0.5114942528735632 0.03671497584541063 0.05459770114942529
pnp 0.3695652173913043 0.5122126436781609 0.03768115942028986 0.05316091954022988
npn 0.3685990338164251 0.7068965517241379 0.03768115942028986 0.05459770114942529
npn 0.6444444444444445 0.6724137931034483 0.03671497584541063 0.05459770114942529
resistor 0.4357487922705314 0.17313218390804597 0.00966183574879227 0.033045977011494254
npn 0.691304347826087 0.742816091954023 0.03768115942028986 0.05459770114942529
resistor 0.47101449275362317 0.28089080459770116 0.018357487922705314 0.01293103448275862
pnp 0.8478260869565217 0.6364942528735632 0.03768115942028986 0.05459770114942529
port 0.9487922705314009 0.05100574712643678 0.05217391304347826 0.027298850574712645
pnp 0.6917874396135266 0.2801724137931034 0.03671497584541063 0.05459770114942529
npn 0.8468599033816425 0.2988505747126437 0.03768115942028986 0.05459770114942529
diode 0.1671497584541063 0.22772988505747127 0.017391304347826087 0.04454022988505747
resistor 0.542512077294686 0.28160919540229884 0.018357487922705314 0.014367816091954023
port 0.951207729468599 0.47054597701149425 0.05314009661835749 0.027298850574712645
diode 0.3859903381642512 0.11422413793103449 0.03188405797101449 0.027298850574712645
port 0.052657004830917876 0.728448275862069 0.05314009661835749 0.028735632183908046