gnd 0.8006410256410257 0.7592592592592593 0.021794871794871794 0.023148148148148147
gnd 0.1423076923076923 0.9004629629629629 0.023076923076923078 0.023148148148148147
capacitor 0.48717948717948717 0.3715277777777778 0.023076923076923078 0.02546296296296296
resistor 0.08397435897435897 0.7465277777777778 0.014102564102564103 0.05787037037037037
resistor 0.7173076923076923 0.3449074074074074 0.03461538461538462 0.027777777777777776
capacitor 0.17692307692307693 0.4699074074074074 0.01282051282051282 0.046296296296296294
gnd 0.34935897435897434 0.9016203703703703 0.021794871794871794 0.020833333333333332
resistor 0.5801282051282052 0.4340277777777778 0.03205128205128205 0.02546296296296296
resistor 0.20192307692307693 0.8692129629629629 0.014102564102564103 0.05787037037037037
capacitor 0.2602564102564103 0.8854166666666666 0.023076923076923078 0.02546296296296296
gnd 0.25961538461538464 0.9537037037037037 0.021794871794871794 0.018518518518518517
resistor 0.6153846153846154 0.8171296296296297 0.015384615384615385 0.06018518518518518
resistor 0.14358974358974358 0.7465277777777778 0.015384615384615385 0.05787037037037037
gnd 0.4371794871794872 0.9363425925925926 0.023076923076923078 0.020833333333333332
gnd 0.07307692307692308 0.4583333333333333 0.023076923076923078 0.023148148148148147
gnd 0.958974358974359 0.4398148148148148 0.023076923076923078 0.023148148148148147
resistor 0.35 0.8344907407407407 0.015384615384615385 0.05787037037037037
resistor 0.5006410256410256 0.6805555555555556 0.03205128205128205 0.023148148148148147
resistor 0.43846153846153846 0.7453703703703703 0.015384615384615385 0.05555555555555555
capacitor 0.8006410256410257 0.6527777777777778 0.026923076923076925 0.027777777777777776
gnd 0.8993589743589744 0.8125 0.02435897435897436 0.023148148148148147
resistor 0.7166666666666667 0.5231481481481481 0.03333333333333333 0.027777777777777776
resistor 0.14358974358974358 0.3726851851851852 0.015384615384615385 0.06018518518518518
gnd 0.6141025641025641 0.9016203703703703 0.023076923076923078 0.020833333333333332
capacitor 0.7564102564102564 0.41550925925925924 0.01282051282051282 0.04398148148148148
resistor 0.8358974358974359 0.5243055555555556 0.035897435897435895 0.03009259259259259
resistor 0.22628205128205128 0.6840277777777778 0.03205128205128205 0.03009259259259259
capacitor 0.07307692307692308 0.3715277777777778 0.023076923076923078 0.02546296296296296
capacitor 0.4378205128205128 0.8506944444444444 0.02435897435897436 0.02546296296296296
voltage 0.03397435897435897 0.7164351851851852 0.04230769230769231 0.0763888888888889
voltage-lines 0.9583333333333334 0.3275462962962963 0.029487179487179487 0.04861111111111111
resistor 0.20192307692307693 0.5821759259259259 0.014102564102564103 0.05324074074074074
gnd 0.2012820512820513 0.9548611111111112 0.023076923076923078 0.020833333333333332
resistor 0.3096153846153846 0.5324074074074074 0.016666666666666666 0.06018518518518518
npn 0.4858974358974359 0.5046296296296297 0.038461538461538464 0.06944444444444445
npn 0.6141025641025641 0.5578703703703703 0.038461538461538464 0.06944444444444445
npn 0.9 0.7175925925925926 0.038461538461538464 0.06944444444444445
pnp 0.6833333333333333 0.7361111111111112 0.038461538461538464 0.06944444444444445
pnp 0.5448717948717948 0.27314814814814814 0.038461538461538464 0.06944444444444445
pnp 0.8987179487179487 0.16666666666666666 0.038461538461538464 0.06944444444444445
npn 0.6820512820512821 0.2199074074074074 0.038461538461538464 0.06944444444444445
npn 0.308974358974359 0.6828703703703703 0.038461538461538464 0.06944444444444445
npn 0.3974358974358974 0.6805555555555556 0.038461538461538464 0.06944444444444445