npn 0.5287037037037037 0.30617283950617286 0.053703703703703705 0.13333333333333333
voltage 0.4666666666666667 0.7691358024691358 0.06296296296296296 0.08641975308641975
resistor 0.35833333333333334 0.15925925925925927 0.03888888888888889 0.0962962962962963
gnd 0.2222222222222222 0.2345679012345679 0.05185185185185185 0.03950617283950617
gnd 0.11666666666666667 0.5580246913580247 0.05185185185185185 0.03950617283950617
gnd 0.4685185185185185 0.8839506172839506 0.05185185185185185 0.03950617283950617
gnd 0.6833333333333333 0.7037037037037037 0.05185185185185185 0.03950617283950617
gnd 0.8462962962962963 0.5604938271604938 0.05185185185185185 0.03950617283950617
port 0.13425925925925927 0.27037037037037037 0.053703703703703705 0.07160493827160494
port 0.562037037037037 0.20123456790123456 0.046296296296296294 0.07160493827160494
port 0.562962962962963 0.3419753086419753 0.044444444444444446 0.07654320987654321
port 0.8703703703703703 0.3432098765432099 0.07407407407407407 0.07901234567901234
voltage 0.22314814814814815 0.12222222222222222 0.05740740740740741 0.08148148148148149
voltage 0.11574074074074074 0.4444444444444444 0.05740740740740741 0.07901234567901234
resistor 0.8462962962962963 0.44938271604938274 0.040740740740740744 0.09876543209876543
capacitor 0.7092592592592593 0.37407407407407406 0.02962962962962963 0.08641975308641975
capacitor 0.3055555555555556 0.30246913580246915 0.022222222222222223 0.09135802469135802
resistor 0.1685185185185185 0.2975308641975309 0.07407407407407407 0.056790123456790124
resistor 0.5481481481481482 0.48271604938271606 0.040740740740740744 0.0962962962962963
resistor 0.35833333333333334 0.4777777777777778 0.03888888888888889 0.0962962962962963