nmos 0.2623126338329764 0.765658747300216 0.10492505353319058 0.13174946004319654
gnd 0.5053533190578159 0.9665226781857451 0.09421841541755889 0.04967602591792657
nmos 0.6638115631691649 0.7667386609071274 0.11134903640256959 0.13390928725701945
port 0.5717344753747323 0.6047516198704104 0.021413276231263382 0.02159827213822894
port 0.5706638115631691 0.765658747300216 0.023554603854389723 0.023758099352051837
port 0.5717344753747323 0.4103671706263499 0.017130620985010708 0.017278617710583154
port 0.8490364025695931 0.5043196544276458 0.04068522483940043 0.04103671706263499
nmos 0.6638115631691649 0.603671706263499 0.10706638115631692 0.13174946004319654
pmos 0.6659528907922913 0.40712742980561556 0.10278372591006424 0.13174946004319654
port 0.5064239828693791 0.04967602591792657 0.04068522483940043 0.04319654427645788
pmos 0.25910064239828695 0.22894168466522677 0.10278372591006424 0.12958963282937366
pmos 0.6648822269807281 0.22786177105831534 0.10492505353319058 0.13174946004319654
port 0.09850107066381156 0.7667386609071274 0.03854389721627409 0.038876889848812095
port 0.12955032119914348 0.22894168466522677 0.014989293361884369 0.017278617710583154