resistor 0.6617954070981211 0.7746305418719212 0.025052192066805846 0.07142857142857142
npn 0.6503131524008351 0.5024630541871922 0.031315240083507306 0.06403940886699508
resistor 0.27244258872651356 0.11206896551724138 0.022964509394572025 0.0665024630541872
voltage 0.03549060542797495 0.7992610837438424 0.0709812108559499 0.08620689655172414
capacitor 0.09394572025052192 0.5825123152709359 0.020876826722338204 0.046798029556650245
resistor 0.662839248434238 0.17364532019704434 0.022964509394572025 0.0665024630541872
resistor 0.9665970772442589 0.5923645320197044 0.025052192066805846 0.0665024630541872
capacitor 0.8225469728601252 0.22167487684729065 0.020876826722338204 0.04433497536945813
resistor 0.27348643006263046 0.37561576354679804 0.025052192066805846 0.0665024630541872
capacitor 0.7943632567849687 0.7733990147783252 0.03966597077244259 0.024630541871921183
resistor 0.27348643006263046 0.7758620689655172 0.025052192066805846 0.06896551724137931
gnd 0.964509394572025 0.9876847290640394 0.037578288100208766 0.024630541871921183
resistor 0.03549060542797495 0.6539408866995073 0.025052192066805846 0.0665024630541872
vdd 0.9613778705636743 0.008620689655172414 0.07724425887265135 0.017241379310344827