resistor 0.7989811912225705 0.6507394766780432 0.02586206896551724 0.07281001137656427
gnd 0.49216300940438873 0.3594994311717861 0.02664576802507837 0.02502844141069397
resistor 0.45572100313479624 0.47440273037542663 0.04623824451410658 0.03640500568828214
pnp 0.39184952978056425 0.22866894197952217 0.04075235109717868 0.09556313993174062
capacitor 0.18691222570532914 0.7053469852104665 0.02586206896551724 0.015927189988623434
resistor 0.40830721003134796 0.3447098976109215 0.02664576802507837 0.07281001137656427
voltage 0.9455329153605015 0.20534698521046643 0.04623824451410658 0.0671217292377702
resistor 0.4917711598746082 0.2821387940841866 0.02586206896551724 0.06825938566552901
capacitor 0.14380877742946707 0.42889647326507396 0.011755485893416929 0.03640500568828214
resistor 0.7989811912225705 0.4812286689419795 0.02586206896551724 0.07053469852104664
gnd 0.79858934169279 0.9118316268486917 0.02821316614420063 0.023890784982935155
gnd 0.18612852664576804 0.7753128555176336 0.0274294670846395 0.023890784982935155
resistor 0.4549373040752351 0.12116040955631399 0.04467084639498432 0.03754266211604096
port 0.603448275862069 0.47554038680318544 0.018808777429467086 0.040955631399317405
resistor 0.49843260188087773 0.6592718998862344 0.048589341692789965 0.03754266211604096
inductor 0.1841692789968652 0.5887372013651877 0.0219435736677116 0.080773606370876
resistor 0.6822100313479624 0.5591581342434585 0.024294670846394983 0.06939704209328783
gnd 0.5869905956112853 0.25312855517633676 0.02664576802507837 0.023890784982935155
resistor 0.6829937304075235 0.43629124004550623 0.024294670846394983 0.0671217292377702
inductor 0.5289968652037618 0.47155858930602956 0.05799373040752351 0.03526734926052332
resistor 0.8456112852664577 0.12059158134243458 0.047021943573667714 0.03640500568828214
capacitor 0.7355015673981191 0.565415244596132 0.024294670846394983 0.01820250284414107
resistor 0.3126959247648903 0.3117178612059158 0.025078369905956112 0.07053469852104664
pnp 0.6974921630094044 0.7218430034129693 0.04075235109717868 0.1012514220705347
capacitor 0.49216300940438873 0.1825938566552901 0.025078369905956112 0.017064846416382253
capacitor 0.5877742946708464 0.1825938566552901 0.025078369905956112 0.017064846416382253
resistor 0.3123040752351097 0.1751990898748578 0.024294670846394983 0.06825938566552901
resistor 0.7978056426332288 0.78839590443686 0.025078369905956112 0.07053469852104664
resistor 0.18691222570532914 0.49658703071672355 0.02586206896551724 0.0671217292377702
npn 0.2962382445141066 0.42889647326507396 0.03918495297805643 0.10011376564277588
capacitor 0.9141849529780565 0.689419795221843 0.02586206896551724 0.01820250284414107
inductor 0.36089341692789967 0.11660978384527873 0.05877742946708464 0.03299203640500569
capacitor 0.8518808777429467 0.7804323094425484 0.025078369905956112 0.01820250284414107
gnd 0.0274294670846395 0.5910125142207053 0.02664576802507837 0.023890784982935155
gnd 0.6818181818181818 0.8498293515358362 0.029780564263322883 0.02502844141069397
resistor 0.23393416927899688 0.42775881683731515 0.04780564263322884 0.03640500568828214
port 0.9463166144200627 0.2992036405005688 0.02586206896551724 0.02502844141069397
gnd 0.7355015673981191 0.6376564277588168 0.030564263322884012 0.026166097838452786
inductor 0.5419278996865203 0.12400455062571103 0.05721003134796238 0.03185437997724687
voltage 0.02664576802507837 0.49715585893060293 0.047021943573667714 0.06825938566552901