gnd 0.8268970189701897 0.6224719101123596 0.046747967479674794 0.04719101123595506
port 0.47289972899729 0.10393258426966293 0.014905149051490514 0.02359550561797753
gnd 0.47188346883468835 0.9325842696629213 0.046747967479674794 0.04719101123595506
capacitor 0.6795392953929539 0.37134831460674156 0.02032520325203252 0.08202247191011236
npn 0.44986449864498645 0.4960674157303371 0.10975609756097561 0.17640449438202246
resistor 0.3174119241192412 0.3365168539325843 0.026422764227642278 0.08876404494382023
gnd 0.3170731707317073 0.7831460674157303 0.04742547425474255 0.04943820224719101
resistor 0.8262195121951219 0.49550561797752807 0.025067750677506776 0.08764044943820225
resistor 0.47289972899729 0.25112359550561797 0.025745257452574527 0.09101123595505618
resistor 0.47188346883468835 0.653370786516854 0.026422764227642278 0.08876404494382023
capacitor 0.6016260162601627 0.8191011235955056 0.052845528455284556 0.04044943820224719
port 0.14905149051490515 0.500561797752809 0.013550135501355014 0.02359550561797753
resistor 0.31639566395663954 0.6308988764044944 0.02710027100271003 0.08876404494382023
gnd 0.6023035230352304 0.9325842696629213 0.04742547425474255 0.04719101123595506
capacitor 0.20494579945799457 0.500561797752809 0.026422764227642278 0.08651685393258426
resistor 0.4712059620596206 0.8056179775280898 0.025067750677506776 0.08764044943820225