resistor 0.3380634390651085 0.3309659090909091 0.035058430717863104 0.13920454545454544
capacitor 0.5943238731218697 0.7457386363636364 0.04006677796327212 0.036931818181818184
gnd 0.09098497495826377 0.7940340909090909 0.045075125208681135 0.04261363636363636
capacitor 0.7595993322203672 0.6136363636363636 0.02003338898163606 0.07386363636363637
resistor 0.337228714524207 0.6903409090909091 0.0333889816360601 0.14204545454545456
resistor 0.8480801335559266 0.7542613636363636 0.0333889816360601 0.13920454545454544
nmos 0.6719532554257095 0.5142045454545454 0.08180300500834725 0.19318181818181818
capacitor 0.24958263772954925 0.5170454545454546 0.021702838063439065 0.07386363636363637
voltage 0.09098497495826377 0.6647727272727273 0.0651085141903172 0.10795454545454546
resistor 0.4766277128547579 0.2840909090909091 0.035058430717863104 0.14204545454545456
resistor 0.7053422370617696 0.7443181818181818 0.03171953255425709 0.14204545454545456
gnd 0.5951585976627712 0.9588068181818182 0.048414023372287146 0.04261363636363636
port 0.8973288814691152 0.6122159090909091 0.018363939899833055 0.03125
gnd 0.8472454090150251 0.8948863636363636 0.048414023372287146 0.03977272727272727
port 0.5208681135225376 0.08380681818181818 0.02003338898163606 0.03125
resistor 0.16277128547579298 0.5113636363636364 0.08180300500834725 0.056818181818181816
nmos 0.44156928213689484 0.515625 0.08180300500834725 0.1903409090909091
resistor 0.4766277128547579 0.7514204545454546 0.03171953255425709 0.13920454545454544