npn 0.6856925418569254 0.46926713947990545 0.0745814307458143 0.18203309692671396
gnd 0.6095890410958904 0.10520094562647754 0.0624048706240487 0.054373522458628844
port 0.89117199391172 0.36524822695035464 0.0197869101978691 0.026004728132387706
port 0.2617960426179604 0.7316784869976359 0.0182648401826484 0.030732860520094562
port 0.6126331811263318 0.7340425531914894 0.0167427701674277 0.030732860520094562
npn 0.8203957382039574 0.2576832151300236 0.0730593607305936 0.18439716312056736
npn 0.14079147640791476 0.7364066193853428 0.0715372907153729 0.1867612293144208
resistor 0.5076103500761036 0.15130023640661938 0.0410958904109589 0.1276595744680851
npn 0.5357686453576864 0.7375886524822695 0.0730593607305936 0.18912529550827423
resistor 0.3706240487062405 0.3617021276595745 0.0410958904109589 0.13238770685579196
resistor 0.7115677321156774 0.8404255319148937 0.0471841704718417 0.13002364066193853
port 0.754185692541857 0.682033096926714 0.0197869101978691 0.026004728132387706
resistor 0.439117199391172 0.9645390070921985 0.0410958904109589 0.07092198581560284
resistor 0.8485540334855404 0.8392434988179669 0.0441400304414003 0.13238770685579196
port 0.05707762557077625 0.7375886524822695 0.0197869101978691 0.028368794326241134
npn 0.3439878234398782 0.7375886524822695 0.0730593607305936 0.18439716312056736